101,84875,1,0
101,84943,2,0
101,85049,3,0
101,85071,4,0
101,84730,5,0
101,85051,6,0
101,84758,7,0
101,84733,8,0
101,84735,9,0
101,84739,10,0
101,85060,11,0
101,85057,12,0
101,84780,13,0
101,85045,14,0
101,85047,15,0
101,85042,16,0
101,84800,17,0
101,84744,18,0
101,84819,19,0
101,85147,20,0
101,85039,21,0
101,85031,22,0
101,85475,23,0
101,85036,24,0
101,84737,25,0
101,85489,26,0
101,84743,27,0
101,85527,28,0
101,84844,29,0
101,84747,30,0
101,84894,31,0
101,84749,32,0
101,84906,33,0
101,84751,34,0
101,84839,35,0
101,84925,36,0
101,84872,37,0
101,84754,38,0
101,84994,39,0
101,84141,40,0
101,84619,41,0
101,84609,42,0
101,84502,43,0
101,84598,44,0
101,84576,45,0
101,84536,46,0
101,84461,47,0
101,84460,48,0
101,84459,49,0
101,84555,50,0
101,84622,51,0
101,84623,52,0
101,84624,53,0
101,84625,54,0
101,84573,55,0
101,84394,56,0
101,84395,57,0
101,85073,58,0
101,84457,59,0
101,84614,60,0
101,85525,61,0
101,84455,62,0
101,84399,63,0
101,85012,64,0
101,84870,65,0
101,84756,66,0
101,85002,67,0
101,84930,68,0
101,84934,69,0
101,84885,70,0
101,84924,71,0
101,84840,72,0
101,85441,73,0
101,84907,74,0
101,84750,75,0
101,84893,76,0
101,84748,77,0
101,84843,78,0
101,84820,79,0
101,84745,80,0
101,84727,81,0
101,84742,82,0
101,85490,83,0
101,84738,84,0
101,85476,85,0
101,85032,86,0
101,85041,87,0
101,85148,88,0
101,84801,89,0
101,85043,90,0
101,85048,91,0
101,85046,92,0
101,84781,93,0
101,85058,94,0
101,85061,95,0
101,84741,96,0
101,84736,97,0
101,84734,98,0
101,84760,99,0
101,85052,100,0
101,84731,101,0
101,85072,102,0
101,85050,103,0
101,84945,104,0
101,85030,105,1
200,84875,1,0
200,84847,2,0
200,84762,3,0
200,84725,4,0
200,84764,5,0
200,84766,6,0
200,84768,7,0
200,85055,8,0
200,84143,9,0
200,84145,10,0
200,84147,11,0
200,84192,12,0
200,84441,13,0
200,85177,14,0
200,85179,15,0
200,85354,16,0
200,85353,17,0
200,84109,18,0
200,84626,19,0
200,84451,20,0
200,84545,21,0
200,84547,22,0
200,85352,23,0
200,84548,24,0
200,84404,25,0
200,84549,26,0
200,84405,27,0
200,84550,28,0
200,84407,29,0
200,84551,30,0
200,84466,31,0
200,84579,32,0
200,84535,33,0
200,84403,34,0
200,84604,35,0
200,84532,36,0
200,84400,37,0
200,84529,38,0
200,85755,39,0
200,84447,40,0
200,84449,41,0
200,84617,42,0
200,84558,43,0
200,84560,44,0
200,84413,45,0
200,84581,46,0
200,84415,47,0
200,84417,48,0
200,84566,49,0
200,84419,50,0
200,84584,51,0
200,84140,52,0
200,84612,53,0
200,84472,54,0
200,84422,55,0
200,84474,56,0
200,84476,57,0
200,85783,58,0
200,84465,59,0
200,84572,60,0
200,84424,61,0
200,84597,62,0
200,84537,63,0
200,84577,64,0
200,84599,65,0
200,84503,66,0
200,84610,67,0
200,84620,68,0
200,84142,69,0
200,85488,70,0
200,84789,71,0
200,84999,72,0
200,85005,73,0
200,84841,74,0
200,84837,75,1
300,84875,1,0
300,84845,2,0
300,85003,3,0
300,84997,4,0
300,84788,5,0
300,84993,6,0
300,84994,7,0
300,84141,8,0
300,84619,9,0
300,84609,10,0
300,84502,11,0
300,84598,12,0
300,84576,13,0
300,84536,14,0
300,84596,15,0
300,84423,16,0
300,84571,17,0
300,84468,18,0
300,84477,19,0
300,84475,20,0
300,84421,21,0
300,84473,22,0
300,84471,23,0
300,84570,24,0
300,84420,25,0
300,84568,26,0
300,84418,27,0
300,84416,28,0
300,84582,29,0
300,84414,30,0
300,84562,31,0
300,84559,32,0
300,84464,33,0
300,84448,34,0
300,84531,35,0
300,85756,36,0
300,84357,37,0
300,84401,38,0
300,84533,39,0
300,84603,40,0
300,84402,41,0
300,84534,42,0
300,84580,43,0
300,84446,44,0
300,84539,45,0
300,84543,46,0
300,84548,47,0
300,84404,48,0
300,84549,49,0
300,84405,50,0
300,84550,51,0
300,84407,52,0
300,84551,53,0
300,84546,54,0
300,84544,55,0
300,84452,56,0
300,84627,57,0
300,84361,58,0
300,84362,59,0
300,85773,60,0
300,85183,61,0
300,85054,62,0
300,84767,63,0
300,84765,64,0
300,84763,65,0
300,84724,66,0
300,84761,67,0
300,84848,68,1
500,84875,1,0
500,84946,2,0
500,85064,3,0
500,84769,4,0
500,84949,5,0
500,84862,6,0
500,84860,7,0
500,85784,8,0
500,84771,9,0
500,84773,10,0
500,84957,11,0
500,84099,12,0
500,85454,13,0
500,84955,14,0
500,84776,15,0
500,84857,16,0
500,84959,17,0
500,84854,18,0
500,84778,19,0
500,84782,20,0
500,84961,21,0
500,85069,22,0
500,84090,23,0
500,84786,24,0
500,84852,25,0
500,84880,26,0
500,84968,27,0
500,84970,28,0
500,84020,29,0
500,84008,30,0
500,84013,31,0
500,85521,32,0
500,85493,33,0
500,85808,34,0
500,85491,35,0
500,85501,36,0
500,84018,37,0
500,84056,38,0
500,85492,39,0
500,85520,40,0
500,84006,41,0
500,84014,42,0
500,84009,43,0
500,84021,44,0
500,84969,45,0
500,84882,46,0
500,84967,47,0
500,84966,48,0
500,84853,49,0
500,84787,50,0
500,84785,51,0
500,84091,52,0
500,85070,53,0
500,84962,54,0
500,84783,55,0
500,84779,56,0
500,84855,57,0
500,84960,58,0
500,84856,59,0
500,84777,60,0
500,84956,61,0
500,85455,62,0
500,84100,63,0
500,84958,64,0
500,84774,65,0
500,84772,66,0
500,85785,67,0
500,84861,68,0
500,84863,69,0
500,84950,70,0
500,84770,71,0
500,85065,72,0
500,85539,73,1
800,84875,1,0
800,84816,2,0
800,85020,3,0
800,84849,4,0
800,84974,5,0
800,84976,6,0
800,85786,7,0
800,84887,8,0
800,84978,9,0
800,84792,10,0
800,84980,11,0
800,84851,12,0
800,85015,13,0
800,84817,14,0
800,84821,15,0
800,84981,16,0
800,85054,17,0
800,84767,18,0
800,84765,19,0
800,84763,20,0
800,84724,21,0
800,84761,22,0
800,84848,23,0
800,84943,24,0
800,84804,25,0
800,84806,26,0
800,84984,27,0
800,84986,28,0
800,84808,29,0
800,84810,30,0
800,84988,31,0
800,84823,32,0
800,84991,33,0
800,84825,34,0
800,84740,35,0
800,85060,36,0
800,85057,37,0
800,84827,38,0
800,84995,39,0
800,85478,40,0
800,84829,41,0
800,84831,42,0
800,84833,43,0
800,85004,44,0
800,84812,45,0
800,84814,46,0
800,84811,47,0
800,84809,48,0
800,84987,49,0
800,84985,50,0
800,84807,51,0
800,84805,52,0
800,84944,53,0
800,85030,54,0
800,84847,55,0
800,84762,56,0
800,84725,57,0
800,84764,58,0
800,84766,59,0
800,84768,60,0
800,85055,61,0
800,84982,62,0
800,84822,63,0
800,84818,64,0
800,85017,65,0
800,85008,66,0
800,84979,67,0
800,84791,68,0
800,84977,69,0
800,84886,70,0
800,85787,71,0
800,84975,72,0
800,84874,73,0
800,84850,74,0
800,85019,75,0
800,84815,76,0
800,84908,77,1
900,85509,1,0
900,84254,2,0
900,84255,3,0
900,85511,4,0
900,85532,5,0
900,84035,6,0
900,84036,7,0
900,84037,8,0
900,84256,9,0
900,84258,10,0
900,84260,11,0
900,85502,12,0
900,85510,13,0
900,84039,14,0
900,85512,15,0
900,85513,16,0
900,85779,17,0
900,85514,18,0
900,85515,19,0
900,85516,20,0
900,84262,21,0
900,84876,22,0
900,84877,23,0
900,84898,24,0
900,84878,25,0
900,84014,26,0
900,84009,27,0
900,84021,28,0
900,84969,29,0
900,84882,30,0
900,84967,31,0
900,84966,32,0
900,84853,33,0
900,84787,34,0
900,84785,35,0
900,84091,36,0
900,84092,37,0
900,84900,38,0
900,84726,39,0
900,85782,40,0
900,84728,41,0
900,85117,42,0
900,85144,43,0
900,85146,44,0
900,85153,45,0
900,85041,46,0
900,85148,47,0
900,84801,48,0
900,84265,49,0
900,84266,50,0
900,84267,51,0
900,84273,52,0
900,84102,53,0
900,84274,54,0
900,84752,55,0
900,84275,56,0
900,84277,57,0
900,84861,58,0
900,84863,59,0
900,84950,60,0
900,84770,61,0
900,85065,62,0
900,85539,63,0
900,84875,64,1
901,84875,1,0
901,84946,2,0
901,85064,3,0
901,84769,4,0
901,84949,5,0
901,84862,6,0
901,84860,7,0
901,85784,8,0
901,84278,9,0
901,84753,10,0
901,84280,11,0
901,84101,12,0
901,84282,13,0
901,84284,14,0
901,84286,15,0
901,84290,16,0
901,84291,17,0
901,85147,18,0
901,85039,19,0
901,85031,20,0
901,85145,21,0
901,85143,22,0
901,84726,23,0
901,85782,24,0
901,84728,25,0
901,85117,26,0
901,84901,27,0
901,84096,28,0
901,84097,29,0
901,84784,30,0
901,84786,31,0
901,84852,32,0
901,84880,33,0
901,84968,34,0
901,84970,35,0
901,84020,36,0
901,84008,37,0
901,84013,38,0
901,84879,39,0
901,84899,40,0
901,84884,41,0
901,84881,42,0
901,84883,43,0
901,84293,44,0
901,84294,45,0
901,85504,46,0
901,85505,47,0
901,85778,48,0
901,85506,49,0
901,85507,50,0
901,84034,51,0
901,85531,52,0
901,85552,53,0
901,85553,54,0
901,85554,55,0
901,85545,56,0
901,85546,57,0
901,85547,58,0
901,85548,59,0
901,85549,60,0
901,85550,61,0
901,85510,62,0
901,85508,63,0
901,84303,64,0
901,84310,65,0
901,85519,66,1
1100,84875,1,0
1100,84847,2,0
1100,84762,3,0
1100,84725,4,0
1100,84764,5,0
1100,84766,6,0
1100,84768,7,0
1100,85055,8,0
1100,84143,9,0
1100,84145,10,0
1100,84147,11,0
1100,85499,12,0
1100,85774,13,0
1100,84150,14,0
1100,85788,15,0
1100,84211,16,0
1100,84152,17,0
1100,84196,18,0
1100,84153,19,0
1100,84155,20,0
1100,84064,21,0
1100,84137,22,0
1100,84159,23,0
1100,85523,24,0
1100,84070,25,0
1100,84161,26,0
1100,85541,27,0
1100,84163,28,0
1100,84072,29,0
1100,85255,30,0
1100,84166,31,0
1100,84168,32,0
1100,84083,33,0
1100,84170,34,0
1100,84085,35,0
1100,84087,36,0
1100,84172,37,0
1100,84089,38,0
1100,85094,39,0
1100,84199,40,0
1100,85092,41,0
1100,85099,42,0
1100,85106,43,0
1100,85095,44,0
1100,85775,45,0
1100,85097,46,0
1100,85104,47,0
1100,85082,48,0
1100,84120,49,0
1100,84181,50,0
1100,84115,51,0
1100,85244,52,0
1100,85084,53,0
1100,85251,54,0
1100,85086,55,0
1100,85253,56,0
1100,84125,57,0
1100,85776,58,0
1100,85089,59,0
1100,84797,60,0
1100,85100,61,0
1100,85103,62,0
1100,85018,63,1
1101,85016,1,0
1101,85102,2,0
1101,85013,3,0
1101,84796,4,0
1101,85093,5,0
1101,84122,6,0
1101,84124,7,0
1101,85252,8,0
1101,85086,9,0
1101,85112,10,0
1101,85085,11,0
1101,85245,12,0
1101,84114,13,0
1101,84180,14,0
1101,84121,15,0
1101,85083,16,0
1101,85240,17,0
1101,85098,18,0
1101,85777,19,0
1101,85096,20,0
1101,85107,21,0
1101,85268,22,0
1101,85089,23,0
1101,85091,24,0
1101,85282,25,0
1101,84098,26,0
1101,84088,27,0
1101,84171,28,0
1101,84086,29,0
1101,84084,30,0
1101,84169,31,0
1101,84082,32,0
1101,84165,33,0
1101,85256,34,0
1101,84077,35,0
1101,85259,36,0
1101,84162,37,0
1101,85540,38,0
1101,84160,39,0
1101,84068,40,0
1101,85522,41,0
1101,84157,42,0
1101,84136,43,0
1101,85088,44,0
1101,85101,45,0
1101,85109,46,0
1101,85281,47,0
1101,84151,48,0
1101,84210,49,0
1101,85789,50,0
1101,84149,51,0
1101,84198,52,0
1101,85498,53,0
1101,84148,54,0
1101,84146,55,0
1101,84144,56,0
1101,85054,57,0
1101,84767,58,0
1101,84765,59,0
1101,84763,60,0
1101,84724,61,0
1101,84761,62,0
1101,84848,63,0
1101,84875,64,1
1400,84307,1,0
1400,84305,2,0
1400,84253,3,0
1400,84479,4,0
1400,84292,5,0
1400,84261,6,0
1400,84295,7,0
1400,84297,8,0
1400,84299,9,0
1400,84301,10,0
1400,84248,11,0
1400,84264,12,0
1400,84316,13,0
1400,84245,14,0
1400,84285,15,0
1400,84312,16,0
1400,84333,17,0
1400,84351,18,0
1400,84335,19,0
1400,85791,20,0
1400,84338,21,0
1400,84340,22,0
1400,85845,23,0
1400,85034,24,0
1400,84836,25,0
1400,84363,26,0
1400,84865,27,0
1400,85026,28,0
1400,84870,29,0
1400,84756,30,0
1400,85002,31,0
1400,84930,32,0
1400,84934,33,0
1400,84885,34,0
1400,84924,35,0
1400,84872,36,0
1400,84754,37,0
1400,85488,38,0
1400,84789,39,0
1400,84999,40,0
1400,85005,41,0
1400,84841,42,0
1400,84837,43,0
1400,84875,44,1
1401,84875,1,0
1401,84845,2,0
1401,85003,3,0
1401,84997,4,0
1401,84788,5,0
1401,84993,6,0
1401,84790,7,0
1401,84923,8,0
1401,84757,9,0
1401,84933,10,0
1401,84929,11,0
1401,85001,12,0
1401,84755,13,0
1401,85011,14,0
1401,85025,15,0
1401,84864,16,0
1401,84866,17,0
1401,84364,18,0
1401,84835,19,0
1401,85033,20,0
1401,84238,21,0
1401,84343,22,0
1401,84339,23,0
1401,84337,24,0
1401,85790,25,0
1401,84334,26,0
1401,84336,27,0
1401,84332,28,0
1401,84309,29,0
1401,85691,30,0
1401,85686,31,0
1401,85692,32,0
1401,85687,33,0
1401,85699,34,0
1401,85698,35,0
1401,85697,36,0
1401,85696,37,0
1401,85689,38,0
1401,85695,39,0
1401,85705,40,0
1401,84488,41,0
1401,84307,42,1
1700,84875,1,0
1700,84845,2,0
1700,85003,3,0
1700,84997,4,0
1700,84788,5,0
1700,84993,6,0
1700,84790,7,0
1700,84923,8,0
1700,84757,9,0
1700,84933,10,0
1700,84929,11,0
1700,85001,12,0
1700,84755,13,0
1700,85011,14,0
1700,85025,15,0
1700,84864,16,0
1700,84866,17,0
1700,84364,18,0
1700,84365,19,0
1700,84366,20,0
1700,84270,21,0
1700,84367,22,0
1700,84368,23,0
1700,84268,24,0
1700,84281,25,0
1700,84344,26,0
1700,84066,27,0
1700,84315,28,0
1700,84341,29,0
1700,84353,30,0
1700,84342,31,0
1700,84257,32,0
1700,85309,33,0
1700,84289,34,0
1700,85694,35,0
1700,84259,36,0
1700,84488,37,0
1700,84308,38,0
1700,84250,39,0
1700,84063,40,0
1700,84249,41,0
1700,84069,42,0
1700,84074,43,0
1700,84271,44,0
1700,84287,45,0
1700,84346,46,0
1700,84331,47,0
1700,84350,48,0
1700,84356,49,0
1700,84355,50,0
1700,84358,51,0
1700,84360,52,0
1700,84235,53,0
1700,85116,54,0
1700,85794,55,0
1700,84304,56,0
1700,84237,57,0
1700,84241,58,0
1700,84321,59,0
1700,84323,60,0
1700,84325,61,0
1700,84243,62,1
1701,84242,1,0
1701,84324,2,0
1701,84322,3,0
1701,84320,4,0
1701,84263,5,0
1701,84236,6,0
1701,84302,7,0
1701,85793,8,0
1701,85115,9,0
1701,84233,10,0
1701,84359,11,0
1701,84354,12,0
1701,84355,13,0
1701,84358,14,0
1701,84348,15,0
1701,84330,16,0
1701,84347,17,0
1701,84288,18,0
1701,84272,19,0
1701,84306,20,0
1701,84308,21,0
1701,84250,22,0
1701,84063,23,0
1701,84249,24,0
1701,84069,25,0
1701,84074,26,0
1701,84253,27,0
1701,84479,28,0
1701,85707,29,0
1701,85693,30,0
1701,85704,31,0
1701,85688,32,0
1701,85701,33,0
1701,84352,34,0
1701,85700,35,0
1701,85706,36,0
1701,84065,37,0
1701,84067,38,0
1701,84296,39,0
1701,84300,40,0
1701,84318,41,0
1701,84279,42,0
1701,84239,43,0
1701,84276,44,0
1701,84319,45,0
1701,85792,46,0
1701,84865,47,0
1701,85026,48,0
1701,84870,49,0
1701,84756,50,0
1701,85002,51,0
1701,84930,52,0
1701,84934,53,0
1701,84885,54,0
1701,84924,55,0
1701,84872,56,0
1701,84754,57,0
1701,85488,58,0
1701,84789,59,0
1701,84999,60,0
1701,85005,61,0
1701,84841,62,0
1701,84837,63,0
1701,84875,64,1
1801,85782,1,0
1801,85597,2,0
1801,84017,3,0
1801,85449,4,0
1801,84105,5,0
1801,84106,6,0
1801,84107,7,0
1801,84108,8,0
1801,84012,9,0
1801,84914,10,0
1801,84728,11,0
1801,84889,12,0
1801,85128,13,0
1801,84892,14,0
1801,85536,15,0
1801,85448,16,0
1801,84932,17,0
1801,84928,18,0
1801,84935,19,0
1801,84885,20,0
1801,84924,21,0
1801,84872,22,0
1801,84754,23,0
1801,85488,24,0
1801,84789,25,0
1801,85810,26,0
1801,84079,27,0
1801,85795,28,0
1801,84131,29,0
1801,84186,30,0
1801,84188,31,0
1801,84129,32,0
1801,84190,33,0
1801,84126,34,0
1801,84201,35,0
1801,84841,36,0
1801,84837,37,0
1801,84875,38,1
1802,84875,1,0
1802,84943,2,0
1802,85049,3,0
1802,85071,4,0
1802,84730,5,0
1802,85051,6,0
1802,84758,7,0
1802,84733,8,0
1802,84735,9,0
1802,84739,10,0
1802,85060,11,0
1802,85057,12,0
1802,84780,13,0
1802,85045,14,0
1802,85047,15,0
1802,85042,16,0
1802,84800,17,0
1802,85147,18,0
1802,85039,19,0
1802,85031,20,0
1802,85145,21,0
1802,85143,22,0
1802,85482,23,0
1802,84726,24,0
1802,85782,25,1
1900,84875,1,0
1900,84937,2,0
1900,84041,3,0
1900,84629,4,0
1900,85797,5,0
1900,84637,6,0
1900,84000,7,1
1901,84000,1,0
1901,84636,2,0
1901,85798,3,0
1901,84628,4,0
1901,84040,5,0
1901,84936,6,0
1901,84875,7,1
2000,84875,1,0
2000,84847,2,0
2000,84762,3,0
2000,84725,4,0
2000,84764,5,0
2000,84766,6,0
2000,84768,7,0
2000,85055,8,0
2000,84143,9,0
2000,84145,10,0
2000,84147,11,0
2000,84192,12,0
2000,84441,13,0
2000,85177,14,0
2000,85179,15,0
2000,85354,16,0
2000,84443,17,0
2000,84589,18,0
2000,84528,19,0
2000,85755,20,0
2000,84447,21,0
2000,84449,22,0
2000,84617,23,0
2000,84558,24,0
2000,85799,25,0
2000,84554,26,0
2000,84586,27,0
2000,84408,28,0
2000,84409,29,0
2000,85356,30,0
2000,84467,31,1
2001,84467,1,0
2001,85357,2,0
2001,84410,3,0
2001,84557,4,0
2001,84587,5,0
2001,84553,6,0
2001,85800,7,0
2001,85806,8,0
2001,84464,9,0
2001,84448,10,0
2001,84531,11,0
2001,85756,12,0
2001,84530,13,0
2001,84590,14,0
2001,85772,15,0
2001,85773,16,0
2001,85183,17,0
2001,85358,18,0
2001,84193,19,0
2001,84148,20,0
2001,84146,21,0
2001,84144,22,0
2001,85054,23,0
2001,84767,24,0
2001,84765,25,0
2001,84763,26,0
2001,84724,27,0
2001,84761,28,0
2001,84847,29,0
2001,84875,30,1
2300,84875,1,0
2300,84845,2,0
2300,85003,3,0
2300,84997,4,0
2300,84788,5,0
2300,84993,6,0
2300,84790,7,0
2300,84923,8,0
2300,83712,9,0
2300,84697,10,1
2301,84697,1,0
2301,83711,2,0
2301,84924,3,0
2301,84872,4,0
2301,84754,5,0
2301,85488,6,0
2301,84789,7,0
2301,84999,8,0
2301,85005,9,0
2301,84841,10,0
2301,84837,11,0
2301,84875,12,1
2500,84875,1,0
2500,84937,2,0
2500,84390,3,0
2500,84667,4,0
2500,84634,5,0
2500,84669,6,0
2500,84632,7,0
2500,84630,8,0
2500,84649,9,0
2500,84656,10,1
2501,84657,1,0
2501,84650,2,0
2501,84631,3,0
2501,84633,4,0
2501,84670,5,0
2501,84635,6,0
2501,84668,7,0
2501,84671,8,0
2501,84672,9,0
2501,84393,10,0
2501,84936,11,0
2501,84875,12,1
2700,84875,1,0
2700,84847,2,0
2700,84762,3,0
2700,84725,4,0
2700,84764,5,0
2700,84766,6,0
2700,84768,7,0
2700,85055,8,0
2700,84143,9,0
2700,84145,10,0
2700,84147,11,0
2700,84192,12,0
2700,84441,13,0
2700,85526,14,0
2700,84053,15,0
2700,84110,16,0
2700,85802,17,0
2700,84042,18,0
2700,84054,19,0
2700,84044,20,0
2700,84142,21,0
2700,84019,22,0
2700,84790,23,0
2700,84840,24,0
2700,85441,25,0
2700,84046,26,0
2700,85490,27,0
2700,84738,28,0
2700,84048,29,0
2700,84050,30,0
2700,84726,31,0
2700,85782,32,1
2701,85782,1,0
2701,84728,2,0
2701,85117,3,0
2701,84047,4,0
2701,84049,5,0
2701,84051,6,0
2701,85489,7,0
2701,84743,8,0
2701,84052,9,0
2701,84839,10,0
2701,84925,11,0
2701,84872,12,0
2701,84754,13,0
2701,84994,14,0
2701,84141,15,0
2701,84045,16,0
2701,84055,17,0
2701,84043,18,0
2701,84252,19,0
2701,84111,20,0
2701,84057,21,0
2701,84251,22,0
2701,85518,23,0
2701,85358,24,0
2701,84193,25,0
2701,84148,26,0
2701,84146,27,0
2701,84144,28,0
2701,85054,29,0
2701,84767,30,0
2701,84765,31,0
2701,84763,32,0
2701,84724,33,0
2701,84761,34,0
2701,84848,35,0
2701,84875,36,1
3000,84875,1,0
3000,84937,2,0
3000,84025,3,0
3000,84027,4,0
3000,84023,5,0
3000,85078,6,1
3001,88643,1,0
3001,84022,2,0
3001,84026,3,0
3001,84024,4,0
3001,84936,5,0
3001,84875,6,1
4000,85495,1,0
4000,85497,2,0
4000,84083,3,0
4000,84170,4,0
4000,84085,5,0
4000,84087,6,0
4000,84172,7,0
4000,84089,8,0
4000,84830,9,0
4000,85013,10,0
4000,84796,11,0
4000,85093,12,0
4000,85099,13,0
4000,85106,14,0
4000,85095,15,0
4000,85775,16,0
4000,85097,17,0
4000,85104,18,0
4000,85082,19,0
4000,84120,20,0
4000,84181,21,0
4000,84115,22,0
4000,85244,23,0
4000,85084,24,0
4000,85251,25,0
4000,85086,26,0
4000,85253,27,0
4000,84125,28,0
4000,85078,29,1
4001,88643,1,0
4001,84830,2,0
4001,85013,3,0
4001,84796,4,0
4001,85093,5,0
4001,84122,6,0
4001,84124,7,0
4001,85252,8,0
4001,85086,9,0
4001,85112,10,0
4001,85085,11,0
4001,85245,12,0
4001,84114,13,0
4001,84180,14,0
4001,84121,15,0
4001,85083,16,0
4001,85240,17,0
4001,85098,18,0
4001,85777,19,0
4001,85096,20,0
4001,85107,21,0
4001,85268,22,0
4001,85089,23,0
4001,85500,24,0
4001,84171,25,0
4001,84086,26,0
4001,84084,27,0
4001,84169,28,0
4001,84082,29,0
4001,84167,30,0
4001,85495,31,1
4100,84994,1,0
4100,84141,2,0
4100,84619,3,0
4100,84609,4,0
4100,84502,5,0
4100,84598,6,0
4100,84576,7,0
4100,84536,8,0
4100,84461,9,0
4100,84460,10,0
4100,84459,11,0
4100,84555,12,0
4100,84622,13,0
4100,84623,14,0
4100,84624,15,0
4100,84625,16,0
4100,84573,17,0
4100,84394,18,0
4100,84395,19,0
4100,85073,20,0
4100,84457,21,0
4100,84614,22,0
4100,85525,23,0
4100,84455,24,0
4100,84399,25,0
4100,85012,26,0
4100,84870,27,0
4100,84756,28,0
4100,85002,29,0
4100,84930,30,0
4100,84934,31,0
4100,84885,32,0
4100,84924,33,0
4100,84840,34,0
4100,85441,35,0
4100,84907,36,0
4100,84750,37,0
4100,84893,38,0
4100,84748,39,0
4100,84843,40,0
4100,84820,41,0
4100,84745,42,0
4100,84727,43,0
4100,84742,44,0
4100,85490,45,0
4100,84738,46,0
4100,85035,47,0
4100,85476,48,0
4100,85032,49,0
4100,85041,50,0
4100,85148,51,0
4100,84801,52,0
4100,85043,53,0
4100,85048,54,0
4100,85046,55,0
4100,84781,56,0
4100,85058,57,0
4100,85061,58,0
4100,84741,59,0
4100,84736,60,0
4100,84734,61,0
4100,84760,62,0
4100,85052,63,0
4100,84731,64,0
4100,85072,65,0
4100,85050,66,0
4100,84945,67,0
4100,85030,68,0
4100,84875,69,1
14000,85495,1,0
14000,85497,2,0
14000,84083,3,0
14000,84170,4,0
14000,84085,5,0
14000,84087,6,0
14000,84172,7,0
14000,84089,8,0
14000,84830,9,0
14000,85013,10,0
14000,84796,11,0
14000,85093,12,0
14000,85099,13,0
14000,85106,14,0
14000,85095,15,0
14000,85775,16,0
14000,85097,17,0
14000,85104,18,0
14000,85082,19,0
14000,84120,20,0
14000,84181,21,0
14000,84115,22,0
14000,85244,23,0
14000,85084,24,0
14000,85251,25,0
14000,85803,26,0
14000,85079,27,0
14000,85077,28,0
14000,84702,29,0
14000,85087,30,0
14000,85086,31,0
14000,85253,32,0
14000,84125,33,0
14000,85078,34,1
14001,88643,1,0
14001,84702,2,0
14001,85080,3,0
14001,85087,4,0
14001,85086,5,0
14001,85112,6,0
14001,85085,7,0
14001,85245,8,0
14001,84114,9,0
14001,84180,10,0
14001,84121,11,0
14001,85083,12,0
14001,85240,13,0
14001,85098,14,0
14001,85777,15,0
14001,85096,16,0
14001,85107,17,0
14001,85268,18,0
14001,85089,19,0
14001,84830,20,0
14001,85013,21,0
14001,84796,22,0
14001,85093,23,0
14001,84122,24,0
14001,84124,25,0
14001,85252,26,0
14001,85500,27,0
14001,84171,28,0
14001,84086,29,0
14001,84084,30,0
14001,84169,31,0
14001,84082,32,0
14001,84167,33,0
14001,85495,34,1
40300,84994,1,0
40300,84141,2,0
40300,84619,3,0
40300,84609,4,0
40300,84502,5,0
40300,84598,6,0
40300,84576,7,0
40300,84536,8,0
40300,84461,9,0
40300,84460,10,0
40300,84459,11,0
40300,84555,12,0
40300,84622,13,0
40300,84623,14,0
40300,84624,15,0
40300,84625,16,0
40300,84381,17,0
40300,84383,18,0
40300,84468,19,0
40300,84477,20,0
40300,84475,21,0
40300,84421,22,0
40300,84473,23,0
40300,84471,24,0
40300,84570,25,0
40300,84420,26,0
40300,84568,27,0
40300,85765,28,0
40300,84016,29,0
40300,84103,30,0
40300,85766,31,0
40300,85767,32,0
40300,85768,33,0
40300,85805,34,0
40300,85769,35,0
40300,85753,36,0
40300,85770,37,0
40300,85771,38,0
40300,85755,39,0
40300,84447,40,0
40300,84002,41,0
40300,84001,42,0
40300,84580,43,0
40300,84446,44,0
40300,84539,45,0
40300,84543,46,0
40300,84546,47,0
40300,84544,48,0
40300,84452,49,0
40300,84627,50,0
40300,84700,51,1
40301,84700,1,0
40301,84626,2,0
40301,84451,3,0
40301,84545,4,0
40301,84547,5,0
40301,85352,6,0
40301,84466,7,0
40301,84579,8,0
40301,84033,9,0
40301,84031,10,0
40301,84032,11,0
40301,85756,12,0
40301,84530,13,0
40301,85758,14,0
40301,85754,15,0
40301,85759,16,0
40301,85804,17,0
40301,85760,18,0
40301,85761,19,0
40301,85762,20,0
40301,84104,21,0
40301,84004,22,0
40301,85763,23,0
40301,85764,24,0
40301,84419,25,0
40301,84584,26,0
40301,84140,27,0
40301,84612,28,0
40301,84472,29,0
40301,84422,30,0
40301,84474,31,0
40301,84476,32,0
40301,85783,33,0
40301,84465,34,0
40301,84572,35,0
40301,84382,36,0
40301,84384,37,0
40301,84385,38,0
40301,84386,39,0
40301,84387,40,0
40301,84058,41,0
40301,84059,42,0
40301,84060,43,0
40301,84061,44,0
40301,84062,45,0
40301,84577,46,0
40301,84599,47,0
40301,84503,48,0
40301,84610,49,0
40301,84620,50,0
40301,84142,51,0
40301,84019,52,1
50000,85074,1,0
50000,84700,2,1
50001,84700,1,0
50001,85078,2,1
50100,85074,1,0
50100,84702,2,1
50101,84702,1,0
50101,85078,2,1
50200,85074,1,0
50200,87577,2,1
50201,87577,1,0
50201,85078,2,1
202500,84875,1,0
202500,84937,2,0
202500,84390,3,0
202500,84671,4,0
202500,84672,5,0
202500,84393,6,0
202500,84936,7,1
2000600,84592,1,0
2000600,84433,2,0
2000600,84524,3,0
2000600,84435,4,0
2000600,85189,5,0
2000600,84517,6,0
2000600,84497,7,0
2000600,84463,8,0
2000600,84437,9,0
2000600,84507,10,0
2000600,84511,11,0
2000600,84509,12,0
2000600,84601,13,0
2000600,84602,14,0
2000600,84506,15,0
2000600,85359,16,0
2000600,85076,17,0
2000600,85360,18,0
2000600,84500,19,0
2000600,84462,20,0
2000600,84498,21,0
2000600,84495,22,0
2000600,84483,23,0
2000600,84454,24,0
2000600,84439,25,0
2000600,84438,26,0
2000600,84425,27,1
2000601,84439,1,0
2000601,84438,2,0
2000601,84425,3,0
2000601,84453,4,0
2000601,84484,5,0
2000601,84496,6,0
2000601,84499,7,0
2000601,84463,8,0
2000601,84507,9,0
2000601,84511,10,0
2000601,84509,11,0
2000601,84601,12,0
2000601,84602,13,0
2000601,84506,14,0
2000601,85359,15,0
2000601,85076,16,0
2000601,85360,17,0
2000601,84500,18,0
2000601,84462,19,0
2000601,84498,20,0
2000601,85361,21,0
2000601,84520,22,0
2000601,84434,23,0
2000601,84523,24,0
2000601,84432,25,0
2000601,84591,26,1
2001200,85782,1,0
2001200,85086,2,0
2001200,85112,3,0
2001200,85085,4,0
2001200,85245,5,0
2001200,84114,6,0
2001200,85268,7,0
2001200,85089,8,0
2001200,84797,9,0
2001200,85100,10,0
2001200,85103,11,0
2001200,85018,12,1
2001201,85016,1,0
2001201,85102,2,0
2001201,85013,3,0
2001201,84796,4,0
2001201,85093,5,0
2001201,85099,6,0
2001201,85244,7,0
2001201,85084,8,0
2001201,85251,9,0
2001201,85803,10,0
2001201,85782,11,1
2001300,85782,1,0
2001300,84728,2,0
2001300,85497,3,0
2001300,84165,4,0
2001300,85256,5,0
2001300,84077,6,0
2001300,85090,7,0
2001300,85111,8,0
2001300,85260,9,0
2001300,85108,10,0
2001300,85249,11,0
2001300,84071,12,0
2001300,85259,13,0
2001300,84116,14,0
2001300,84162,15,0
2001300,85540,16,0
2001300,84160,17,0
2001300,84068,18,0
2001300,85522,19,0
2001300,84157,20,1
2001301,84159,1,0
2001301,85523,2,0
2001301,84070,3,0
2001301,84161,4,0
2001301,85541,5,0
2001301,84163,6,0
2001301,84072,7,0
2001301,84116,8,0
2001301,85248,9,0
2001301,84164,10,0
2001301,84073,11,0
2001301,84207,12,0
2001301,84076,13,0
2001301,85255,14,0
2001301,84166,15,0
2001301,84168,16,0
2001301,85495,17,0
2001301,85782,18,1
2001500,85782,1,0
2001500,84728,2,0
2001500,85137,3,0
2001500,85135,4,0
2001500,85140,5,0
2001500,85142,6,0
2001500,85131,7,0
2001500,85025,8,0
2001500,84864,9,0
2001500,84866,10,0
2001500,84364,11,0
2001500,84365,12,0
2001500,84366,13,0
2001500,84270,14,0
2001500,84066,15,0
2001500,84315,16,0
2001500,84332,17,0
2001500,84309,18,0
2001500,85691,19,0
2001500,85686,20,0
2001500,85692,21,0
2001500,85687,22,0
2001500,85699,23,0
2001500,85698,24,0
2001500,85697,25,0
2001500,85696,26,0
2001500,85689,27,0
2001500,85695,28,0
2001500,85705,29,0
2001500,84488,30,0
2001500,84271,31,0
2001500,84287,32,0
2001500,84346,33,1
2001501,84347,1,0
2001501,84288,2,0
2001501,84272,3,0
2001501,84306,4,0
2001501,84253,5,0
2001501,84479,6,0
2001501,84292,7,0
2001501,84261,8,0
2001501,84295,9,0
2001501,84297,10,0
2001501,84299,11,0
2001501,84301,12,0
2001501,84248,13,0
2001501,84264,14,0
2001501,84316,15,0
2001501,84245,16,0
2001501,84285,17,0
2001501,84312,18,0
2001501,84333,19,0
2001501,84351,20,0
2001501,84065,21,0
2001501,84067,22,0
2001501,84081,23,0
2001501,84276,24,0
2001501,84319,25,0
2001501,85792,26,0
2001501,84865,27,0
2001501,85026,28,0
2001501,85131,29,0
2001501,85141,30,0
2001501,85139,31,0
2001501,85134,32,0
2001501,85136,33,0
2001501,85782,34,1
2002401,85125,1,0
2002401,85133,2,0
2002401,85137,3,0
2002401,85135,4,0
2002401,85140,5,0
2002401,85142,6,0
2002401,84870,7,1
2002402,85131,1,0
2002402,85141,2,0
2002402,85139,3,0
2002402,85134,4,0
2002402,85136,5,0
2002402,85132,6,0
2002402,85126,7,1
2002600,84467,1,0
2002600,84480,2,0
2002600,84486,3,0
2002600,84902,4,0
2002600,84903,5,0
2002600,84904,6,0
2002600,84905,7,0
2002600,84909,8,1
2002601,84910,1,0
2002601,84911,2,0
2002601,84912,3,0
2002601,84913,4,0
2002601,84915,5,0
2002601,84916,6,0
2002601,84481,7,0
2002601,84467,8,1
2005500,84091,1,0
2005500,84092,2,0
2005500,84093,3,0
2005500,84094,4,0
2005500,84095,5,0
2005500,84123,6,1
2005501,84095,1,0
2005501,84123,2,0
2005501,84093,3,0
2005501,84094,4,0
2005501,84096,5,0
2005501,84097,6,1
2005701,85025,1,0
2005701,84112,2,0
2005701,84113,3,0
2005701,84007,4,0
2005701,85026,5,1
