'TM-A23-TMGTFS-Semaine-03',900,64000,4,'',0,10000,4,'',0,10000,4,'',0,10200,4,'',0,10000,4,'',0,10000,4,'',0,30400,4,'',0,19800,4,'',0,20000,4,'',0
'TM-A23-TMGTFS-Semaine-04',900,64000,4,'',0,10000,4,'',0,10000,4,'',0,10200,4,'',0,10000,4,'',0,10000,4,'',0,30400,4,'',0,19800,4,'',0,20000,4,'',0
'TM-A23-TMGTFS-Semaine-03',2100,64100,4,'',0,10200,4,'',0,10000,4,'',0,10000,4,'',0,71200,4,'',0,9400,4,'',0,9600,4,'',0
'TM-A23-TMGTFS-Semaine-04',2100,64100,4,'',0,10200,4,'',0,10000,4,'',0,10000,4,'',0,71200,4,'',0,9400,4,'',0,9600,4,'',0
'TM-A23-TMGTFS-Semaine-03',2301,80200,4,'',0,10000,4,'',0,40800,4,'',0,20000,4,'',0,20500,4,'',0,13200,4,'',0
'TM-A23-TMGTFS-Semaine-04',2301,80200,4,'',0,10000,4,'',0,40800,4,'',0,20000,4,'',0,20500,4,'',0,13200,4,'',0
'TM-A23-TMGTFS-Semaine-03',2701,60800,4,'',0,10000,4,'',0,10000,4,'',0,10000,4,'',0,73400,4,'',0,10100,4,'',0,9800,4,'',0
'TM-A23-TMGTFS-Semaine-04',2701,60800,4,'',0,10000,4,'',0,10000,4,'',0,10000,4,'',0,73400,4,'',0,10100,4,'',0,9800,4,'',0
'TM-A23-TMGTFS-Semaine-03',3001,63300,,'',0,9600,,'',0,1500,,'',0,1500,,'',0,5500,,'',0,3000,4,'',0,70200,,'',0,5500,,'',0,1500,,'',0,1500,,'',0,1500,,'',0,5500,,'',0,1300,,'',0,1500,,'',0,1300,,'',0,1500,,'',0,5500,,'',0,1300,,'',0,1500,,'',0,1500,,'',0,5500,,'',0
'TM-A23-TMGTFS-Semaine-04',3001,72900,,'',0,3000,,'',0,8500,4,'',0,70200,,'',0,7000,,'',0,3000,,'',0,6800,,'',0,2800,,'',0,7000,,'',0,2800,,'',0,7000,,'',0
'TM-A23-TMGTFS-Semaine-03',4100,51700,4,'',0,2800,4,'',0,9500,4,'',0,7000,4,'',0,3000,4,'',0,7000,4,'',0,3000,4,'',0,80000,4,'',0,7000,4,'',0,3000,4,'',0,7000,4,'',0,2900,4,'',0
'TM-A23-TMGTFS-Semaine-04',4100,51700,4,'',0,2800,4,'',0,9500,4,'',0,7000,4,'',0,3000,4,'',0,7000,4,'',0,3000,4,'',0,80000,4,'',0,7000,4,'',0,3000,4,'',0,7000,4,'',0,2900,4,'',0
'TM-A23-TMGTFS-Semaine-03',4500,54000,4,'',0,7000,4,'',0,3100,4,'',0,7000,4,'',0,3300,4,'',0,6700,4,'',0,3000,4,'',0,70500,4,'',0,10100,4,'',0,9700,4,'',0
'TM-A23-TMGTFS-Semaine-04',4500,54000,4,'',0,7000,4,'',0,3100,4,'',0,7000,4,'',0,3300,4,'',0,6700,4,'',0,3000,4,'',0,70500,4,'',0,10100,4,'',0,9700,4,'',0
'TM-A23-TMGTFS-Semaine-03',4800,53900,4,'',0,10300,4,'',0,10000,4,'',0,80100,4,'',0,10200,4,'',0,9700,4,'',0
'TM-A23-TMGTFS-Semaine-04',4800,53900,4,'',0,10300,4,'',0,10000,4,'',0,80100,4,'',0,10200,4,'',0,9700,4,'',0
