'TM-A23-TMGTFS-Fête-1-02',3000,70900,4,'',0,10000,4,'',0,90200,4,'',0,19800,4,'',0
'TM-A23-TMGTFS-Semaine-03',3000,51700,4,'',0,3200,4,'',0,5800,4,'',0,1700,4,'',0,2100,4,'',0,5600,4,'',0,1700,4,'',0,1500,4,'',0,1500,4,'',0,5500,4,'',0,1500,4,'',0,1500,4,'',0,1300,4,'',0,1200,4,'',0,5900,4,'',0,9700,4,'',0,10000,4,'',0,9700,4,'',0,10000,4,'',0,10000,4,'',0,9900,4,'',0,10000,4,'',0,2500,4,'',0,1800,4,'',0,5500,4,'',0,1400,4,'',0,1500,4,'',0,1500,4,'',0,5500,4,'',0,1500,4,'',0,1500,4,'',0,8500,4,'',0,9400,4,'',0,9400,4,'',0
'TM-A23-TMGTFS-Semaine-04',3000,51700,4,'',0,3200,4,'',0,7500,4,'',0,7700,4,'',0,3200,4,'',0,7000,4,'',0,3000,4,'',0,2500,4,'',0,5800,4,'',0,9800,4,'',0,10000,4,'',0,9700,4,'',0,10000,4,'',0,10000,4,'',0,9900,4,'',0,10000,4,'',0,2500,4,'',0,7300,4,'',0,2900,4,'',0,7000,4,'',0,3000,4,'',0,17900,4,'',0,9400,4,'',0
'TM-A23-TMGTFS-Week-end-03',3000,70900,4,'',0,10000,4,'',0,90200,4,'',0,19800,4,'',0
'TM-A23-TMGTFS-Fête-1-02',4000,74400,4,'',0,40400,4,'',0,50000,4,'',0
'TM-A23-TMGTFS-Week-end-03',4000,74400,4,'',0,40400,4,'',0,50000,4,'',0
'TM-A23-TMGTFS-Semaine-03',14000,60700,4,'',0,4100,4,'',0,6200,4,'',0,1000,4,'',0,3900,4,'',0,5100,4,'',0,2500,4,'',0,6600,4,'',0,34700,4,'',0,10900,4,'',0,25300,4,'',0,14100,4,'',0,15700,4,'',0,15100,4,'',0,14900,4,'',0
'TM-A23-TMGTFS-Semaine-04',14000,60700,4,'',0,4100,4,'',0,6200,4,'',0,10000,4,'',0,2500,4,'',0,41300,4,'',0,10900,4,'',0,25300,4,'',0,14100,4,'',0,15700,4,'',0,15100,4,'',0,14900,4,'',0
'TM-A23-TMGTFS-Semaine-03',50001,73000,4,'',0,18000,4,'',0,83000,4,'',0
'TM-A23-TMGTFS-Semaine-04',50001,73000,4,'',0,18000,4,'',0,83000,4,'',0
