103,84875,1,0
103,84943,2,0
103,85049,3,0
103,85071,4,0
103,84730,5,0
103,85051,6,0
103,84758,7,0
103,84733,8,0
103,84735,9,0
103,84739,10,0
103,85060,11,0
103,85057,12,0
103,84780,13,0
103,85045,14,0
103,85047,15,0
103,85042,16,0
103,84800,17,0
103,84744,18,0
103,84819,19,0
103,85147,20,0
103,85039,21,0
103,85031,22,0
103,85475,23,0
103,85036,24,0
103,84737,25,0
103,85489,26,0
103,84743,27,0
103,85527,28,0
103,84844,29,0
103,84747,30,0
103,84894,31,0
103,84749,32,0
103,84906,33,0
103,84751,34,0
103,84839,35,0
103,84925,36,0
103,84872,37,0
103,84754,38,0
103,84994,39,0
103,84141,40,0
103,84619,41,0
103,84609,42,0
103,84502,43,0
103,84598,44,0
103,84576,45,0
103,84536,46,0
103,84461,47,0
103,84460,48,0
103,84459,49,0
103,84555,50,0
103,84622,51,0
103,84623,52,0
103,84624,53,0
103,84625,54,0
103,84573,55,0
103,84394,56,0
103,84395,57,0
103,85073,58,1
104,85073,1,0
104,84457,2,0
104,84614,3,0
104,85525,4,0
104,84455,5,0
104,84399,6,0
104,85012,7,0
104,84870,8,0
104,84756,9,0
104,85002,10,0
104,84930,11,0
104,84934,12,0
104,84885,13,0
104,84924,14,0
104,84840,15,0
104,85441,16,0
104,84907,17,0
104,84750,18,0
104,84893,19,0
104,84748,20,0
104,84843,21,0
104,84820,22,0
104,84742,23,0
104,85490,24,0
104,84738,25,0
104,85476,26,0
104,85032,27,0
104,85041,28,0
104,85148,29,0
104,84801,30,0
104,84745,31,0
104,84727,32,0
104,85043,33,0
104,85048,34,0
104,85046,35,0
104,84781,36,0
104,85058,37,0
104,85061,38,0
104,84741,39,0
104,84736,40,0
104,84734,41,0
104,84760,42,0
104,85052,43,0
104,84731,44,0
104,85072,45,0
104,85050,46,0
104,84945,47,0
104,85030,48,0
104,84875,49,1
203,84875,1,0
203,84847,2,0
203,84762,3,0
203,84725,4,0
203,84764,5,0
203,84766,6,0
203,84768,7,0
203,85055,8,0
203,84143,9,0
203,84145,10,0
203,84147,11,0
203,84192,12,0
203,84441,13,0
203,85526,14,0
203,85772,15,0
203,85353,16,0
203,84109,17,0
203,84626,18,0
203,84451,19,0
203,84545,20,0
203,84547,21,0
203,85352,22,0
203,84548,23,0
203,84404,24,0
203,84549,25,0
203,84405,26,0
203,84550,27,0
203,84407,28,0
203,84551,29,0
203,84466,30,0
203,84579,31,0
203,84535,32,0
203,84403,33,0
203,84604,34,0
203,84532,35,0
203,84400,36,0
203,84529,37,0
203,85755,38,0
203,84447,39,0
203,84449,40,0
203,84617,41,0
203,84558,42,0
203,84560,43,0
203,84413,44,0
203,84581,45,0
203,84415,46,0
203,84417,47,0
203,84566,48,0
203,84419,49,0
203,84584,50,0
203,84140,51,1
204,84140,1,0
204,84612,2,0
204,84472,3,0
204,84422,4,0
204,84474,5,0
204,84476,6,0
204,85783,7,0
204,84465,8,0
204,84572,9,0
204,84424,10,0
204,84597,11,0
204,84537,12,0
204,84577,13,0
204,84599,14,0
204,84503,15,0
204,84610,16,0
204,84620,17,0
204,84142,18,0
204,85488,19,0
204,84789,20,0
204,84999,21,0
204,85004,22,0
204,84841,23,0
204,84837,24,0
204,84875,25,1
303,84875,1,0
303,84845,2,0
303,85003,3,0
303,84997,4,0
303,84788,5,0
303,84993,6,0
303,84994,7,0
303,84141,8,0
303,84619,9,0
303,84609,10,0
303,84502,11,0
303,84598,12,0
303,84576,13,0
303,84536,14,0
303,84596,15,0
303,84423,16,0
303,84571,17,0
303,84468,18,0
303,84477,19,0
303,84475,20,0
303,84421,21,0
303,84473,22,0
303,84471,23,0
303,84570,24,1
304,84570,1,0
304,84420,2,0
304,84568,3,0
304,84418,4,0
304,84416,5,0
304,84582,6,0
304,84414,7,0
304,84562,8,0
304,84559,9,0
304,84464,10,0
304,84448,11,0
304,84531,12,0
304,85756,13,0
304,84357,14,0
304,84401,15,0
304,84533,16,0
304,84603,17,0
304,84402,18,0
304,84534,19,0
304,84580,20,0
304,84446,21,0
304,84539,22,0
304,84543,23,0
304,84548,24,0
304,84404,25,0
304,84549,26,0
304,84405,27,0
304,84550,28,0
304,84407,29,0
304,84551,30,0
304,84546,31,0
304,84544,32,0
304,84452,33,0
304,84627,34,0
304,84361,35,0
304,84362,36,0
304,85773,37,0
304,85183,38,0
304,84251,39,0
304,85518,40,0
304,85358,41,0
304,84193,42,0
304,84148,43,0
304,84146,44,0
304,84144,45,0
304,85054,46,0
304,84767,47,0
304,84765,48,0
304,84763,49,0
304,84724,50,0
304,84761,51,0
304,84848,52,0
304,84875,53,1
400,84875,1,0
400,84847,2,0
400,84762,3,0
400,84725,4,0
400,84764,5,0
400,84766,6,0
400,84768,7,0
400,85055,8,0
400,84940,9,0
400,84803,10,0
400,84799,11,0
400,85022,12,0
400,84212,13,0
400,85006,14,0
400,84794,15,0
400,85010,16,0
400,84213,17,0
400,84214,18,0
400,84215,19,0
400,85101,20,0
400,85109,21,0
400,85281,22,0
400,84151,23,0
400,84210,24,0
400,84216,25,0
400,84218,26,0
400,84219,27,0
400,84220,28,0
400,84221,29,0
400,84222,30,0
400,84149,31,0
400,84198,32,0
400,84148,33,0
400,84146,34,0
400,84144,35,0
400,85054,36,0
400,84767,37,0
400,84765,38,0
400,84763,39,0
400,84724,40,0
400,84761,41,0
400,84848,42,0
400,84943,43,0
400,84804,44,0
400,84806,45,0
400,84984,46,0
400,84986,47,0
400,84808,48,0
400,84810,49,0
400,84988,50,1
401,84814,1,0
401,84811,2,0
401,84809,3,0
401,84987,4,0
401,84985,5,0
401,84807,6,0
401,84805,7,0
401,84944,8,0
401,85030,9,0
401,84847,10,0
401,84762,11,0
401,84725,12,0
401,84764,13,0
401,84766,14,0
401,84768,15,0
401,85055,16,0
401,84143,17,0
401,84145,18,0
401,84147,19,0
401,85774,20,0
401,84150,21,0
401,84223,22,0
401,84224,23,0
401,84225,24,0
401,84226,25,0
401,84227,26,0
401,84229,27,0
401,84230,28,0
401,84152,29,0
401,84196,30,0
401,84153,31,0
401,84155,32,0
401,84064,33,0
401,84231,34,0
401,84232,35,0
401,85009,36,0
401,84793,37,0
401,85007,38,0
401,84247,39,0
401,85021,40,0
401,84798,41,0
401,84802,42,0
401,84983,43,0
401,85054,44,0
401,84767,45,0
401,84765,46,0
401,84763,47,0
401,84724,48,0
401,84761,49,0
401,84848,50,0
401,84875,51,1
501,84006,1,0
501,84014,2,0
501,84009,3,0
501,84021,4,0
501,84969,5,0
501,84882,6,0
501,84967,7,0
501,84966,8,0
501,84853,9,0
501,84787,10,0
501,84785,11,0
501,84091,12,0
501,85070,13,0
501,84962,14,0
501,84783,15,0
501,84779,16,0
501,84855,17,0
501,84960,18,0
501,84856,19,0
501,84777,20,0
501,84956,21,0
501,85455,22,0
501,84100,23,0
501,84958,24,0
501,84774,25,0
501,84772,26,0
501,85785,27,0
501,84861,28,0
501,84863,29,0
501,84950,30,0
501,84770,31,0
501,85065,32,0
501,85539,33,0
501,84875,34,1
502,84875,1,0
502,84946,2,0
502,85064,3,0
502,84769,4,0
502,84949,5,0
502,84862,6,0
502,84860,7,0
502,85784,8,0
502,84771,9,0
502,84773,10,0
502,84957,11,0
502,84099,12,0
502,85454,13,0
502,84955,14,0
502,84776,15,0
502,84857,16,0
502,84959,17,0
502,84854,18,0
502,84778,19,0
502,84782,20,0
502,84961,21,0
502,85069,22,0
502,84090,23,0
502,84786,24,0
502,84852,25,0
502,84880,26,0
502,84968,27,0
502,84970,28,0
502,84020,29,0
502,84008,30,0
502,84013,31,0
502,85521,32,0
502,85493,33,0
502,85808,34,0
502,85491,35,0
502,85501,36,0
502,84018,37,0
502,84056,38,0
502,85492,39,0
502,85520,40,0
502,84006,41,1
803,84875,1,0
803,84816,2,0
803,85020,3,0
803,84849,4,0
803,84974,5,0
803,84976,6,0
803,85786,7,0
803,84887,8,0
803,84978,9,0
803,84792,10,0
803,84980,11,0
803,84851,12,0
803,85015,13,0
803,84817,14,0
803,84821,15,0
803,84981,16,0
803,85054,17,0
803,84767,18,0
803,84765,19,0
803,84763,20,0
803,84724,21,0
803,84761,22,0
803,84848,23,0
803,84943,24,0
803,84804,25,0
803,84806,26,0
803,84984,27,0
803,84986,28,0
803,84808,29,0
803,84810,30,0
803,84988,31,0
803,84823,32,0
803,84991,33,0
803,84825,34,0
803,84740,35,0
803,85060,36,0
803,85057,37,0
803,84827,38,0
803,84995,39,0
803,85478,40,0
803,84829,41,0
803,84831,42,0
803,84833,43,1
804,84833,1,0
804,85004,2,0
804,84812,3,0
804,84814,4,0
804,84811,5,0
804,84809,6,0
804,84987,7,0
804,84985,8,0
804,84807,9,0
804,84805,10,0
804,84944,11,0
804,85030,12,0
804,84847,13,0
804,84762,14,0
804,84725,15,0
804,84764,16,0
804,84766,17,0
804,84768,18,0
804,85055,19,0
804,84982,20,0
804,84822,21,0
804,84818,22,0
804,85017,23,0
804,85008,24,0
804,84979,25,0
804,84791,26,0
804,84977,27,0
804,84886,28,0
804,85787,29,0
804,84975,30,0
804,84874,31,0
804,84850,32,0
804,85019,33,0
804,84815,34,0
804,84908,35,0
804,84875,36,1
901,85509,1,0
901,84254,2,0
901,84255,3,0
901,85511,4,0
901,85532,5,0
901,84035,6,0
901,84036,7,0
901,84037,8,0
901,84256,9,0
901,84258,10,0
901,84260,11,0
901,85502,12,0
901,85510,13,0
901,84039,14,0
901,85512,15,0
901,85513,16,0
901,85779,17,0
901,85514,18,0
901,85515,19,0
901,85516,20,0
901,84262,21,0
901,84876,22,0
901,84877,23,0
901,84898,24,0
901,84878,25,0
901,84014,26,0
901,84009,27,0
901,84021,28,0
901,84969,29,0
901,84882,30,0
901,84967,31,0
901,84966,32,0
901,84853,33,0
901,84787,34,0
901,84785,35,0
901,84091,36,0
901,84092,37,0
901,84900,38,0
901,84726,39,0
901,85782,40,0
901,84728,41,0
901,85117,42,0
901,85144,43,0
901,85146,44,0
901,85153,45,0
901,85041,46,0
901,85148,47,0
901,84801,48,0
901,84265,49,0
901,84266,50,0
901,84267,51,0
901,84273,52,0
901,84102,53,0
901,84274,54,0
901,84752,55,0
901,84275,56,0
901,84277,57,0
901,84861,58,0
901,84863,59,0
901,84950,60,0
901,84770,61,0
901,85065,62,0
901,85539,63,0
901,84875,64,1
902,84875,1,0
902,84946,2,0
902,85064,3,0
902,84769,4,0
902,84949,5,0
902,84862,6,0
902,84860,7,0
902,85784,8,0
902,84278,9,0
902,84753,10,0
902,84280,11,0
902,84101,12,0
902,84282,13,0
902,84284,14,0
902,84286,15,0
902,84290,16,0
902,84291,17,0
902,85147,18,0
902,85039,19,0
902,85031,20,0
902,85145,21,0
902,85143,22,0
902,84726,23,0
902,85782,24,0
902,84728,25,0
902,85117,26,0
902,84096,27,0
902,84097,28,0
902,84784,29,0
902,84786,30,0
902,84852,31,0
902,84880,32,0
902,84968,33,0
902,84970,34,0
902,84020,35,0
902,84008,36,0
902,84013,37,0
902,84879,38,0
902,84899,39,0
902,84884,40,0
902,84881,41,0
902,84883,42,0
902,84293,43,0
902,84294,44,0
902,85504,45,0
902,85505,46,0
902,85778,47,0
902,85506,48,0
902,85507,49,0
902,84034,50,0
902,85531,51,0
902,85552,52,0
902,85553,53,0
902,85554,54,0
902,85545,55,0
902,85546,56,0
902,85547,57,0
902,85548,58,0
902,85549,59,0
902,85550,60,0
902,85510,61,0
902,85508,62,0
902,84303,63,0
902,84310,64,0
902,85509,65,1
1100,84875,1,0
1100,84847,2,0
1100,84762,3,0
1100,84725,4,0
1100,84764,5,0
1100,84766,6,0
1100,84768,7,0
1100,85055,8,0
1100,84143,9,0
1100,84145,10,0
1100,84147,11,0
1100,85499,12,0
1100,85774,13,0
1100,84150,14,0
1100,85788,15,0
1100,84211,16,0
1100,84152,17,0
1100,84196,18,0
1100,84153,19,0
1100,84155,20,0
1100,84064,21,0
1100,84137,22,0
1100,84159,23,0
1100,85523,24,0
1100,84070,25,0
1100,84161,26,0
1100,85541,27,0
1100,84163,28,0
1100,84072,29,0
1100,85248,30,0
1100,84164,31,0
1100,84073,32,0
1100,84207,33,0
1100,84076,34,0
1100,84078,35,0
1100,85255,36,0
1100,84166,37,0
1100,84168,38,0
1100,84083,39,0
1100,84170,40,0
1100,84085,41,0
1100,84087,42,0
1100,84172,43,0
1100,84089,44,0
1100,85094,45,0
1100,84199,46,0
1100,85092,47,0
1100,85099,48,0
1100,85106,49,0
1100,85095,50,0
1100,85775,51,0
1100,85097,52,0
1100,85104,53,0
1100,85082,54,0
1100,84120,55,0
1100,84181,56,0
1100,84115,57,0
1100,85244,58,0
1100,85084,59,0
1100,85251,60,0
1100,85086,61,0
1100,85253,62,0
1100,84125,63,0
1100,85776,64,0
1100,85089,65,0
1100,84797,66,0
1100,85100,67,0
1100,85103,68,0
1100,85018,69,1
1101,85016,1,0
1101,85102,2,0
1101,85013,3,0
1101,84796,4,0
1101,85093,5,0
1101,84122,6,0
1101,84124,7,0
1101,85252,8,0
1101,85086,9,0
1101,85112,10,0
1101,85085,11,0
1101,85245,12,0
1101,84114,13,0
1101,84180,14,0
1101,84121,15,0
1101,85083,16,0
1101,85240,17,0
1101,85098,18,0
1101,85777,19,0
1101,85096,20,0
1101,85107,21,0
1101,85268,22,0
1101,85089,23,0
1101,85091,24,0
1101,85282,25,0
1101,84098,26,0
1101,84088,27,0
1101,84171,28,0
1101,84086,29,0
1101,84084,30,0
1101,84169,31,0
1101,84082,32,0
1101,84167,33,0
1101,84165,34,0
1101,85256,35,0
1101,84077,36,0
1101,85090,37,0
1101,85111,38,0
1101,85260,39,0
1101,85108,40,0
1101,85249,41,0
1101,84071,42,0
1101,85259,43,0
1101,84162,44,0
1101,85540,45,0
1101,84160,46,0
1101,84068,47,0
1101,85522,48,0
1101,84157,49,0
1101,84136,50,0
1101,85088,51,0
1101,85101,52,0
1101,85109,53,0
1101,85281,54,0
1101,84151,55,0
1101,84210,56,0
1101,85789,57,0
1101,84149,58,0
1101,84198,59,0
1101,85498,60,0
1101,84148,61,0
1101,84146,62,0
1101,84144,63,0
1101,85054,64,0
1101,84767,65,0
1101,84765,66,0
1101,84763,67,0
1101,84724,68,0
1101,84761,69,0
1101,84848,70,0
1101,84875,71,1
1400,84307,1,0
1400,84305,2,0
1400,84253,3,0
1400,84479,4,0
1400,84292,5,0
1400,84261,6,0
1400,84295,7,0
1400,84297,8,0
1400,84299,9,0
1400,84301,10,0
1400,84248,11,0
1400,84264,12,0
1400,84316,13,0
1400,84245,14,0
1400,84285,15,0
1400,84312,16,0
1400,84333,17,0
1400,84351,18,0
1400,84335,19,0
1400,85791,20,0
1400,84338,21,0
1400,84340,22,0
1400,85845,23,0
1400,85034,24,0
1400,84836,25,0
1400,84363,26,0
1400,84867,27,0
1400,84865,28,0
1400,85026,29,0
1400,84870,30,0
1400,84756,31,0
1400,85002,32,0
1400,84930,33,0
1400,84934,34,0
1400,84885,35,0
1400,84924,36,0
1400,84872,37,0
1400,84754,38,0
1400,85488,39,0
1400,84789,40,0
1400,84999,41,0
1400,85004,42,0
1400,84841,43,0
1400,84837,44,0
1400,84875,45,1
1401,84875,1,0
1401,84845,2,0
1401,85003,3,0
1401,84997,4,0
1401,84788,5,0
1401,84993,6,0
1401,84790,7,0
1401,84923,8,0
1401,84757,9,0
1401,84933,10,0
1401,84929,11,0
1401,85001,12,0
1401,84755,13,0
1401,85011,14,0
1401,85025,15,0
1401,84864,16,0
1401,84866,17,0
1401,84364,18,0
1401,84835,19,0
1401,85033,20,0
1401,84238,21,0
1401,84343,22,0
1401,84339,23,0
1401,84337,24,0
1401,85790,25,0
1401,84334,26,0
1401,84336,27,0
1401,84332,28,0
1401,84309,29,0
1401,85691,30,0
1401,85686,31,0
1401,85692,32,0
1401,85687,33,0
1401,85699,34,0
1401,85698,35,0
1401,85697,36,0
1401,85696,37,0
1401,85689,38,0
1401,85695,39,0
1401,85705,40,0
1401,84488,41,0
1401,84307,42,1
1700,84875,1,0
1700,84845,2,0
1700,85003,3,0
1700,84997,4,0
1700,84788,5,0
1700,84993,6,0
1700,84790,7,0
1700,84923,8,0
1700,84757,9,0
1700,84933,10,0
1700,84929,11,0
1700,85001,12,0
1700,84755,13,0
1700,85011,14,0
1700,85025,15,0
1700,84864,16,0
1700,84866,17,0
1700,84364,18,0
1700,84365,19,0
1700,84366,20,0
1700,84270,21,0
1700,84367,22,0
1700,84368,23,0
1700,84268,24,0
1700,84281,25,0
1700,84344,26,0
1700,84066,27,0
1700,84315,28,0
1700,84341,29,0
1700,84353,30,0
1700,84342,31,0
1700,84257,32,0
1700,85309,33,0
1700,84289,34,0
1700,85694,35,0
1700,84259,36,0
1700,84488,37,0
1700,84308,38,0
1700,84250,39,0
1700,84063,40,0
1700,84249,41,0
1700,84069,42,0
1700,84074,43,0
1700,84271,44,0
1700,84287,45,0
1700,84346,46,0
1700,84331,47,0
1700,84350,48,0
1700,84356,49,0
1700,84355,50,0
1700,84358,51,0
1700,84360,52,0
1700,84235,53,0
1700,85116,54,0
1700,85794,55,0
1700,84304,56,0
1700,84237,57,0
1700,84241,58,0
1700,84321,59,0
1700,84323,60,0
1700,84325,61,0
1700,84243,62,1
1701,84242,1,0
1701,84324,2,0
1701,84322,3,0
1701,84320,4,0
1701,84263,5,0
1701,84236,6,0
1701,84302,7,0
1701,85793,8,0
1701,85115,9,0
1701,84233,10,0
1701,84359,11,0
1701,84354,12,0
1701,84355,13,0
1701,84358,14,0
1701,84348,15,0
1701,84330,16,0
1701,84347,17,0
1701,84288,18,0
1701,84272,19,0
1701,84306,20,0
1701,84308,21,0
1701,84250,22,0
1701,84063,23,0
1701,84249,24,0
1701,84069,25,0
1701,84074,26,0
1701,84253,27,0
1701,84479,28,0
1701,85707,29,0
1701,85693,30,0
1701,85704,31,0
1701,85688,32,0
1701,85701,33,0
1701,84352,34,0
1701,85700,35,0
1701,85706,36,0
1701,84065,37,0
1701,84067,38,0
1701,84296,39,0
1701,84300,40,0
1701,84318,41,0
1701,84279,42,0
1701,84239,43,0
1701,84276,44,0
1701,84319,45,0
1701,85792,46,0
1701,84867,47,0
1701,84865,48,0
1701,85026,49,0
1701,84870,50,0
1701,84756,51,0
1701,85002,52,0
1701,84930,53,0
1701,84934,54,0
1701,84885,55,0
1701,84924,56,0
1701,84872,57,0
1701,84754,58,0
1701,85488,59,0
1701,84789,60,0
1701,84999,61,0
1701,85004,62,0
1701,84841,63,0
1701,84837,64,0
1701,84875,65,1
1801,85782,1,0
1801,85597,2,0
1801,84017,3,0
1801,85449,4,0
1801,84105,5,0
1801,84106,6,0
1801,84107,7,0
1801,84108,8,0
1801,84012,9,0
1801,84914,10,0
1801,84728,11,0
1801,85117,12,0
1801,85482,13,0
1801,85144,14,0
1801,85146,15,0
1801,85153,16,0
1801,85041,17,0
1801,85148,18,0
1801,84801,19,0
1801,85043,20,0
1801,85048,21,0
1801,85046,22,0
1801,84781,23,0
1801,85058,24,0
1801,85061,25,0
1801,84741,26,0
1801,84736,27,0
1801,84734,28,0
1801,84760,29,0
1801,85052,30,0
1801,84731,31,0
1801,85072,32,0
1801,85050,33,0
1801,84945,34,0
1801,85030,35,0
1801,84889,36,0
1801,85128,37,0
1801,84892,38,0
1801,85536,39,0
1801,85448,40,0
1801,84932,41,0
1801,84935,42,0
1801,84885,43,0
1801,84924,44,0
1801,84872,45,0
1801,84754,46,0
1801,85488,47,0
1801,84789,48,0
1801,85810,49,0
1801,84079,50,0
1801,85795,51,0
1801,84131,52,0
1801,84186,53,0
1801,84188,54,0
1801,84129,55,0
1801,84190,56,0
1801,84126,57,0
1801,84201,58,0
1801,84841,59,0
1801,84837,60,0
1801,84875,61,1
1802,84875,1,0
1802,84943,2,0
1802,85049,3,0
1802,85071,4,0
1802,84730,5,0
1802,85051,6,0
1802,84758,7,0
1802,84733,8,0
1802,84735,9,0
1802,84739,10,0
1802,85060,11,0
1802,85057,12,0
1802,84780,13,0
1802,85045,14,0
1802,85047,15,0
1802,85042,16,0
1802,84800,17,0
1802,85147,18,0
1802,85039,19,0
1802,85031,20,0
1802,85145,21,0
1802,85143,22,0
1802,85482,23,0
1802,84726,24,0
1802,84845,25,0
1802,84202,26,0
1802,84127,27,0
1802,84189,28,0
1802,84128,29,0
1802,84187,30,0
1802,84185,31,0
1802,84130,32,0
1802,85796,33,0
1802,84080,34,0
1802,84998,35,0
1802,84788,36,0
1802,84993,37,0
1802,84790,38,0
1802,84923,39,0
1802,84757,40,0
1802,85596,41,0
1802,84931,42,0
1802,85447,43,0
1802,85535,44,0
1802,84891,45,0
1802,85127,46,0
1802,84890,47,0
1802,85150,48,0
1802,85782,49,1
1900,84875,1,0
1900,84937,2,0
1900,84041,3,0
1900,84629,4,0
1900,85797,5,0
1900,84637,6,0
1900,84000,7,1
1901,84000,1,0
1901,84636,2,0
1901,85798,3,0
1901,84628,4,0
1901,84040,5,0
1901,84936,6,0
1901,84875,7,1
2003,84875,1,0
2003,84847,2,0
2003,84762,3,0
2003,84725,4,0
2003,84764,5,0
2003,84766,6,0
2003,84768,7,0
2003,85055,8,0
2003,84143,9,0
2003,84145,10,0
2003,84147,11,0
2003,84192,12,0
2003,84441,13,0
2003,85177,14,0
2003,85179,15,0
2003,85354,16,0
2003,84443,17,0
2003,84589,18,0
2003,84528,19,0
2003,85755,20,0
2003,84447,21,0
2003,84449,22,0
2003,84617,23,0
2003,84558,24,0
2003,85799,25,0
2003,84554,26,0
2003,84586,27,0
2003,84408,28,0
2003,84409,29,0
2003,85356,30,0
2003,84467,31,1
2004,84467,1,0
2004,85357,2,0
2004,84410,3,0
2004,84557,4,0
2004,84587,5,0
2004,84553,6,0
2004,85800,7,0
2004,85806,8,0
2004,84464,9,0
2004,84448,10,0
2004,84531,11,0
2004,85756,12,0
2004,84530,13,0
2004,84590,14,0
2004,85772,15,0
2004,85773,16,0
2004,85183,17,0
2004,85358,18,0
2004,84193,19,0
2004,84148,20,0
2004,84146,21,0
2004,84144,22,0
2004,85054,23,0
2004,84767,24,0
2004,84765,25,0
2004,84763,26,0
2004,84724,27,0
2004,84761,28,0
2004,84847,29,0
2004,84875,30,1
2100,84875,1,0
2100,84847,2,0
2100,84762,3,0
2100,84725,4,0
2100,84764,5,0
2100,84766,6,0
2100,84768,7,0
2100,85055,8,0
2100,84143,9,0
2100,84145,10,0
2100,84147,11,0
2100,84192,12,0
2100,84441,13,0
2100,85526,14,0
2100,84110,15,0
2100,85802,16,0
2100,84252,17,0
2100,84443,18,0
2100,84589,19,0
2100,84528,20,0
2100,85755,21,0
2100,84447,22,0
2100,84449,23,0
2100,84617,24,0
2100,84558,25,0
2100,84560,26,0
2100,84413,27,0
2100,84426,28,0
2100,84427,29,0
2100,84613,30,0
2100,84428,31,0
2100,84429,32,0
2100,84565,33,0
2100,84616,34,0
2100,84430,35,0
2100,84431,36,0
2100,84567,37,0
2100,85765,38,0
2100,84016,39,0
2100,84103,40,0
2100,85766,41,0
2100,85767,42,0
2100,85768,43,0
2100,85805,44,0
2100,85769,45,0
2100,85753,46,0
2100,85770,47,0
2100,85771,48,0
2100,85757,49,0
2100,85758,50,0
2100,85754,51,0
2100,85759,52,0
2100,85804,53,0
2100,85760,54,0
2100,85761,55,0
2100,85762,56,0
2100,84104,57,0
2100,84004,58,0
2100,85763,59,0
2100,85764,60,0
2100,84895,61,0
2100,84896,62,0
2100,84897,63,0
2100,84298,64,0
2100,84388,65,0
2100,84389,66,0
2100,84588,67,0
2100,84826,68,0
2100,84828,69,0
2100,84015,70,0
2100,84562,71,0
2100,84559,72,0
2100,84464,73,0
2100,84448,74,0
2100,84531,75,0
2100,85756,76,0
2100,84530,77,0
2100,84590,78,0
2100,85801,79,0
2100,84442,80,0
2100,84111,81,0
2100,84251,82,0
2100,85518,83,0
2100,85358,84,0
2100,84193,85,0
2100,84148,86,0
2100,84146,87,0
2100,84144,88,0
2100,85054,89,0
2100,84767,90,0
2100,84765,91,0
2100,84763,92,0
2100,84724,93,0
2100,84761,94,0
2100,84848,95,1
2200,84447,1,0
2200,84002,2,0
2200,84001,3,0
2200,84580,4,0
2200,84446,5,0
2200,84552,6,0
2200,85800,7,0
2200,85806,8,0
2200,84464,9,0
2200,84448,10,0
2200,84531,11,0
2200,84003,12,0
2200,84104,13,0
2200,84004,14,0
2200,84005,15,0
2200,84010,16,0
2200,85783,17,0
2200,84465,18,0
2200,84572,19,0
2200,84424,20,0
2200,84597,21,0
2200,84537,22,0
2200,84577,23,0
2200,84599,24,0
2200,84503,25,0
2200,84610,26,0
2200,84620,27,0
2200,84757,28,0
2200,84933,29,0
2200,84011,30,0
2200,85537,31,0
2200,84888,32,0
2200,85127,33,0
2200,84890,34,0
2200,85150,35,0
2200,85782,36,1
2201,85782,1,0
2201,84728,2,0
2201,84889,3,0
2201,85128,4,0
2201,84892,5,0
2201,85538,6,0
2201,85138,7,0
2201,84934,8,0
2201,84885,9,0
2201,84619,10,0
2201,84609,11,0
2201,84502,12,0
2201,84598,13,0
2201,84576,14,0
2201,84536,15,0
2201,84596,16,0
2201,84423,17,0
2201,84571,18,0
2201,84468,19,0
2201,84477,20,0
2201,84028,21,0
2201,84029,22,0
2201,84016,23,0
2201,84103,24,0
2201,85766,25,0
2201,84030,26,0
2201,84449,27,0
2201,84617,28,0
2201,84558,29,0
2201,85799,30,0
2201,84554,31,0
2201,84478,32,0
2201,84606,33,0
2201,84541,34,0
2201,84466,35,0
2201,84579,36,0
2201,84033,37,0
2201,84031,38,0
2201,84032,39,1
2301,84697,1,0
2301,84718,2,0
2301,85424,3,0
2301,84924,4,0
2301,84872,5,0
2301,84754,6,0
2301,85488,7,0
2301,84789,8,0
2301,84999,9,0
2301,85004,10,0
2301,84841,11,0
2301,84837,12,0
2301,84875,13,1
2302,84875,1,0
2302,84845,2,0
2302,85003,3,0
2302,84997,4,0
2302,84788,5,0
2302,84993,6,0
2302,84790,7,0
2302,84923,8,0
2302,85423,9,0
2302,84717,10,0
2302,84697,11,1
2500,84875,1,0
2500,84937,2,0
2500,84390,3,0
2500,84667,4,0
2500,84634,5,0
2500,84669,6,0
2500,84632,7,0
2500,84630,8,0
2500,84649,9,0
2500,84936,10,0
2500,84657,11,1
2501,84657,1,0
2501,84650,2,0
2501,84631,3,0
2501,84633,4,0
2501,84670,5,0
2501,84635,6,0
2501,84668,7,0
2501,84671,8,0
2501,84672,9,0
2501,84393,10,0
2501,84936,11,0
2501,84937,12,0
2501,84875,13,1
2700,84875,1,0
2700,84847,2,0
2700,84762,3,0
2700,84725,4,0
2700,84764,5,0
2700,84766,6,0
2700,84768,7,0
2700,85055,8,0
2700,84143,9,0
2700,84145,10,0
2700,84147,11,0
2700,84192,12,0
2700,84441,13,0
2700,85526,14,0
2700,84053,15,0
2700,84110,16,0
2700,85802,17,0
2700,84042,18,0
2700,84054,19,0
2700,84044,20,0
2700,84142,21,0
2700,84019,22,0
2700,84790,23,0
2700,84840,24,0
2700,85441,25,0
2700,84046,26,0
2700,85490,27,0
2700,84738,28,0
2700,84048,29,0
2700,84050,30,0
2700,84726,31,0
2700,85782,32,1
2701,85782,1,0
2701,84728,2,0
2701,85117,3,0
2701,84047,4,0
2701,84049,5,0
2701,84051,6,0
2701,85489,7,0
2701,84743,8,0
2701,84052,9,0
2701,84839,10,0
2701,84925,11,0
2701,84872,12,0
2701,84754,13,0
2701,84994,14,0
2701,84141,15,0
2701,84045,16,0
2701,84055,17,0
2701,84043,18,0
2701,84252,19,0
2701,84111,20,0
2701,84057,21,0
2701,84251,22,0
2701,85518,23,0
2701,85358,24,0
2701,84193,25,0
2701,84148,26,0
2701,84146,27,0
2701,84144,28,0
2701,85054,29,0
2701,84767,30,0
2701,84765,31,0
2701,84763,32,0
2701,84724,33,0
2701,84761,34,0
2701,84848,35,0
2701,84875,36,1
3000,84875,1,0
3000,84937,2,0
3000,84025,3,0
3000,84027,4,0
3000,84023,5,0
3000,85078,6,1
3001,85078,1,0
3001,84022,2,0
3001,84026,3,0
3001,84024,4,0
3001,84936,5,0
3001,84875,6,1
4000,85495,1,0
4000,85497,2,0
4000,84083,3,0
4000,84170,4,0
4000,84085,5,0
4000,84087,6,0
4000,84172,7,0
4000,84089,8,0
4000,84830,9,0
4000,85013,10,0
4000,84796,11,0
4000,85093,12,0
4000,85099,13,0
4000,85106,14,0
4000,85095,15,0
4000,85775,16,0
4000,85097,17,0
4000,85104,18,0
4000,85082,19,0
4000,84120,20,0
4000,84181,21,0
4000,84115,22,0
4000,85244,23,0
4000,85084,24,0
4000,85251,25,0
4000,85086,26,0
4000,85253,27,0
4000,84125,28,0
4000,85078,29,1
4001,85078,1,0
4001,84830,2,0
4001,85013,3,0
4001,84796,4,0
4001,85093,5,0
4001,84122,6,0
4001,84124,7,0
4001,85252,8,0
4001,85086,9,0
4001,85112,10,0
4001,85085,11,0
4001,85245,12,0
4001,84114,13,0
4001,84180,14,0
4001,84121,15,0
4001,85083,16,0
4001,85240,17,0
4001,85098,18,0
4001,85777,19,0
4001,85096,20,0
4001,85107,21,0
4001,85268,22,0
4001,85089,23,0
4001,85500,24,0
4001,84171,25,0
4001,84086,26,0
4001,84084,27,0
4001,84169,28,0
4001,84082,29,0
4001,84167,30,0
4001,85495,31,1
4103,84994,1,0
4103,84141,2,0
4103,84619,3,0
4103,84609,4,0
4103,84502,5,0
4103,84598,6,0
4103,84576,7,0
4103,84536,8,0
4103,84461,9,0
4103,84460,10,0
4103,84459,11,0
4103,84555,12,0
4103,84622,13,0
4103,84623,14,0
4103,84624,15,0
4103,84625,16,0
4103,84573,17,0
4103,84394,18,0
4103,84395,19,0
4103,85073,20,0
4103,84457,21,0
4103,84614,22,0
4103,85525,23,0
4103,84455,24,0
4103,84399,25,0
4103,85012,26,0
4103,84870,27,0
4103,84756,28,0
4103,85002,29,0
4103,84930,30,0
4103,84934,31,0
4103,84885,32,0
4103,84924,33,0
4103,84840,34,0
4103,85441,35,0
4103,84907,36,0
4103,84750,37,0
4103,84893,38,0
4103,84748,39,0
4103,84843,40,0
4103,84820,41,0
4103,84742,42,0
4103,85490,43,0
4103,84738,44,0
4103,85035,45,0
4103,85476,46,0
4103,85032,47,0
4103,85041,48,0
4103,85148,49,0
4103,84745,50,0
4103,84727,51,0
4103,85043,52,0
4103,85048,53,0
4103,85046,54,0
4103,84781,55,0
4103,85058,56,0
4103,85061,57,0
4103,84741,58,0
4103,84736,59,0
4103,84734,60,0
4103,84760,61,0
4103,85052,62,0
4103,84731,63,0
4103,85072,64,0
4103,85050,65,0
4103,84945,66,0
4103,85030,67,0
4103,84875,68,1
4501,85491,1,0
4501,85501,2,0
4501,84018,3,0
4501,84056,4,0
4501,85492,5,0
4501,85520,6,0
4501,84006,7,0
4501,84014,8,0
4501,84009,9,0
4501,84021,10,0
4501,84969,11,0
4501,84882,12,0
4501,84967,13,0
4501,84966,14,0
4501,84853,15,0
4501,84787,16,0
4501,84785,17,0
4501,84091,18,0
4501,85070,19,0
4501,84962,20,0
4501,84783,21,0
4501,84779,22,0
4501,84855,23,0
4501,84960,24,0
4501,84856,25,0
4501,84777,26,0
4501,84956,27,0
4501,85455,28,0
4501,84100,29,0
4501,84958,30,0
4501,84774,31,0
4501,84772,32,0
4501,85785,33,0
4501,84861,34,0
4501,84863,35,0
4501,84950,36,0
4501,84770,37,0
4501,85065,38,0
4501,85539,39,0
4501,84875,40,1
4800,84823,1,0
4800,84991,2,0
4800,84825,3,0
4800,84740,4,0
4800,85060,5,0
4800,85057,6,0
4800,84827,7,0
4800,84995,8,0
4800,85478,9,0
4800,84829,10,0
4800,84831,11,0
4800,84833,12,0
4800,85004,13,0
4800,84812,14,0
4800,84814,15,0
4800,84811,16,0
4800,84809,17,0
4800,84987,18,0
4800,84985,19,0
4800,84807,20,0
4800,84805,21,0
4800,84944,22,0
4800,85030,23,0
4800,84847,24,0
4800,84762,25,0
4800,84725,26,0
4800,84764,27,0
4800,84766,28,0
4800,84768,29,0
4800,85055,30,0
4800,84982,31,0
4800,84822,32,0
4800,84818,33,0
4800,85017,34,0
4800,85008,35,0
4800,84979,36,0
4800,84791,37,0
4800,84977,38,0
4800,84886,39,0
4800,85787,40,0
4800,84975,41,0
4800,84874,42,0
4800,84850,43,0
4800,85019,44,0
4800,84815,45,0
4800,84908,46,0
4800,84875,47,1
14000,85495,1,0
14000,85497,2,0
14000,84083,3,0
14000,84170,4,0
14000,84085,5,0
14000,84087,6,0
14000,84172,7,0
14000,84089,8,0
14000,84830,9,0
14000,85013,10,0
14000,84796,11,0
14000,85093,12,0
14000,85099,13,0
14000,85106,14,0
14000,85095,15,0
14000,85775,16,0
14000,85097,17,0
14000,85104,18,0
14000,85082,19,0
14000,84120,20,0
14000,84181,21,0
14000,84115,22,0
14000,85244,23,0
14000,85084,24,0
14000,85251,25,0
14000,85803,26,0
14000,85079,27,0
14000,84702,28,0
14000,85087,29,0
14000,85086,30,0
14000,85253,31,0
14000,84125,32,0
14000,85078,33,1
14001,85078,1,0
14001,85093,2,0
14001,84122,3,0
14001,84124,4,0
14001,85252,5,0
14001,85803,6,0
14001,85079,7,0
14001,84702,8,0
14001,85080,9,0
14001,85087,10,0
14001,85086,11,0
14001,85112,12,0
14001,85085,13,0
14001,85245,14,0
14001,84114,15,0
14001,84180,16,0
14001,84121,17,0
14001,85083,18,0
14001,85240,19,0
14001,85098,20,0
14001,85777,21,0
14001,85096,22,0
14001,85107,23,0
14001,85268,24,0
14001,85089,25,0
14001,84830,26,0
14001,85013,27,0
14001,84796,28,0
14001,85500,29,0
14001,84171,30,0
14001,84086,31,0
14001,84084,32,0
14001,84169,33,0
14001,84082,34,0
14001,84167,35,0
14001,85495,36,1
40300,84994,1,0
40300,84141,2,0
40300,84619,3,0
40300,84609,4,0
40300,84502,5,0
40300,84598,6,0
40300,84576,7,0
40300,84536,8,0
40300,84461,9,0
40300,84460,10,0
40300,84459,11,0
40300,84555,12,0
40300,84622,13,0
40300,84623,14,0
40300,84624,15,0
40300,84625,16,0
40300,84381,17,0
40300,84383,18,0
40300,84468,19,0
40300,84477,20,0
40300,84475,21,0
40300,84421,22,0
40300,84473,23,0
40300,84471,24,0
40300,84570,25,0
40300,84420,26,0
40300,84568,27,0
40300,85765,28,0
40300,84016,29,0
40300,84103,30,0
40300,85766,31,0
40300,85767,32,0
40300,85768,33,0
40300,85805,34,0
40300,85769,35,0
40300,85753,36,0
40300,85770,37,0
40300,85771,38,0
40300,85755,39,0
40300,84447,40,0
40300,84002,41,0
40300,84001,42,0
40300,84580,43,0
40300,84446,44,0
40300,84539,45,0
40300,84543,46,0
40300,84546,47,0
40300,84544,48,0
40300,84452,49,0
40300,84627,50,0
40300,84700,51,1
40301,84700,1,0
40301,84626,2,0
40301,84451,3,0
40301,84545,4,0
40301,84547,5,0
40301,85352,6,0
40301,84466,7,0
40301,84579,8,0
40301,84033,9,0
40301,84031,10,0
40301,84032,11,0
40301,85756,12,0
40301,84530,13,0
40301,85758,14,0
40301,85754,15,0
40301,85759,16,0
40301,85804,17,0
40301,85760,18,0
40301,85761,19,0
40301,85762,20,0
40301,84104,21,0
40301,84004,22,0
40301,85763,23,0
40301,85764,24,0
40301,84419,25,0
40301,84584,26,0
40301,84140,27,0
40301,84612,28,0
40301,84472,29,0
40301,84422,30,0
40301,84474,31,0
40301,84476,32,0
40301,85783,33,0
40301,84465,34,0
40301,84572,35,0
40301,84382,36,0
40301,84384,37,0
40301,84385,38,0
40301,84386,39,0
40301,84387,40,0
40301,84058,41,0
40301,84059,42,0
40301,84060,43,0
40301,84061,44,0
40301,84062,45,0
40301,84577,46,0
40301,84599,47,0
40301,84503,48,0
40301,84610,49,0
40301,84620,50,0
40301,84142,51,0
40301,84019,52,1
41700,84307,1,0
41700,84305,2,0
41700,84253,3,0
41700,84479,4,0
41700,85707,5,0
41700,85693,6,0
41700,85704,7,0
41700,85688,8,0
41700,85701,9,0
41700,84352,10,0
41700,85700,11,0
41700,85706,12,0
41700,84332,13,0
41700,84309,14,0
41700,84328,15,0
41700,84326,16,0
41700,84490,17,0
41700,84469,18,0
41700,84482,19,0
41700,84496,20,0
41700,84499,21,0
41700,84485,22,0
41700,84420,23,0
41700,84568,24,0
41700,84418,25,0
41700,84416,26,0
41700,84582,27,0
41700,84414,28,0
41700,84562,29,0
41700,84559,30,0
41700,85799,31,0
41700,84554,32,0
41700,84478,33,0
41700,84606,34,0
41700,84541,35,0
41700,84543,36,0
41700,84546,37,0
41700,84544,38,0
41700,84452,39,0
41700,84627,40,0
41700,84700,41,1
41701,84700,1,0
41701,84626,2,0
41701,84451,3,0
41701,84545,4,0
41701,84547,5,0
41701,85352,6,0
41701,84540,7,0
41701,84542,8,0
41701,85800,9,0
41701,85806,10,0
41701,84560,11,0
41701,84413,12,0
41701,84581,13,0
41701,84415,14,0
41701,84417,15,0
41701,84566,16,0
41701,84419,17,0
41701,84584,18,0
41701,84497,19,0
41701,84495,20,0
41701,84483,21,0
41701,84470,22,0
41701,84489,23,0
41701,84487,24,0
41701,84327,25,0
41701,84329,26,0
41701,84311,27,0
41701,84333,28,0
41701,84351,29,0
41701,84341,30,0
41701,84353,31,0
41701,84342,32,0
41701,84257,33,0
41701,85309,34,0
41701,84289,35,0
41701,85694,36,0
41701,84259,37,0
41701,84488,38,0
41701,84307,39,1
41800,85482,1,0
41800,85144,2,0
41800,85146,3,0
41800,85153,4,0
41800,85041,5,0
41800,85148,6,0
41800,84801,7,0
41800,85043,8,0
41800,85048,9,0
41800,85046,10,0
41800,84781,11,0
41800,85058,12,0
41800,85061,13,0
41800,84741,14,0
41800,84736,15,0
41800,84734,16,0
41800,84760,17,0
41800,85052,18,0
41800,84731,19,0
41800,85072,20,0
41800,85050,21,0
41800,84945,22,0
41800,85030,23,0
41800,84847,24,0
41800,84762,25,0
41800,84725,26,0
41800,84764,27,0
41800,84766,28,0
41800,84768,29,0
41800,85055,30,0
41800,84143,31,0
41800,84145,32,0
41800,84700,33,1
41801,84700,1,0
41801,84148,2,0
41801,84146,3,0
41801,84144,4,0
41801,85054,5,0
41801,84767,6,0
41801,84765,7,0
41801,84763,8,0
41801,84724,9,0
41801,84761,10,0
41801,84848,11,0
41801,84943,12,0
41801,85049,13,0
41801,85071,14,0
41801,84730,15,0
41801,85051,16,0
41801,84758,17,0
41801,84733,18,0
41801,84735,19,0
41801,84739,20,0
41801,85060,21,0
41801,85057,22,0
41801,84780,23,0
41801,85045,24,0
41801,85047,25,0
41801,85042,26,0
41801,84800,27,0
41801,85147,28,0
41801,85039,29,0
41801,85031,30,0
41801,85145,31,0
41801,85143,32,0
41801,85482,33,1
42700,85782,1,0
42700,84728,2,0
42700,85117,3,0
42700,84047,4,0
42700,84049,5,0
42700,84051,6,0
42700,85489,7,0
42700,84743,8,0
42700,84052,9,0
42700,84839,10,0
42700,84925,11,0
42700,84872,12,0
42700,84754,13,0
42700,84994,14,0
42700,84141,15,0
42700,84045,16,0
42700,84055,17,0
42700,84043,18,0
42700,84252,19,0
42700,84111,20,0
42700,84057,21,0
42700,85772,22,0
42700,85353,23,0
42700,84109,24,0
42700,84700,25,1
42701,84700,1,0
42701,84361,2,0
42701,84362,3,0
42701,84053,4,0
42701,84110,5,0
42701,85802,6,0
42701,84042,7,0
42701,84054,8,0
42701,84044,9,0
42701,84142,10,0
42701,84019,11,0
42701,84790,12,0
42701,84840,13,0
42701,85441,14,0
42701,84046,15,0
42701,85490,16,0
42701,84738,17,0
42701,84048,18,0
42701,84050,19,0
42701,84726,20,0
42701,85782,21,1
44001,84702,1,0
44001,85086,2,0
44001,85112,3,0
44001,85085,4,0
44001,85245,5,0
44001,84114,6,0
44001,84180,7,0
44001,84121,8,0
44001,85083,9,0
44001,85240,10,0
44001,85098,11,0
44001,85777,12,0
44001,85096,13,0
44001,85107,14,0
44001,85268,15,0
44001,85089,16,0
44001,84830,17,0
44001,85013,18,0
44001,84796,19,0
44001,85500,20,0
44001,84171,21,0
44001,84086,22,0
44001,84084,23,0
44001,84169,24,0
44001,84082,25,0
44001,84167,26,0
44001,85495,27,1
202500,84875,1,0
202500,84937,2,0
202500,84390,3,0
202500,84671,4,0
202500,84672,5,0
202500,84393,6,0
202500,84936,7,1
301100,84830,1,0
301100,85013,2,0
301100,84796,3,0
301100,85093,4,0
301100,84122,5,0
301100,84124,6,0
301100,85252,7,0
301100,85803,8,0
301100,85782,9,1
301101,85782,1,0
301101,85086,2,0
301101,85253,3,0
301101,84125,4,0
301101,85776,5,0
301101,85089,6,0
301101,84830,7,0
301101,85013,8,0
301101,84796,9,1
302400,84011,1,0
302400,85537,2,0
302400,84888,3,0
302400,85127,4,0
302400,84890,5,0
302400,85782,6,1
302401,85782,1,0
302401,84728,2,0
302401,85138,3,1
701900,85809,1,0
701900,84875,2,0
701900,84937,3,0
701900,84041,4,0
701900,84629,5,0
701900,85797,6,0
701900,84637,7,0
701900,84000,8,1
701901,84000,1,0
701901,84636,2,0
701901,85798,3,0
701901,84628,4,0
701901,84040,5,0
701901,84936,6,0
701901,85809,7,0
701901,84875,8,1
703000,85809,1,0
703000,84875,2,0
703000,84937,3,0
703000,84025,4,0
703000,84027,5,0
703000,84023,6,0
703000,85078,7,1
703001,85078,1,0
703001,84022,2,0
703001,84026,3,0
703001,84024,4,0
703001,84936,5,0
703001,85809,6,0
703001,84875,7,1
2000600,84592,1,0
2000600,84433,2,0
2000600,84524,3,0
2000600,84435,4,0
2000600,85189,5,0
2000600,84517,6,0
2000600,84497,7,0
2000600,84463,8,0
2000600,84437,9,0
2000600,84507,10,0
2000600,84511,11,0
2000600,84509,12,0
2000600,84601,13,0
2000600,84602,14,0
2000600,84506,15,0
2000600,85359,16,0
2000600,85076,17,0
2000600,85360,18,0
2000600,84500,19,0
2000600,84462,20,0
2000600,84498,21,0
2000600,84495,22,0
2000600,84483,23,0
2000600,84454,24,0
2000600,84439,25,0
2000600,84438,26,0
2000600,84425,27,1
2000601,84439,1,0
2000601,84438,2,0
2000601,84425,3,0
2000601,84453,4,0
2000601,84484,5,0
2000601,84496,6,0
2000601,84499,7,0
2000601,84463,8,0
2000601,84507,9,0
2000601,84511,10,0
2000601,84509,11,0
2000601,84601,12,0
2000601,84602,13,0
2000601,84506,14,0
2000601,85359,15,0
2000601,85076,16,0
2000601,85360,17,0
2000601,84500,18,0
2000601,84462,19,0
2000601,84498,20,0
2000601,85361,21,0
2000601,84520,22,0
2000601,84434,23,0
2000601,84523,24,0
2000601,84432,25,0
2000601,84591,26,1
2001200,85782,1,0
2001200,85086,2,0
2001200,85112,3,0
2001200,85085,4,0
2001200,85245,5,0
2001200,84114,6,0
2001200,85268,7,0
2001200,85089,8,0
2001200,84797,9,0
2001200,85100,10,0
2001200,85103,11,0
2001200,85018,12,1
2001201,85016,1,0
2001201,85102,2,0
2001201,85013,3,0
2001201,84796,4,0
2001201,85093,5,0
2001201,85099,6,0
2001201,85244,7,0
2001201,85084,8,0
2001201,85251,9,0
2001201,85803,10,0
2001201,85782,11,1
2001500,85782,1,0
2001500,84728,2,0
2001500,85137,3,0
2001500,85135,4,0
2001500,85140,5,0
2001500,85142,6,0
2001500,85025,7,0
2001500,84864,8,0
2001500,84866,9,0
2001500,84364,10,0
2001500,84365,11,0
2001500,84366,12,0
2001500,84270,13,0
2001500,84066,14,0
2001500,84315,15,0
2001500,84332,16,0
2001500,84309,17,0
2001500,85691,18,0
2001500,85686,19,0
2001500,85692,20,0
2001500,85687,21,0
2001500,85699,22,0
2001500,85698,23,0
2001500,85697,24,0
2001500,85696,25,0
2001500,85689,26,0
2001500,85695,27,0
2001500,85705,28,0
2001500,84488,29,0
2001500,84271,30,0
2001500,84287,31,0
2001500,84346,32,1
2001501,84347,1,0
2001501,84288,2,0
2001501,84272,3,0
2001501,84306,4,0
2001501,84253,5,0
2001501,84479,6,0
2001501,84292,7,0
2001501,84261,8,0
2001501,84295,9,0
2001501,84297,10,0
2001501,84299,11,0
2001501,84301,12,0
2001501,84248,13,0
2001501,84264,14,0
2001501,84316,15,0
2001501,84245,16,0
2001501,84285,17,0
2001501,84312,18,0
2001501,84333,19,0
2001501,84351,20,0
2001501,84065,21,0
2001501,84067,22,0
2001501,84038,23,0
2001501,84276,24,0
2001501,84319,25,0
2001501,85792,26,0
2001501,84867,27,0
2001501,84865,28,0
2001501,85026,29,0
2001501,85141,30,0
2001501,85139,31,0
2001501,85134,32,0
2001501,85136,33,0
2001501,85782,34,1
2002401,85125,1,0
2002401,85133,2,0
2002401,85137,3,0
2002401,85135,4,0
2002401,85140,5,0
2002401,85142,6,0
2002401,84870,7,1
2002402,85131,1,0
2002402,85141,2,0
2002402,85139,3,0
2002402,85134,4,0
2002402,85136,5,0
2002402,85132,6,0
2002402,85126,7,1
2002603,84467,1,0
2002603,84480,2,0
2002603,84486,3,0
2002603,84902,4,0
2002603,84903,5,0
2002603,84904,6,0
2002603,84905,7,0
2002603,84909,8,1
2002604,84910,1,0
2002604,84911,2,0
2002604,84912,3,0
2002604,84913,4,0
2002604,84915,5,0
2002604,84901,6,0
2002604,84481,7,0
2002604,84467,8,1
2005500,84091,1,0
2005500,84092,2,0
2005500,84093,3,0
2005500,84094,4,0
2005500,84095,5,1
2005501,84095,1,0
2005501,84093,2,0
2005501,84094,3,0
2005501,84096,4,0
2005501,84097,5,1
2005701,85025,1,0
2005701,84112,2,0
2005701,84113,3,0
2005701,84007,4,0
2005701,85026,5,1
