200,'TM-H26-TM_GTFS-Fête-1-01',735,,1246,680,,,0,206,,1247,680,,,0,200,,1248,680,,,0,200,,1249,680,,,0,200,,1250,680,,,0,195,,1251,680,,,0,198,,1252,680,,,0,200,,1253,680,,,0,200,,1254,680,,,0
200,'TM-H26-TM_GTFS-Fête-2-02',607,,1257,490,,,0,27,,1274,660,,,0,72,,1268,660,,,0,30,,1275,660,,,0,74,,1269,660,,,0,30,,1276,660,,,0,70,,1270,660,,,0,130,,1264,660,,,0,200,,1265,660,,,0,200,,1266,660,,,0,100,,1263,660,,,0,105,,1272,660,,,0,70,,1271,660,,,0,30,,1273,660,,,0,70,,1267,660,,,0,95,,1256,660,,,0,130,,1262,660,,,0,93,,1259,660,,,0,99,,1258,660,,,0,100,,1260,660,,,0
200,'TM-H26-TM_GTFS-Semaine-02',607,,1278,490,,,0,27,,1295,660,,,0,72,,1289,660,,,0,30,,1296,660,,,0,74,,1290,660,,,0,30,,1297,660,,,0,70,,1291,660,,,0,130,,1285,660,,,0,200,,1286,660,,,0,200,,1287,660,0,8 5,0,100,,1284,660,,,0,105,,1293,660,,,0,70,,1292,660,,,0,30,,1294,660,,,0,70,,1288,660,,,0,95,,1277,660,,,0,130,,1283,660,,,0,93,,1280,660,,,0,99,,1279,660,,,0,100,,1281,660,,,0
200,'TM-H26-TM_GTFS-Week-end-02',735,,1298,680,,,0,206,,1299,680,,,0,200,,1300,680,,,0,200,,1301,680,,,0,200,,1302,680,,,0,195,,1303,680,,,0,198,,1304,680,,,0,200,,1305,680,,,0,200,,1306,680,,,0
1400,'TM-H26-TM_GTFS-Fête-1-01',644,,1700,410,0,8 5,0,100,,1705,410,0,8 5,0,100,,1703,410,0,8 5,0,100,,1717,410,0,8 5,0,100,,1712,410,0,8 5,0,100,,1710,410,0,8 5,0,99,,1713,410,0,8 5,0,100,,1711,410,0,8 5,0,100,,1714,410,0,8 5,0,100,,1718,410,0,8 5,0,100,,1715,410,0,8 5,0,100,,1719,410,0,8 5,0,100,,1716,410,0,8 5,0,100,,1702,410,0,8 5,0,100,,1706,410,0,8 5,0,100,,1709,410,0,8 5,0,100,,1707,410,0,8 5,0,100,,1704,410,0,8 5,0,100,,1708,410,0,8 5,0,100,,1701,410,0,8 5,0
1400,'TM-H26-TM_GTFS-Fête-2-02',536,,1750,410,0,8 5,0,72,,1735,410,0,8 5,0,31,,1751,410,0,8 5,0,72,,1760,410,0,8 5,0,28,,1737,410,0,8 5,0,70,,1753,410,0,8 5,0,30,,1733,410,0,8 5,0,70,,1739,410,0,8 5,0,30,,1755,410,0,8 5,0,72,,1741,410,0,8 5,0,100,,1761,410,0,8 5,0,100,,1765,410,0,8 5,0,100,,1763,410,0,8 5,0,100,,1720,410,0,8 5,0,100,,1730,410,0,8 5,0,100,,1722,410,0,8 5,0,30,,1757,410,0,8 5,0,70,,1732,410,0,8 5,0,30,,1724,410,0,8 5,0,70,,1768,410,0,8 5,0,30,,1744,410,0,8 5,0,70,,1726,410,0,8 5,0,102,,1770,410,0,8 5,0,101,,1728,410,0,8 5,0,100,,1746,410,0,8 5,0,99,,1758,410,0,8 5,0,101,,1748,410,0,8 5,0,99,,1772,410,0,8 5,0
1400,'TM-H26-TM_GTFS-Semaine-02',536,,1805,410,0,8 5,0,72,,1790,410,0,8 5,0,31,,1806,410,0,8 5,0,72,,1815,410,0,8 5,0,28,,1792,410,0,8 5,0,70,,1808,410,0,8 5,0,30,,1788,410,0,8 5,0,70,,1794,410,0,8 5,0,30,,1810,410,0,8 5,0,72,,1796,410,0,8 5,0,100,,1816,410,0,8 5,0,100,,1820,410,0,8 5,0,100,,1818,410,0,8 5,0,100,,1775,410,0,8 5,0,100,,1785,410,0,8 5,0,100,,1777,410,0,8 5,0,30,,1812,410,0,8 5,0,70,,1787,410,0,8 5,0,30,,1779,410,0,8 5,0,70,,1823,410,0,8 5,0,30,,1799,410,0,8 5,0,70,,1781,410,0,8 5,0,102,,1825,410,0,8 5,0,101,,1783,410,0,8 5,0,100,,1801,410,0,8 5,0,99,,1813,410,0,8 5,0,101,,1803,410,0,8 5,0,99,,1827,410,0,8 5,0
1400,'TM-H26-TM_GTFS-Week-end-02',644,,1830,410,0,8 5,0,100,,1835,410,0,8 5,0,100,,1833,410,0,8 5,0,100,,1847,410,0,8 5,0,100,,1842,410,0,8 5,0,100,,1840,410,0,8 5,0,99,,1843,410,0,8 5,0,100,,1841,410,0,8 5,0,100,,1844,410,0,8 5,0,100,,1848,410,0,8 5,0,100,,1845,410,0,8 5,0,100,,1849,410,0,8 5,0,100,,1846,410,0,8 5,0,100,,1832,410,0,8 5,0,100,,1836,410,0,8 5,0,100,,1839,410,0,8 5,0,100,,1837,410,0,8 5,0,100,,1834,410,0,8 5,0,100,,1838,410,0,8 5,0,100,,1831,410,0,8 5,0
1701,'TM-H26-TM_GTFS-Fête-1-01',636,,1982,620,,,0,101,,1973,620,,,0,100,,1964,620,,,0,100,,1974,620,,,0,101,,1965,620,,,0,100,,1975,620,,,0,100,,1966,620,,,0,100,,1976,620,,,0,100,,1967,620,,,0,100,,1977,620,,,0,99,,1968,620,,,0,99,,1978,620,,,0,100,,1969,620,,,0,100,,1979,620,,,0,99,,1970,620,,,0,100,,1980,620,,,0,99,,1971,620,,,0,100,,1981,620,,,0,100,,1972,620,,,0
1701,'TM-H26-TM_GTFS-Fête-2-02',535,,1986,620,,,0,104,,1995,620,,,0,94,,1987,620,,,0,104,,1996,620,,,0,100,,1988,620,,,0,99,,1997,620,,,0,100,,1989,620,,,0,100,,1998,620,,,0,100,,1990,620,,,0,100,,1999,620,,,0,101,,1991,620,,,0,100,,2000,620,,,0,103,,1992,620,,,0,96,,1983,620,,,0,95,,1993,620,,,0,100,,1984,620,,,0,100,,1994,620,,,0,100,,1985,620,,,0,100,,2001,620,,,0,100,,2002,620,,,0
1701,'TM-H26-TM_GTFS-Semaine-02',535,,2006,620,,,0,104,,2015,620,,,0,94,,2007,620,,,0,104,,2016,620,,,0,100,,2008,620,,,0,99,,2017,620,,,0,100,,2009,620,,,0,100,,2018,620,,,0,100,,2010,620,,,0,100,,2019,620,,,0,101,,2011,620,,,0,100,,2020,620,,,0,103,,2012,620,,,0,96,,2003,620,,,0,95,,2013,620,,,0,100,,2004,620,,,0,100,,2014,620,,,0,100,,2005,620,,,0,100,,2021,620,,,0,100,,2022,620,,,0
1701,'TM-H26-TM_GTFS-Week-end-02',636,,2041,620,,,0,101,,2032,620,,,0,100,,2023,620,,,0,100,,2033,620,,,0,101,,2024,620,,,0,100,,2034,620,,,0,100,,2025,620,,,0,100,,2035,620,,,0,100,,2026,620,,,0,100,,2036,620,,,0,99,,2027,620,,,0,99,,2037,620,,,0,100,,2028,620,,,0,100,,2038,620,,,0,99,,2029,620,,,0,100,,2039,620,,,0,99,,2030,620,,,0,100,,2040,620,,,0,100,,2031,620,,,0
1800,'TM-H26-TM_GTFS-Fête-1-01',733,,2045,630,,,0,100,,2046,630,,,0,101,,2047,630,,,0,400,,2048,630,,,0,200,,2042,630,,,0,100,,2043,630,,,0,100,,2044,630,,,0,299,,2049,630,,,0
1800,'TM-H26-TM_GTFS-Fête-2-02',605,,2050,320,,,0,102,,2059,630,,,0,100,,2051,630,,,0,30,,2055,630,,,0,70,,2052,630,,,0,130,,2056,630,,,0,200,,2057,630,,,0,200,,2058,630,,,0,168,,2053,630,,,0,100,,2062,630,,,0,100,,2063,630,,,0,31,,2060,370,,,0,98,,2061,630,,,0,200,,2054,630,,,0
1800,'TM-H26-TM_GTFS-Semaine-02',605,,2064,320,,,0,102,,2073,630,,,0,100,,2065,630,,,0,30,,2069,630,,,0,70,,2066,630,,,0,130,,2070,630,,,0,200,,2071,630,,,0,200,,2072,630,,,0,168,,2067,630,,,0,100,,2076,630,,,0,100,,2077,630,,,0,31,,2074,370,,,0,98,,2075,630,,,0,200,,2068,630,,,0
1800,'TM-H26-TM_GTFS-Week-end-02',733,,2081,630,,,0,100,,2082,630,,,0,101,,2083,630,,,0,400,,2084,630,,,0,200,,2078,630,,,0,100,,2079,630,,,0,100,,2080,630,,,0,299,,2085,630,,,0
2301,'TM-H26-TM_GTFS-Fête-2-02',807,,2643,190,,,0,102,,2646,190,,,0,396,,2648,190,,,0,200,,2647,190,,,0,204,,2644,190,,,0,132,,2645,190,,,0
2301,'TM-H26-TM_GTFS-Semaine-02',807,,2649,190,,,0,102,,2652,190,,,0,396,,2654,190,,,0,200,,2653,190,,,0,204,,2650,190,,,0,132,,2651,190,,,0
3000,'TM-H26-TM_GTFS-Fête-2-02',454,,2765,30,,,0,72,,2758,30,,,0,30,,2752,30,,,0,64,,2766,30,,,0,20,,2750,30,,,0,60,,2759,30,,,0,10,,2746,30,,,0,10,,2760,30,,,0,20,,2755,30,,,0,70,,2753,30,,,0,35,,2756,30,,,0,701,,2739,40,,,0,65,,2745,30,,,0,18,,2763,30,,,0,15,,2754,30,,,0,210,,2764,30,,,0
3000,'TM-H26-TM_GTFS-Semaine-02',454,,2806,30,,,0,72,,2797,30,,,0,30,,2790,30,,,0,54,,2800,30,,,0,10,,2807,30,,,0,20,,2787,30,,,0,60,,2798,30,,,0,10,,2776,30,,,0,10,,2799,30,,,0,20,,2793,30,,,0,70,,2791,30,,,0,35,,2794,30,,,0,701,,2767,40,,,0,65,,2775,30,,,0,18,,2804,30,,,0,15,,2792,30,,,0,85,,2802,30,,,0,25,,2768,30,,,0,59,,2769,30,,,0,41,,2805,30,,,0
