200,'TM-H26-TM_GTFS-Fête-1-01',717,,2292,,,0,205,,2293,,,0,200,,2294,,,0,200,,2295,,,0,200,,2296,,,0,196,,2297,,,0,199,,2298,,,0,200,,2299,,,0,200,,2300,,,0,198,,2301,0,14 1 15,0
200,'TM-H26-TM_GTFS-Fête-2-02',549,,2303,,,0,67,,2320,,,0,32,,2314,,,0,70,,2321,,,0,33,,2315,,,0,70,,2322,,,0,30,,2316,,,0,170,,2310,,,0,200,,2311,,,0,200,,2312,,,0,101,,2309,,,0,104,,2318,,,0,30,,2317,,,0,70,,2319,,,0,30,,2313,,,0,96,,2302,,,0,170,,2308,,,0,94,,2305,,,0,100,,2304,,,0,100,,2306,,,0,197,,2307,0,14 1 15,0
200,'TM-H26-TM_GTFS-Semaine-02',549,,2324,,,0,67,,2341,,,0,32,,2335,,,0,70,,2342,,,0,33,,2336,,,0,70,,2343,,,0,30,,2337,,,0,170,,2331,,,0,200,,2332,,,0,200,,2333,0,8 5,0,101,,2330,,,0,104,,2339,,,0,30,,2338,,,0,70,,2340,,,0,30,,2334,,,0,96,,2323,,,0,170,,2329,,,0,94,,2326,,,0,100,,2325,,,0,100,,2327,,,0,197,,2328,0,14 1 15,0
200,'TM-H26-TM_GTFS-Week-end-02',717,,2344,,,0,205,,2345,,,0,200,,2346,,,0,200,,2347,,,0,200,,2348,,,0,196,,2349,,,0,199,,2350,,,0,200,,2351,,,0,200,,2352,,,0,198,,2353,0,14 1 15,0
2100,'TM-H26-TM_GTFS-Fête-2-02',616,,3653,0,16 1 5,0,91,,3652,0,16 1 5,0,100,,3654,0,16 1 5,0,100,,3655,0,16 1 5,0
2100,'TM-H26-TM_GTFS-Semaine-02',616,,3657,0,16 1 5,0,91,,3656,0,16 1 5,0,100,,3658,0,16 1 5,0,100,,3659,0,16 1 5,0
41701,'TM-H26-TM_GTFS-Fête-2-02',1722,,4010,,,0,88,,4012,,,0,37,,4013,,,0,78,,4011,,,0
41701,'TM-H26-TM_GTFS-Semaine-02',1722,,4014,,,0,88,,4016,,,0,37,,4017,,,0,78,,4015,,,0
2000041701,'TM-H26-TM_GTFS-Fête-2-02',1328,,4377,,,0
2000041701,'TM-H26-TM_GTFS-Semaine-02',1328,,4378,,,0
