1400,'TM-H26-TM_GTFS-Fête-1-01',629,,1700,170,0,8 5,0,100,,1705,170,0,8 5,0,99,,1703,170,0,8 5,0,98,,1717,170,0,8 5,0,99,,1712,170,0,8 5,0,100,,1710,170,0,8 5,0,100,,1713,170,0,8 5,0,100,,1711,170,0,8 5,0,100,,1714,170,0,8 5,0,102,,1718,170,0,8 5,0,100,,1715,170,0,8 5,0,100,,1719,170,0,8 5,0,100,,1716,170,0,8 5,0,100,,1702,170,0,8 5,0,100,,1706,170,0,8 5,0,100,,1709,170,0,8 5,0,101,,1707,170,0,8 5,0,102,,1704,170,0,8 5,0,100,,1708,170,0,8 5,0,100,,1701,170,0,8 5,0
1400,'TM-H26-TM_GTFS-Fête-2-02',517,,1750,170,0,8 5,0,31,,1735,170,0,8 5,0,70,,1751,170,0,8 5,0,30,,1760,170,0,8 5,0,67,,1737,170,0,8 5,0,31,,1753,170,0,8 5,0,70,,1733,170,0,8 5,0,34,,1739,170,0,8 5,0,70,,1755,170,0,8 5,0,32,,1741,170,0,8 5,0,100,,1761,170,0,8 5,0,100,,1765,170,0,8 5,0,100,,1763,170,0,8 5,0,100,,1720,170,0,8 5,0,100,,1730,170,0,8 5,0,100,,1722,170,0,8 5,0,70,,1757,170,0,8 5,0,30,,1732,170,0,8 5,0,70,,1724,170,0,8 5,0,30,,1768,170,0,8 5,0,72,,1744,170,0,8 5,0,30,,1726,170,0,8 5,0,102,,1770,170,0,8 5,0,101,,1728,170,0,8 5,0,100,,1746,170,0,8 5,0,102,,1758,170,0,8 5,0,141,,1748,170,0,8 5,0,59,,1772,170,0,8 5,0
1400,'TM-H26-TM_GTFS-Semaine-02',517,,1805,170,0,8 5,0,31,,1790,170,0,8 5,0,70,,1806,170,0,8 5,0,30,,1815,170,0,8 5,0,67,,1792,170,0,8 5,0,31,,1808,170,0,8 5,0,70,,1788,170,0,8 5,0,34,,1794,170,0,8 5,0,70,,1810,170,0,8 5,0,32,,1796,170,0,8 5,0,100,,1816,170,0,8 5,0,100,,1820,170,0,8 5,0,100,,1818,170,0,8 5,0,100,,1775,170,0,8 5,0,100,,1785,170,0,8 5,0,100,,1777,170,0,8 5,0,70,,1812,170,0,8 5,0,30,,1787,170,0,8 5,0,70,,1779,170,0,8 5,0,30,,1823,170,0,8 5,0,72,,1799,170,0,8 5,0,30,,1781,170,0,8 5,0,102,,1825,170,0,8 5,0,101,,1783,170,0,8 5,0,100,,1801,170,0,8 5,0,102,,1813,170,0,8 5,0,141,,1803,170,0,8 5,0,59,,1827,170,0,8 5,0
1400,'TM-H26-TM_GTFS-Week-end-02',629,,1830,170,0,8 5,0,100,,1835,170,0,8 5,0,99,,1833,170,0,8 5,0,98,,1847,170,0,8 5,0,99,,1842,170,0,8 5,0,100,,1840,170,0,8 5,0,100,,1843,170,0,8 5,0,100,,1841,170,0,8 5,0,100,,1844,170,0,8 5,0,102,,1848,170,0,8 5,0,100,,1845,170,0,8 5,0,100,,1849,170,0,8 5,0,100,,1846,170,0,8 5,0,100,,1832,170,0,8 5,0,100,,1836,170,0,8 5,0,100,,1839,170,0,8 5,0,101,,1837,170,0,8 5,0,102,,1834,170,0,8 5,0,100,,1838,170,0,8 5,0,100,,1831,170,0,8 5,0
41701,'TM-H26-TM_GTFS-Fête-2-02',1739,,2964,280,,,0,87,,2966,280,,,0,76,,2967,280,,,0,38,,2965,280,,,0
41701,'TM-H26-TM_GTFS-Semaine-02',1739,,2968,280,,,0,87,,2970,280,,,0,76,,2971,280,,,0,38,,2969,280,,,0
2000001501,'TM-H26-TM_GTFS-Fête-2-02',711,,3227,190,,,0,110,,3228,190,,,0,90,,3229,190,,,0,315,,3230,190,,,0
2000001501,'TM-H26-TM_GTFS-Semaine-02',711,,3231,190,,,0,110,,3232,190,,,0,90,,3233,190,,,0,315,,3234,190,,,0
2000041701,'TM-H26-TM_GTFS-Fête-2-02',1345,,3331,280,,,0
2000041701,'TM-H26-TM_GTFS-Semaine-02',1345,,3332,280,,,0
