1400,'TM-H26-TM_GTFS-Fête-1-01',622,,1700,30,0,8 5,0,100,,1705,30,0,8 5,0,98,,1703,30,0,8 5,0,99,,1717,30,0,8 5,0,99,,1712,30,0,8 5,0,100,,1710,30,0,8 5,0,100,,1713,30,0,8 5,0,100,,1711,30,0,8 5,0,100,,1714,30,0,8 5,0,102,,1718,30,0,8 5,0,100,,1715,30,0,8 5,0,100,,1719,30,0,8 5,0,100,,1716,30,0,8 5,0,100,,1702,30,0,8 5,0,100,,1706,30,0,8 5,0,100,,1709,30,0,8 5,0,101,,1707,30,0,8 5,0,102,,1704,30,0,8 5,0,100,,1708,30,0,8 5,0,100,,1701,30,0,8 5,0
1400,'TM-H26-TM_GTFS-Fête-2-02',509,,1750,30,0,8 5,0,30,,1735,30,0,8 5,0,70,,1751,30,0,8 5,0,30,,1760,30,0,8 5,0,67,,1737,30,0,8 5,0,32,,1753,30,0,8 5,0,70,,1733,30,0,8 5,0,34,,1739,30,0,8 5,0,70,,1755,30,0,8 5,0,32,,1741,30,0,8 5,0,100,,1761,30,0,8 5,0,100,,1765,30,0,8 5,0,100,,1763,30,0,8 5,0,100,,1720,30,0,8 5,0,100,,1730,30,0,8 5,0,101,,1722,30,0,8 5,0,70,,1757,30,0,8 5,0,30,,1732,30,0,8 5,0,70,,1724,30,0,8 5,0,30,,1768,30,0,8 5,0,72,,1744,30,0,8 5,0,30,,1726,30,0,8 5,0,102,,1770,30,0,8 5,0,101,,1728,30,0,8 5,0,100,,1746,30,0,8 5,0,102,,1758,30,0,8 5,0,101,,1748,30,0,8 5,0,99,,1772,30,0,8 5,0
1400,'TM-H26-TM_GTFS-Semaine-02',509,,1805,30,0,8 5,0,30,,1790,30,0,8 5,0,70,,1806,30,0,8 5,0,30,,1815,30,0,8 5,0,67,,1792,30,0,8 5,0,32,,1808,30,0,8 5,0,70,,1788,30,0,8 5,0,34,,1794,30,0,8 5,0,70,,1810,30,0,8 5,0,32,,1796,30,0,8 5,0,100,,1816,30,0,8 5,0,100,,1820,30,0,8 5,0,100,,1818,30,0,8 5,0,100,,1775,30,0,8 5,0,100,,1785,30,0,8 5,0,101,,1777,30,0,8 5,0,70,,1812,30,0,8 5,0,30,,1787,30,0,8 5,0,70,,1779,30,0,8 5,0,30,,1823,30,0,8 5,0,72,,1799,30,0,8 5,0,30,,1781,30,0,8 5,0,102,,1825,30,0,8 5,0,101,,1783,30,0,8 5,0,100,,1801,30,0,8 5,0,102,,1813,30,0,8 5,0,101,,1803,30,0,8 5,0,99,,1827,30,0,8 5,0
1400,'TM-H26-TM_GTFS-Week-end-02',622,,1830,30,0,8 5,0,100,,1835,30,0,8 5,0,98,,1833,30,0,8 5,0,99,,1847,30,0,8 5,0,99,,1842,30,0,8 5,0,100,,1840,30,0,8 5,0,100,,1843,30,0,8 5,0,100,,1841,30,0,8 5,0,100,,1844,30,0,8 5,0,102,,1848,30,0,8 5,0,100,,1845,30,0,8 5,0,100,,1849,30,0,8 5,0,100,,1846,30,0,8 5,0,100,,1832,30,0,8 5,0,100,,1836,30,0,8 5,0,100,,1839,30,0,8 5,0,101,,1837,30,0,8 5,0,102,,1834,30,0,8 5,0,100,,1838,30,0,8 5,0,100,,1831,30,0,8 5,0
1701,'TM-H26-TM_GTFS-Fête-1-01',611,,1982,270,,,0,100,,1973,270,,,0,100,,1964,270,,,0,100,,1974,270,,,0,100,,1965,270,,,0,100,,1975,270,,,0,100,,1966,270,,,0,100,,1976,270,,,0,100,,1967,270,,,0,100,,1977,270,,,0,100,,1968,270,,,0,100,,1978,270,,,0,100,,1969,270,,,0,100,,1979,270,,,0,100,,1970,270,,,0,100,,1980,270,,,0,100,,1971,270,,,0,100,,1981,270,,,0,100,,1972,270,,,0
1701,'TM-H26-TM_GTFS-Fête-2-02',510,,1986,270,,,0,100,,1995,270,,,0,94,,1987,270,,,0,106,,1996,270,,,0,100,,1988,270,,,0,100,,1997,270,,,0,100,,1989,270,,,0,100,,1998,270,,,0,100,,1990,270,,,0,100,,1999,270,,,0,100,,1991,270,,,0,100,,2000,270,,,0,104,,1992,270,,,0,99,,1983,270,,,0,95,,1993,270,,,0,100,,1984,270,,,0,100,,1994,270,,,0,100,,1985,270,,,0,100,,2001,270,,,0,100,,2002,270,,,0
1701,'TM-H26-TM_GTFS-Semaine-02',510,,2006,270,,,0,100,,2015,270,,,0,94,,2007,270,,,0,106,,2016,270,,,0,100,,2008,270,,,0,100,,2017,270,,,0,100,,2009,270,,,0,100,,2018,270,,,0,100,,2010,270,,,0,100,,2019,270,,,0,100,,2011,270,,,0,100,,2020,270,,,0,104,,2012,270,,,0,99,,2003,270,,,0,95,,2013,270,,,0,100,,2004,270,,,0,100,,2014,270,,,0,100,,2005,270,,,0,100,,2021,270,,,0,100,,2022,270,,,0
1701,'TM-H26-TM_GTFS-Week-end-02',611,,2041,270,,,0,100,,2032,270,,,0,100,,2023,270,,,0,100,,2033,270,,,0,100,,2024,270,,,0,100,,2034,270,,,0,100,,2025,270,,,0,100,,2035,270,,,0,100,,2026,270,,,0,100,,2036,270,,,0,100,,2027,270,,,0,100,,2037,270,,,0,100,,2028,270,,,0,100,,2038,270,,,0,100,,2029,270,,,0,100,,2039,270,,,0,100,,2030,270,,,0,100,,2040,270,,,0,100,,2031,270,,,0
41700,'TM-H26-TM_GTFS-Fête-2-02',539,,2957,30,,,0,73,,2959,30,,,0,40,,2956,30,,,0,99,,2958,30,,,0
41700,'TM-H26-TM_GTFS-Semaine-02',539,,2961,30,,,0,73,,2963,30,,,0,40,,2960,30,,,0,99,,2962,30,,,0
2000001501,'TM-H26-TM_GTFS-Fête-2-02',702,,3227,50,,,0,110,,3228,50,,,0,90,,3229,50,,,0,315,,3230,50,,,0
2000001501,'TM-H26-TM_GTFS-Semaine-02',702,,3231,50,,,0,110,,3232,50,,,0,90,,3233,50,,,0,315,,3234,50,,,0
2000041700,'TM-H26-TM_GTFS-Fête-2-02',1256,,3329,30,,,0
2000041700,'TM-H26-TM_GTFS-Semaine-02',1256,,3330,30,,,0
