300,'TM-H26-TM_GTFS-Fête-1-01',625,,2354,,,0,201,,2355,,,0,207,,2356,,,0,200,,2357,,,0,200,,2358,,,0,197,,2359,,,0,197,,2360,,,0,199,,2361,,,0,200,,2362,,,0,198,,2363,,,0
300,'TM-H26-TM_GTFS-Fête-2-02',532,,2365,,,0,98,,2366,,,0,70,,2382,,,0,31,,2376,,,0,70,,2381,,,0,32,,2375,,,0,100,,2370,,,0,200,,2371,,,0,200,,2372,,,0,170,,2374,,,0,105,,2373,,,0,99,,2379,,,0,28,,2378,,,0,67,,2380,,,0,30,,2377,,,0,95,,2364,,,0,128,,2367,,,0,100,,2368,,,0,268,,2369,,,0
300,'TM-H26-TM_GTFS-Semaine-02',532,,2384,,,0,98,,2385,,,0,70,,2401,,,0,31,,2395,,,0,70,,2400,,,0,32,,2394,,,0,100,,2389,,,0,200,,2390,,,0,200,,2391,,,0,170,,2393,,,0,105,,2392,,,0,99,,2398,,,0,28,,2397,,,0,67,,2399,,,0,30,,2396,,,0,95,,2383,,,0,128,,2386,,,0,100,,2387,,,0,268,,2388,,,0
300,'TM-H26-TM_GTFS-Week-end-02',625,,2402,,,0,201,,2403,,,0,207,,2404,,,0,200,,2405,,,0,200,,2406,,,0,197,,2407,,,0,197,,2408,,,0,199,,2409,,,0,200,,2410,,,0,198,,2411,,,0
2001,'TM-H26-TM_GTFS-Fête-1-01',629,,3568,,,0,101,,3569,,,0,101,,3570,,,0,100,,3571,,,0,101,,3562,,,0,101,,3563,,,0,100,,3572,,,0,101,,3573,,,0,100,,3574,,,0,99,,3564,,,0,100,,3565,,,0,99,,3566,,,0,98,,3567,,,0,100,,3575,,,0,100,,3576,,,0,100,,3577,,,0,99,,3578,,,0,100,,3579,,,0,100,,3580,,,0
2001,'TM-H26-TM_GTFS-Fête-2-02',530,,3585,,,0,101,,3586,,,0,70,,3582,,,0,30,,3587,,,0,72,,3606,,,0,30,,3588,,,0,70,,3604,,,0,30,,3589,,,0,100,,3590,,,0,101,,3581,,,0,100,,3591,,,0,100,,3598,,,0,98,,3599,,,0,99,,3600,,,0,100,,3601,,,0,25,,3602,,,0,70,,3583,,,0,30,,3603,,,0,70,,3592,,,0,31,,3605,,,0,69,,3584,,,0,105,,3593,,,0,99,,3594,,,0,99,,3595,,,0,100,,3596,,,0,100,,3597,,,0
2001,'TM-H26-TM_GTFS-Semaine-02',530,,3611,,,0,101,,3612,,,0,70,,3608,,,0,30,,3613,,,0,72,,3632,,,0,30,,3614,,,0,70,,3630,,,0,30,,3615,,,0,100,,3616,,,0,101,,3607,,,0,100,,3617,,,0,100,,3624,,,0,98,,3625,,,0,99,,3626,,,0,100,,3627,,,0,25,,3628,,,0,70,,3609,,,0,30,,3629,,,0,70,,3618,,,0,31,,3631,,,0,69,,3610,,,0,105,,3619,,,0,99,,3620,,,0,99,,3621,,,0,100,,3622,,,0,100,,3623,,,0
2001,'TM-H26-TM_GTFS-Week-end-02',629,,3639,,,0,101,,3640,,,0,101,,3641,,,0,100,,3642,,,0,101,,3633,,,0,101,,3634,,,0,100,,3643,,,0,101,,3644,,,0,100,,3645,,,0,99,,3635,,,0,100,,3636,,,0,99,,3637,,,0,98,,3638,,,0,100,,3646,,,0,100,,3647,,,0,100,,3648,,,0,99,,3649,,,0,100,,3650,,,0,100,,3651,,,0
2100,'TM-H26-TM_GTFS-Fête-2-02',632,,3653,0,16 1 5,0,93,,3652,0,16 1 5,0,100,,3654,0,16 1 5,0,100,,3655,0,16 1 5,0
2100,'TM-H26-TM_GTFS-Semaine-02',632,,3657,0,16 1 5,0,93,,3656,0,16 1 5,0,100,,3658,0,16 1 5,0,100,,3659,0,16 1 5,0
2101,'TM-H26-TM_GTFS-Fête-2-02',1631,,3662,0,16 1 5,0,100,,3661,0,16 1 5,0,100,,3660,0,16 1 5,0
2101,'TM-H26-TM_GTFS-Semaine-02',1631,,3665,0,16 1 5,0,100,,3664,0,16 1 5,0,100,,3663,0,16 1 5,0
2701,'TM-H26-TM_GTFS-Semaine-02',556,,3774,,,0,98,,3777,,,0,100,,3778,,,0,100,,3779,,,0,769,,3775,,,0,103,,3776,,,0,100,,3780,,,0
