1100,'TM-E26-TM_GTFS-Fête-1-01',628,,3577,560,,,0,100,,3587,560,,,0,101,,3578,560,,,0,101,,3579,560,,,0,100,,3588,560,,,0,101,,3580,560,,,0,100,,3589,560,,,0,100,,3581,560,,,0,100,,3590,560,,,0,100,,3582,560,,,0,100,,3591,560,,,0,100,,3583,560,,,0,99,,3592,560,,,0,100,,3584,560,,,0,100,,3593,560,,,0,98,,3585,560,,,0,100,,3594,560,,,0,100,,3586,560,,,0,100,,3595,560,,,0,100,,3596,560,,,0
1100,'TM-E26-TM_GTFS-Semaine-01',558,,3597,560,,,0,70,,3619,560,,,0,30,,3608,560,,,0,70,,3604,560,,,0,30,,3598,560,,,0,70,,3620,560,,,0,30,,3609,560,,,0,71,,3612,560,,,0,101,,3616,560,,,0,100,,3613,560,,,0,100,,3617,560,,,0,100,,3614,560,,,0,101,,3618,560,,,0,100,,3625,560,,,0,70,,3605,560,,,0,31,,3607,560,,,0,69,,3610,560,,,0,30,,3599,560,,,0,70,,3606,560,,,0,30,,3621,560,,,0,70,,3611,560,,,0,29,,3600,560,,,0,28,,3615,560,,,0,70,,3622,560,,,0,100,,3601,560,,,0,100,,3623,560,,,0,100,,3602,560,,,0,100,,3624,560,,,0,100,,3603,560,,,0
1100,'TM-E26-TM_GTFS-Week-end-01',628,,3626,560,,,0,100,,3636,560,,,0,101,,3627,560,,,0,101,,3628,560,,,0,100,,3637,560,,,0,101,,3629,560,,,0,100,,3638,560,,,0,100,,3630,560,,,0,100,,3639,560,,,0,100,,3631,560,,,0,100,,3640,560,,,0,100,,3632,560,,,0,99,,3641,560,,,0,100,,3633,560,,,0,100,,3642,560,,,0,98,,3634,560,,,0,100,,3643,560,,,0,100,,3635,560,,,0,100,,3644,560,,,0,100,,3645,560,,,0
1101,'TM-E26-TM_GTFS-Fête-1-01',603,,3656,110,,,0,100,,3646,110,,,0,100,,3657,110,,,0,101,,3647,110,,,0,100,,3648,110,,,0,100,,3658,110,,,0,100,,3649,110,,,0,100,,3659,110,,,0,100,,3650,110,,,0,100,,3660,110,,,0,100,,3651,110,,,0,100,,3661,110,,,0,100,,3652,110,,,0,100,,3662,110,,,0,100,,3653,110,,,0,99,,3663,110,,,0,100,,3654,110,,,0,100,,3664,110,,,0,100,,3655,110,,,0
1101,'TM-E26-TM_GTFS-Semaine-01',602,,3670,110,,,0,30,,3665,110,,,0,70,,3685,110,,,0,30,,3675,110,,,0,70,,3678,110,,,0,100,,3686,110,,,0,57,,3679,110,,,0,142,,3682,110,,,0,100,,3680,110,,,0,100,,3683,110,,,0,100,,3681,110,,,0,57,,3684,110,,,0,70,,3676,110,,,0,73,,3690,110,,,0,30,,3671,110,,,0,72,,3673,110,,,0,29,,3677,110,,,0,70,,3666,110,,,0,29,,3672,110,,,0,72,,3687,110,,,0,103,,3667,110,,,0,99,,3688,110,,,0,101,,3668,110,,,0,99,,3689,110,,,0,101,,3669,110,,,0
1101,'TM-E26-TM_GTFS-Week-end-01',603,,3701,110,,,0,100,,3691,110,,,0,100,,3702,110,,,0,101,,3692,110,,,0,100,,3693,110,,,0,100,,3703,110,,,0,100,,3694,110,,,0,100,,3704,110,,,0,100,,3695,110,,,0,100,,3705,110,,,0,100,,3696,110,,,0,100,,3706,110,,,0,100,,3697,110,,,0,100,,3707,110,,,0,100,,3698,110,,,0,99,,3708,110,,,0,100,,3699,110,,,0,100,,3709,110,,,0,100,,3700,110,,,0
4000,'TM-E26-TM_GTFS-Fête-1-01',726,,4417,280,,,0,397,,4418,280,,,0,500,,4419,280,,,0
4000,'TM-E26-TM_GTFS-Week-end-01',726,,4420,280,,,0,397,,4421,280,,,0,500,,4422,280,,,0
4001,'TM-E26-TM_GTFS-Fête-1-01',812,,4423,130,,,0,402,,4424,130,,,0,498,,4425,130,,,0
4001,'TM-E26-TM_GTFS-Week-end-01',812,,4426,130,,,0,402,,4427,130,,,0,498,,4428,130,,,0
