1400,'TM-H26-TM_GTFS-Fête-1-01',635,,1700,260,0,8 5,0,100,,1705,260,0,8 5,0,99,,1703,260,0,8 5,0,99,,1717,260,0,8 5,0,99,,1712,260,0,8 5,0,100,,1710,260,0,8 5,0,99,,1713,260,0,8 5,0,100,,1711,260,0,8 5,0,100,,1714,260,0,8 5,0,102,,1718,260,0,8 5,0,100,,1715,260,0,8 5,0,100,,1719,260,0,8 5,0,100,,1716,260,0,8 5,0,100,,1702,260,0,8 5,0,100,,1706,260,0,8 5,0,100,,1709,260,0,8 5,0,101,,1707,260,0,8 5,0,102,,1704,260,0,8 5,0,100,,1708,260,0,8 5,0,100,,1701,260,0,8 5,0
1400,'TM-H26-TM_GTFS-Fête-2-02',524,,1750,260,0,8 5,0,31,,1735,260,0,8 5,0,71,,1751,260,0,8 5,0,30,,1760,260,0,8 5,0,67,,1737,260,0,8 5,0,31,,1753,260,0,8 5,0,70,,1733,260,0,8 5,0,32,,1739,260,0,8 5,0,70,,1755,260,0,8 5,0,32,,1741,260,0,8 5,0,100,,1761,260,0,8 5,0,100,,1765,260,0,8 5,0,100,,1763,260,0,8 5,0,100,,1720,260,0,8 5,0,100,,1730,260,0,8 5,0,100,,1722,260,0,8 5,0,70,,1757,260,0,8 5,0,30,,1732,260,0,8 5,0,70,,1724,260,0,8 5,0,30,,1768,260,0,8 5,0,72,,1744,260,0,8 5,0,70,,1726,260,0,8 5,0,102,,1770,260,0,8 5,0,101,,1728,260,0,8 5,0,100,,1746,260,0,8 5,0,101,,1758,260,0,8 5,0,101,,1748,260,0,8 5,0,99,,1772,260,0,8 5,0
1400,'TM-H26-TM_GTFS-Semaine-02',524,,1805,260,0,8 5,0,31,,1790,260,0,8 5,0,71,,1806,260,0,8 5,0,30,,1815,260,0,8 5,0,67,,1792,260,0,8 5,0,31,,1808,260,0,8 5,0,70,,1788,260,0,8 5,0,32,,1794,260,0,8 5,0,70,,1810,260,0,8 5,0,32,,1796,260,0,8 5,0,100,,1816,260,0,8 5,0,100,,1820,260,0,8 5,0,100,,1818,260,0,8 5,0,100,,1775,260,0,8 5,0,100,,1785,260,0,8 5,0,100,,1777,260,0,8 5,0,70,,1812,260,0,8 5,0,30,,1787,260,0,8 5,0,70,,1779,260,0,8 5,0,30,,1823,260,0,8 5,0,72,,1799,260,0,8 5,0,70,,1781,260,0,8 5,0,102,,1825,260,0,8 5,0,101,,1783,260,0,8 5,0,100,,1801,260,0,8 5,0,101,,1813,260,0,8 5,0,101,,1803,260,0,8 5,0,99,,1827,260,0,8 5,0
1400,'TM-H26-TM_GTFS-Week-end-02',635,,1830,260,0,8 5,0,100,,1835,260,0,8 5,0,99,,1833,260,0,8 5,0,99,,1847,260,0,8 5,0,99,,1842,260,0,8 5,0,100,,1840,260,0,8 5,0,99,,1843,260,0,8 5,0,100,,1841,260,0,8 5,0,100,,1844,260,0,8 5,0,102,,1848,260,0,8 5,0,100,,1845,260,0,8 5,0,100,,1849,260,0,8 5,0,100,,1846,260,0,8 5,0,100,,1832,260,0,8 5,0,100,,1836,260,0,8 5,0,100,,1839,260,0,8 5,0,101,,1837,260,0,8 5,0,102,,1834,260,0,8 5,0,100,,1838,260,0,8 5,0,100,,1831,260,0,8 5,0
1701,'TM-H26-TM_GTFS-Fête-1-01',625,,1982,470,,,0,100,,1973,470,,,0,100,,1964,470,,,0,100,,1974,470,,,0,100,,1965,470,,,0,100,,1975,470,,,0,100,,1966,470,,,0,100,,1976,470,,,0,100,,1967,470,,,0,100,,1977,470,,,0,100,,1968,470,,,0,100,,1978,470,,,0,100,,1969,470,,,0,100,,1979,470,,,0,100,,1970,470,,,0,100,,1980,470,,,0,100,,1971,470,,,0,100,,1981,470,,,0,100,,1972,470,,,0
1701,'TM-H26-TM_GTFS-Fête-2-02',525,,1986,470,,,0,101,,1995,470,,,0,93,,1987,470,,,0,106,,1996,470,,,0,99,,1988,470,,,0,99,,1997,470,,,0,100,,1989,470,,,0,100,,1998,470,,,0,100,,1990,470,,,0,100,,1999,470,,,0,101,,1991,470,,,0,100,,2000,470,,,0,104,,1992,470,,,0,99,,1983,470,,,0,95,,1993,470,,,0,100,,1984,470,,,0,100,,1994,470,,,0,100,,1985,470,,,0,100,,2001,470,,,0,100,,2002,470,,,0
1701,'TM-H26-TM_GTFS-Semaine-02',525,,2006,470,,,0,101,,2015,470,,,0,93,,2007,470,,,0,106,,2016,470,,,0,99,,2008,470,,,0,99,,2017,470,,,0,100,,2009,470,,,0,100,,2018,470,,,0,100,,2010,470,,,0,100,,2019,470,,,0,101,,2011,470,,,0,100,,2020,470,,,0,104,,2012,470,,,0,99,,2003,470,,,0,95,,2013,470,,,0,100,,2004,470,,,0,100,,2014,470,,,0,100,,2005,470,,,0,100,,2021,470,,,0,100,,2022,470,,,0
1701,'TM-H26-TM_GTFS-Week-end-02',625,,2041,470,,,0,100,,2032,470,,,0,100,,2023,470,,,0,100,,2033,470,,,0,100,,2024,470,,,0,100,,2034,470,,,0,100,,2025,470,,,0,100,,2035,470,,,0,100,,2026,470,,,0,100,,2036,470,,,0,100,,2027,470,,,0,100,,2037,470,,,0,100,,2028,470,,,0,100,,2038,470,,,0,100,,2029,470,,,0,100,,2039,470,,,0,100,,2030,470,,,0,100,,2040,470,,,0,100,,2031,470,,,0
2000001501,'TM-H26-TM_GTFS-Fête-2-02',721,,3227,270,,,0,110,,3228,270,,,0,90,,3229,270,,,0,315,,3230,270,,,0
2000001501,'TM-H26-TM_GTFS-Semaine-02',721,,3231,270,,,0,110,,3232,270,,,0,90,,3233,270,,,0,315,,3234,270,,,0
