1401,'TM-H26-TM_GTFS-Fête-1-01',813,,2901,,,0,103,,2898,,,0,101,,2912,,,0,101,,2908,,,0,101,,2906,,,0,100,,2909,,,0,101,,2907,,,0,100,,2910,,,0,100,,2913,,,0,99,,2911,,,0,100,,2896,,,0,99,,2899,,,0,99,,2897,,,0,100,,2902,,,0,97,,2905,,,0,102,,2903,,,0,99,,2900,,,0,100,,2904,,,0
1401,'TM-H26-TM_GTFS-Week-end-02',813,,2919,,,0,103,,2916,,,0,101,,2930,,,0,101,,2926,,,0,101,,2924,,,0,100,,2927,,,0,101,,2925,,,0,100,,2928,,,0,100,,2931,,,0,99,,2929,,,0,100,,2914,,,0,99,,2917,,,0,99,,2915,,,0,100,,2920,,,0,97,,2923,,,0,102,,2921,,,0,99,,2918,,,0,100,,2922,,,0
1700,'TM-H26-TM_GTFS-Fête-1-01',715,,2932,,,0,100,,2942,,,0,101,,2933,,,0,101,,2943,,,0,100,,2934,,,0,101,,2944,,,0,100,,2935,,,0,101,,2945,,,0,100,,2936,,,0,100,,2946,,,0,100,,2937,,,0,99,,2947,,,0,99,,2938,,,0,100,,2948,,,0,100,,2939,,,0,100,,2949,,,0,99,,2940,,,0,99,,2950,,,0,99,,2941,,,0
1700,'TM-H26-TM_GTFS-Fête-2-02',616,,2955,,,0,101,,2963,,,0,100,,2956,,,0,100,,2964,,,0,101,,2957,,,0,100,,2951,,,0,100,,2958,,,0,100,,2965,,,0,101,,2959,,,0,102,,2966,,,0,103,,2960,,,0,100,,2952,,,0,96,,2961,,,0,98,,2953,,,0,99,,2962,,,0,100,,2954,,,0,100,,2968,,,0,99,,2970,,,0,100,,2969,,,0,98,,2967,,,0
1700,'TM-H26-TM_GTFS-Semaine-02',616,,2975,,,0,101,,2983,,,0,100,,2976,,,0,100,,2984,,,0,101,,2977,,,0,100,,2971,,,0,100,,2978,,,0,100,,2985,,,0,101,,2979,,,0,102,,2986,,,0,103,,2980,,,0,100,,2972,,,0,96,,2981,,,0,98,,2973,,,0,99,,2982,,,0,100,,2974,,,0,100,,2988,,,0,99,,2990,,,0,100,,2989,,,0,98,,2987,,,0
1700,'TM-H26-TM_GTFS-Week-end-02',715,,2991,,,0,100,,3001,,,0,101,,2992,,,0,101,,3002,,,0,100,,2993,,,0,101,,3003,,,0,100,,2994,,,0,101,,3004,,,0,100,,2995,,,0,100,,3005,,,0,100,,2996,,,0,99,,3006,,,0,99,,2997,,,0,100,,3007,,,0,100,,2998,,,0,100,,3008,,,0,99,,2999,,,0,99,,3009,,,0,99,,3000,,,0
41701,'TM-H26-TM_GTFS-Fête-2-02',1746,,4010,,,0,87,,4012,,,0,76,,4013,,,0,38,,4011,,,0
41701,'TM-H26-TM_GTFS-Semaine-02',1746,,4014,,,0,87,,4016,,,0,76,,4017,,,0,38,,4015,,,0
2000001500,'TM-H26-TM_GTFS-Fête-2-02',1246,,4265,,,0,400,,4266,,,0,100,,4267,,,0,100,,4268,,,0
2000001500,'TM-H26-TM_GTFS-Semaine-02',1246,,4269,,,0,400,,4270,,,0,100,,4271,,,0,100,,4272,,,0
2000041701,'TM-H26-TM_GTFS-Fête-2-02',1352,,4377,,,0
2000041701,'TM-H26-TM_GTFS-Semaine-02',1352,,4378,,,0
