1100,'TM-E26-TM_GTFS-Fête-1-01',627,,3577,550,,,0,100,,3587,550,,,0,101,,3578,550,,,0,101,,3579,550,,,0,100,,3588,550,,,0,101,,3580,550,,,0,100,,3589,550,,,0,100,,3581,550,,,0,100,,3590,550,,,0,100,,3582,550,,,0,100,,3591,550,,,0,100,,3583,550,,,0,99,,3592,550,,,0,100,,3584,550,,,0,100,,3593,550,,,0,98,,3585,550,,,0,100,,3594,550,,,0,100,,3586,550,,,0,100,,3595,550,,,0,100,,3596,550,,,0
1100,'TM-E26-TM_GTFS-Semaine-01',557,,3597,550,,,0,70,,3619,550,,,0,30,,3608,550,,,0,70,,3604,550,,,0,30,,3598,550,,,0,70,,3620,550,,,0,30,,3609,550,,,0,71,,3612,550,,,0,101,,3616,550,,,0,100,,3613,550,,,0,100,,3617,550,,,0,100,,3614,550,,,0,101,,3618,550,,,0,100,,3625,550,,,0,70,,3605,550,,,0,31,,3607,550,,,0,69,,3610,550,,,0,30,,3599,550,,,0,70,,3606,550,,,0,30,,3621,550,,,0,70,,3611,550,,,0,29,,3600,550,,,0,28,,3615,550,,,0,70,,3622,550,,,0,100,,3601,550,,,0,100,,3623,550,,,0,100,,3602,550,,,0,100,,3624,550,,,0,100,,3603,550,,,0
1100,'TM-E26-TM_GTFS-Week-end-01',627,,3626,550,,,0,100,,3636,550,,,0,101,,3627,550,,,0,101,,3628,550,,,0,100,,3637,550,,,0,101,,3629,550,,,0,100,,3638,550,,,0,100,,3630,550,,,0,100,,3639,550,,,0,100,,3631,550,,,0,100,,3640,550,,,0,100,,3632,550,,,0,99,,3641,550,,,0,100,,3633,550,,,0,100,,3642,550,,,0,98,,3634,550,,,0,100,,3643,550,,,0,100,,3635,550,,,0,100,,3644,550,,,0,100,,3645,550,,,0
1101,'TM-E26-TM_GTFS-Fête-1-01',602,,3656,100,,,0,100,,3646,100,,,0,100,,3657,100,,,0,101,,3647,100,,,0,100,,3648,100,,,0,100,,3658,100,,,0,100,,3649,100,,,0,100,,3659,100,,,0,100,,3650,100,,,0,100,,3660,100,,,0,100,,3651,100,,,0,100,,3661,100,,,0,100,,3652,100,,,0,100,,3662,100,,,0,100,,3653,100,,,0,99,,3663,100,,,0,100,,3654,100,,,0,100,,3664,100,,,0,100,,3655,100,,,0
1101,'TM-E26-TM_GTFS-Semaine-01',601,,3670,100,,,0,30,,3665,100,,,0,70,,3685,100,,,0,30,,3675,100,,,0,70,,3678,100,,,0,100,,3686,100,,,0,57,,3679,100,,,0,142,,3682,100,,,0,100,,3680,100,,,0,100,,3683,100,,,0,100,,3681,100,,,0,57,,3684,100,,,0,70,,3676,100,,,0,73,,3690,100,,,0,30,,3671,100,,,0,72,,3673,100,,,0,29,,3677,100,,,0,70,,3666,100,,,0,29,,3672,100,,,0,72,,3687,100,,,0,103,,3667,100,,,0,99,,3688,100,,,0,101,,3668,100,,,0,99,,3689,100,,,0,101,,3669,100,,,0
1101,'TM-E26-TM_GTFS-Week-end-01',602,,3701,100,,,0,100,,3691,100,,,0,100,,3702,100,,,0,101,,3692,100,,,0,100,,3693,100,,,0,100,,3703,100,,,0,100,,3694,100,,,0,100,,3704,100,,,0,100,,3695,100,,,0,100,,3705,100,,,0,100,,3696,100,,,0,100,,3706,100,,,0,100,,3697,100,,,0,100,,3707,100,,,0,100,,3698,100,,,0,99,,3708,100,,,0,100,,3699,100,,,0,100,,3709,100,,,0,100,,3700,100,,,0
4000,'TM-E26-TM_GTFS-Fête-1-01',725,,4417,270,,,0,397,,4418,270,,,0,500,,4419,270,,,0
4000,'TM-E26-TM_GTFS-Week-end-01',725,,4420,270,,,0,397,,4421,270,,,0,500,,4422,270,,,0
4001,'TM-E26-TM_GTFS-Fête-1-01',812,,4423,120,,,0,401,,4424,120,,,0,499,,4425,120,,,0
4001,'TM-E26-TM_GTFS-Week-end-01',812,,4426,120,,,0,401,,4427,120,,,0,499,,4428,120,,,0
