200,'TM-H26-TM_GTFS-Fête-1-01',730,,2292,,,0,206,,2293,,,0,200,,2294,,,0,200,,2295,,,0,200,,2296,,,0,196,,2297,,,0,198,,2298,,,0,200,,2299,,,0,200,,2300,,,0
200,'TM-H26-TM_GTFS-Fête-2-02',603,,2303,,,0,27,,2320,,,0,72,,2314,,,0,30,,2321,,,0,74,,2315,,,0,30,,2322,,,0,70,,2316,,,0,130,,2310,,,0,200,,2311,,,0,200,,2312,,,0,100,,2309,,,0,105,,2318,,,0,70,,2317,,,0,30,,2319,,,0,70,,2313,,,0,96,,2302,,,0,130,,2308,,,0,93,,2305,,,0,99,,2304,,,0,100,,2306,,,0
200,'TM-H26-TM_GTFS-Semaine-02',603,,2324,,,0,27,,2341,,,0,72,,2335,,,0,30,,2342,,,0,74,,2336,,,0,30,,2343,,,0,70,,2337,,,0,130,,2331,,,0,200,,2332,,,0,200,,2333,0,8 5,0,100,,2330,,,0,105,,2339,,,0,70,,2338,,,0,30,,2340,,,0,70,,2334,,,0,96,,2323,,,0,130,,2329,,,0,93,,2326,,,0,99,,2325,,,0,100,,2327,,,0
200,'TM-H26-TM_GTFS-Week-end-02',730,,2344,,,0,206,,2345,,,0,200,,2346,,,0,200,,2347,,,0,200,,2348,,,0,196,,2349,,,0,198,,2350,,,0,200,,2351,,,0,200,,2352,,,0
1400,'TM-H26-TM_GTFS-Fête-1-01',642,,2746,0,8 5,0,100,,2751,0,8 5,0,99,,2749,0,8 5,0,99,,2763,0,8 5,0,100,,2758,0,8 5,0,100,,2756,0,8 5,0,99,,2759,0,8 5,0,100,,2757,0,8 5,0,100,,2760,0,8 5,0,101,,2764,0,8 5,0,100,,2761,0,8 5,0,100,,2765,0,8 5,0,100,,2762,0,8 5,0,100,,2748,0,8 5,0,100,,2752,0,8 5,0,100,,2755,0,8 5,0,100,,2753,0,8 5,0,101,,2750,0,8 5,0,100,,2754,0,8 5,0,100,,2747,0,8 5,0
1400,'TM-H26-TM_GTFS-Fête-2-02',532,,2796,0,8 5,0,72,,2781,0,8 5,0,31,,2797,0,8 5,0,72,,2806,0,8 5,0,27,,2783,0,8 5,0,70,,2799,0,8 5,0,30,,2779,0,8 5,0,70,,2785,0,8 5,0,30,,2801,0,8 5,0,72,,2787,0,8 5,0,100,,2807,0,8 5,0,100,,2811,0,8 5,0,100,,2809,0,8 5,0,100,,2766,0,8 5,0,100,,2776,0,8 5,0,100,,2768,0,8 5,0,30,,2803,0,8 5,0,70,,2778,0,8 5,0,30,,2770,0,8 5,0,70,,2814,0,8 5,0,31,,2790,0,8 5,0,70,,2772,0,8 5,0,102,,2816,0,8 5,0,101,,2774,0,8 5,0,100,,2792,0,8 5,0,100,,2804,0,8 5,0,101,,2794,0,8 5,0,99,,2818,0,8 5,0
1400,'TM-H26-TM_GTFS-Semaine-02',532,,2851,0,8 5,0,72,,2836,0,8 5,0,31,,2852,0,8 5,0,72,,2861,0,8 5,0,27,,2838,0,8 5,0,70,,2854,0,8 5,0,30,,2834,0,8 5,0,70,,2840,0,8 5,0,30,,2856,0,8 5,0,72,,2842,0,8 5,0,100,,2862,0,8 5,0,100,,2866,0,8 5,0,100,,2864,0,8 5,0,100,,2821,0,8 5,0,100,,2831,0,8 5,0,100,,2823,0,8 5,0,30,,2858,0,8 5,0,70,,2833,0,8 5,0,30,,2825,0,8 5,0,70,,2869,0,8 5,0,31,,2845,0,8 5,0,70,,2827,0,8 5,0,102,,2871,0,8 5,0,101,,2829,0,8 5,0,100,,2847,0,8 5,0,100,,2859,0,8 5,0,101,,2849,0,8 5,0,99,,2873,0,8 5,0
1400,'TM-H26-TM_GTFS-Week-end-02',642,,2876,0,8 5,0,100,,2881,0,8 5,0,99,,2879,0,8 5,0,99,,2893,0,8 5,0,100,,2888,0,8 5,0,100,,2886,0,8 5,0,99,,2889,0,8 5,0,100,,2887,0,8 5,0,100,,2890,0,8 5,0,101,,2894,0,8 5,0,100,,2891,0,8 5,0,100,,2895,0,8 5,0,100,,2892,0,8 5,0,100,,2878,0,8 5,0,100,,2882,0,8 5,0,100,,2885,0,8 5,0,100,,2883,0,8 5,0,101,,2880,0,8 5,0,100,,2884,0,8 5,0,100,,2877,0,8 5,0
1701,'TM-H26-TM_GTFS-Fête-1-01',632,,3028,,,0,101,,3019,,,0,100,,3010,,,0,100,,3020,,,0,100,,3011,,,0,100,,3021,,,0,100,,3012,,,0,100,,3022,,,0,100,,3013,,,0,100,,3023,,,0,100,,3014,,,0,99,,3024,,,0,100,,3015,,,0,100,,3025,,,0,99,,3016,,,0,100,,3026,,,0,100,,3017,,,0,100,,3027,,,0,100,,3018,,,0
1701,'TM-H26-TM_GTFS-Fête-2-02',533,,3032,,,0,102,,3041,,,0,94,,3033,,,0,104,,3042,,,0,100,,3034,,,0,99,,3043,,,0,100,,3035,,,0,100,,3044,,,0,100,,3036,,,0,100,,3045,,,0,101,,3037,,,0,100,,3046,,,0,104,,3038,,,0,96,,3029,,,0,95,,3039,,,0,100,,3030,,,0,100,,3040,,,0,100,,3031,,,0,100,,3047,,,0,100,,3048,,,0
1701,'TM-H26-TM_GTFS-Semaine-02',533,,3052,,,0,102,,3061,,,0,94,,3053,,,0,104,,3062,,,0,100,,3054,,,0,99,,3063,,,0,100,,3055,,,0,100,,3064,,,0,100,,3056,,,0,100,,3065,,,0,101,,3057,,,0,100,,3066,,,0,104,,3058,,,0,96,,3049,,,0,95,,3059,,,0,100,,3050,,,0,100,,3060,,,0,100,,3051,,,0,100,,3067,,,0,100,,3068,,,0
1701,'TM-H26-TM_GTFS-Week-end-02',632,,3087,,,0,101,,3078,,,0,100,,3069,,,0,100,,3079,,,0,100,,3070,,,0,100,,3080,,,0,100,,3071,,,0,100,,3081,,,0,100,,3072,,,0,100,,3082,,,0,100,,3073,,,0,99,,3083,,,0,100,,3074,,,0,100,,3084,,,0,99,,3075,,,0,100,,3085,,,0,100,,3076,,,0,100,,3086,,,0,100,,3077,,,0
1800,'TM-H26-TM_GTFS-Fête-1-01',725,,3091,,,0,100,,3092,,,0,100,,3093,,,0,399,,3094,,,0,201,,3088,,,0,100,,3089,,,0,100,,3090,,,0,299,,3095,,,0
1800,'TM-H26-TM_GTFS-Fête-2-02',555,,3096,,,0,102,,3105,,,0,100,,3097,,,0,70,,3101,,,0,29,,3098,,,0,170,,3102,,,0,200,,3103,,,0,200,,3104,,,0,129,,3099,,,0,100,,3108,,,0,100,,3109,,,0,71,,3106,,,0,98,,3107,,,0,200,,3100,,,0
1800,'TM-H26-TM_GTFS-Semaine-02',555,,3110,,,0,102,,3119,,,0,100,,3111,,,0,70,,3115,,,0,29,,3112,,,0,170,,3116,,,0,200,,3117,,,0,200,,3118,,,0,129,,3113,,,0,100,,3122,,,0,100,,3123,,,0,71,,3120,,,0,98,,3121,,,0,200,,3114,,,0
1800,'TM-H26-TM_GTFS-Week-end-02',725,,3127,,,0,100,,3128,,,0,100,,3129,,,0,399,,3130,,,0,201,,3124,,,0,100,,3125,,,0,100,,3126,,,0,299,,3131,,,0
2301,'TM-H26-TM_GTFS-Fête-2-02',801,,3689,,,0,102,,3692,,,0,356,,3694,,,0,200,,3693,,,0,244,,3690,,,0,134,,3691,,,0
2301,'TM-H26-TM_GTFS-Semaine-02',801,,3695,,,0,102,,3698,,,0,356,,3700,,,0,200,,3699,,,0,244,,3696,,,0,134,,3697,,,0
