100,'TM-E26-TM_GTFS-Fête-1-01',705,,3334,280,,,0,100,,3335,280,,,0,100,,3336,280,,,0,100,,3337,280,,,0,100,,3338,280,,,0,100,,3339,280,,,0,100,,3340,280,,,0,104,,3341,350,,,0,100,,3342,350,,,0,100,,3343,350,,,0,100,,3344,350,,,0,100,,3345,350,,,0,100,,3346,350,,,0,100,,3347,350,,,0,100,,3348,350,,,0,100,,3349,350,,,0,100,,3350,350,,,0,100,,3351,350,,,0,99,,3352,350,0,13 3 14,0
100,'TM-E26-TM_GTFS-Semaine-01',535,,3353,280,,,0,71,,3381,280,,,0,30,,3379,280,,,0,70,,3371,280,,,0,30,,3380,280,,,0,70,,3359,280,,,0,30,,3376,280,,,0,69,,3360,280,,,0,100,,3361,280,,,0,100,,3362,280,,,0,100,,3363,280,,,0,100,,3364,280,,,0,100,,3365,280,,,0,100,,3366,280,,,0,30,,3377,280,,,0,71,,3367,280,,,0,30,,3378,280,,,0,70,,3369,280,,,0,30,,3357,280,,,0,70,,3368,280,,,0,29,,3356,280,,,0,70,,3370,280,,,0,30,,3358,280,,,0,70,,3372,280,,,0,100,,3382,280,,,0,100,,3383,280,,,0,100,,3373,280,,,0,100,,3374,280,,,0,100,,3375,280,0,13 3 14,0
100,'TM-E26-TM_GTFS-Week-end-01',705,,3385,280,,,0,100,,3386,280,,,0,100,,3387,280,,,0,100,,3388,280,,,0,100,,3389,280,,,0,100,,3390,280,,,0,100,,3391,280,,,0,104,,3392,350,,,0,100,,3393,350,,,0,100,,3394,350,,,0,100,,3395,350,,,0,100,,3396,350,,,0,100,,3397,350,,,0,100,,3398,350,,,0,100,,3399,350,,,0,100,,3400,350,,,0,100,,3401,350,,,0,100,,3402,350,,,0,99,,3403,350,0,13 3 14,0
1400,'TM-E26-TM_GTFS-Fête-1-01',640,,3710,350,,,0,100,,3715,350,,,0,99,,3713,350,,,0,99,,3727,350,,,0,100,,3722,350,,,0,100,,3720,350,,,0,99,,3723,350,,,0,100,,3721,350,,,0,100,,3724,350,,,0,101,,3728,350,,,0,100,,3725,350,,,0,100,,3729,350,,,0,100,,3726,350,,,0,100,,3712,350,,,0,100,,3716,350,,,0,100,,3719,350,,,0,100,,3717,350,,,0,102,,3714,350,,,0,100,,3718,350,,,0,100,,3711,350,,,0
1400,'TM-E26-TM_GTFS-Semaine-01',530,,3745,350,,,0,72,,3738,350,,,0,31,,3746,350,,,0,72,,3751,350,,,0,27,,3739,350,,,0,70,,3747,350,,,0,30,,3737,350,,,0,70,,3740,350,,,0,30,,3748,350,,,0,72,,3741,350,,,0,100,,3752,350,,,0,100,,3754,350,,,0,100,,3753,350,,,0,100,,3730,350,,,0,100,,3735,350,,,0,100,,3731,350,,,0,30,,3749,350,,,0,70,,3736,350,,,0,30,,3732,350,,,0,70,,3755,350,,,0,31,,3742,350,,,0,70,,3733,350,,,0,102,,3756,350,,,0,101,,3734,350,,,0,100,,3743,350,,,0,101,,3750,350,,,0,101,,3744,350,,,0,99,,3757,350,,,0
1400,'TM-E26-TM_GTFS-Week-end-01',640,,3758,350,,,0,100,,3763,350,,,0,99,,3761,350,,,0,99,,3775,350,,,0,100,,3770,350,,,0,100,,3768,350,,,0,99,,3771,350,,,0,100,,3769,350,,,0,100,,3772,350,,,0,101,,3776,350,,,0,100,,3773,350,,,0,100,,3777,350,,,0,100,,3774,350,,,0,100,,3760,350,,,0,100,,3764,350,,,0,100,,3767,350,,,0,100,,3765,350,,,0,102,,3762,350,,,0,100,,3766,350,,,0,100,,3759,350,,,0
1701,'TM-E26-TM_GTFS-Fête-1-01',631,,3917,560,,,0,100,,3908,560,,,0,100,,3899,560,,,0,100,,3909,560,,,0,100,,3900,560,,,0,100,,3910,560,,,0,100,,3901,560,,,0,100,,3911,560,,,0,100,,3902,560,,,0,100,,3912,560,,,0,100,,3903,560,,,0,100,,3913,560,,,0,100,,3904,560,,,0,100,,3914,560,,,0,99,,3905,560,,,0,100,,3915,560,,,0,100,,3906,560,,,0,100,,3916,560,,,0,100,,3907,560,,,0
1701,'TM-E26-TM_GTFS-Semaine-01',531,,3921,560,,,0,102,,3930,560,,,0,94,,3922,560,,,0,104,,3931,560,,,0,100,,3923,560,,,0,99,,3932,560,,,0,100,,3924,560,,,0,100,,3933,560,,,0,100,,3925,560,,,0,100,,3934,560,,,0,101,,3926,560,,,0,100,,3935,560,,,0,104,,3927,560,,,0,97,,3918,560,,,0,95,,3928,560,,,0,100,,3919,560,,,0,100,,3929,560,,,0,100,,3920,560,,,0,100,,3936,560,,,0,100,,3937,560,,,0
1701,'TM-E26-TM_GTFS-Week-end-01',631,,3956,560,,,0,100,,3947,560,,,0,100,,3938,560,,,0,100,,3948,560,,,0,100,,3939,560,,,0,100,,3949,560,,,0,100,,3940,560,,,0,100,,3950,560,,,0,100,,3941,560,,,0,100,,3951,560,,,0,100,,3942,560,,,0,100,,3952,560,,,0,100,,3943,560,,,0,100,,3953,560,,,0,99,,3944,560,,,0,100,,3954,560,,,0,100,,3945,560,,,0,100,,3955,560,,,0,100,,3946,560,,,0
1800,'TM-E26-TM_GTFS-Fête-1-01',723,,3960,480,,,0,100,,3961,480,,,0,100,,3962,480,,,0,400,,3963,480,,,0,200,,3957,480,,,0,100,,3958,480,,,0,100,,3959,480,,,0,299,,3964,480,,,0
1800,'TM-E26-TM_GTFS-Semaine-01',553,,3965,170,,,0,102,,3974,480,,,0,100,,3966,480,,,0,70,,3970,480,,,0,29,,3967,480,,,0,170,,3971,480,,,0,200,,3972,480,,,0,200,,3973,480,,,0,130,,3968,480,,,0,100,,3977,480,,,0,100,,3978,480,,,0,71,,3975,220,,,0,98,,3976,480,,,0,200,,3969,480,,,0
1800,'TM-E26-TM_GTFS-Week-end-01',723,,3982,480,,,0,100,,3983,480,,,0,100,,3984,480,,,0,400,,3985,480,,,0,200,,3979,480,,,0,100,,3980,480,,,0,100,,3981,480,,,0,299,,3986,480,,,0
2301,'TM-E26-TM_GTFS-Semaine-01',800,,4313,130,,,0,102,,4316,130,,,0,799,,4314,130,,,0,134,,4315,130,,,0
