200,'TM-E26-TM_GTFS-Fête-1-01',657,,3404,110,,,0,201,,3405,110,,,0,200,,3406,110,,,0,200,,3407,110,,,0,200,,3408,110,,,0,199,,3409,110,,,0,200,,3410,110,,,0,200,,3411,110,,,0,200,,3412,110,,,0,200,,3413,110,0,12,0
200,'TM-E26-TM_GTFS-Semaine-01',557,,3432,110,,,0,70,,3426,110,,,0,30,,3433,110,,,0,71,,3427,110,,,0,30,,3434,110,,,0,70,,3428,110,,,0,130,,3422,110,,,0,200,,3423,110,,,0,200,,3424,110,0,8 7,0,101,,3421,110,,,0,100,,3430,110,,,0,70,,3429,110,,,0,30,,3431,110,,,0,70,,3425,110,,,0,100,,3414,110,,,0,130,,3420,110,,,0,98,,3417,110,,,0,100,,3416,110,,,0,100,,3418,110,,,0,200,,3419,110,0,12,0
200,'TM-E26-TM_GTFS-Week-end-01',657,,3435,110,,,0,201,,3436,110,,,0,200,,3437,110,,,0,200,,3438,110,,,0,200,,3439,110,,,0,199,,3440,110,,,0,200,,3441,110,,,0,200,,3442,110,,,0,200,,3443,110,,,0,200,,3444,110,0,12,0
401,'TM-E26-TM_GTFS-Semaine-01',548,,3490,190,,,0,100,,3492,190,,,0,100,,3491,190,,,0,101,,3489,190,,,0,1074,,3493,190,,,0
1100,'TM-E26-TM_GTFS-Fête-1-01',557,,3577,110,,,0,100,,3587,110,,,0,100,,3578,110,,,0,100,,3579,110,,,0,100,,3588,110,,,0,101,,3580,110,,,0,100,,3589,110,,,0,100,,3581,110,,,0,100,,3590,110,,,0,100,,3582,110,,,0,100,,3591,110,,,0,100,,3583,110,,,0,100,,3592,110,,,0,100,,3584,110,,,0,100,,3593,110,,,0,100,,3585,110,,,0,100,,3594,110,,,0,100,,3586,110,,,0,100,,3595,110,,,0,100,,3596,110,,,0
1100,'TM-E26-TM_GTFS-Semaine-01',527,,3597,110,,,0,30,,3619,110,,,0,70,,3608,110,,,0,30,,3604,110,,,0,70,,3598,110,,,0,30,,3620,110,,,0,70,,3609,110,,,0,31,,3612,110,,,0,100,,3616,110,,,0,100,,3613,110,,,0,100,,3617,110,,,0,100,,3614,110,,,0,101,,3618,110,,,0,100,,3625,110,,,0,70,,3605,110,,,0,30,,3607,110,,,0,70,,3610,110,,,0,30,,3599,110,,,0,70,,3606,110,,,0,30,,3621,110,,,0,70,,3611,110,,,0,29,,3600,110,,,0,69,,3615,110,,,0,30,,3622,110,,,0,100,,3601,110,,,0,100,,3623,110,,,0,100,,3602,110,,,0,100,,3624,110,,,0,100,,3603,110,,,0
1100,'TM-E26-TM_GTFS-Week-end-01',557,,3626,110,,,0,100,,3636,110,,,0,100,,3627,110,,,0,100,,3628,110,,,0,100,,3637,110,,,0,101,,3629,110,,,0,100,,3638,110,,,0,100,,3630,110,,,0,100,,3639,110,,,0,100,,3631,110,,,0,100,,3640,110,,,0,100,,3632,110,,,0,100,,3641,110,,,0,100,,3633,110,,,0,100,,3642,110,,,0,100,,3634,110,,,0,100,,3643,110,,,0,100,,3635,110,,,0,100,,3644,110,,,0,100,,3645,110,,,0
2000,'TM-E26-TM_GTFS-Fête-1-01',657,,4182,110,,,0,100,,4183,110,,,0,101,,4184,110,,,0,100,,4173,110,,,0,100,,4174,110,,,0,100,,4175,110,,,0,100,,4176,110,,,0,100,,4177,110,,,0,100,,4178,110,,,0,100,,4179,110,,,0,100,,4180,110,,,0,100,,4181,110,,,0,100,,4185,110,,,0,100,,4186,110,,,0,100,,4187,110,,,0,100,,4188,110,,,0,99,,4189,110,,,0,100,,4190,110,,,0,100,,4191,110,,,0
2000,'TM-E26-TM_GTFS-Semaine-01',558,,4198,110,,,0,70,,4193,110,,,0,30,,4199,110,,,0,70,,4217,110,,,0,30,,4200,110,,,0,70,,4215,110,,,0,30,,4201,110,,,0,100,,4202,110,,,0,100,,4203,110,,,0,100,,4204,110,,,0,101,,4208,110,,,0,100,,4192,110,,,0,100,,4207,110,,,0,100,,4194,110,,,0,70,,4196,110,,,0,30,,4195,110,,,0,69,,4214,110,,,0,30,,4205,110,,,0,70,,4216,110,,,0,30,,4197,110,,,0,100,,4206,110,,,0,100,,4209,110,,,0,100,,4210,110,,,0,99,,4211,110,,,0,100,,4212,110,,,0,100,,4213,110,,,0
2000,'TM-E26-TM_GTFS-Week-end-01',657,,4227,110,,,0,100,,4228,110,,,0,101,,4229,110,,,0,100,,4218,110,,,0,100,,4219,110,,,0,100,,4220,110,,,0,100,,4221,110,,,0,100,,4222,110,,,0,100,,4223,110,,,0,100,,4224,110,,,0,100,,4225,110,,,0,100,,4226,110,,,0,100,,4230,110,,,0,100,,4231,110,,,0,100,,4232,110,,,0,100,,4233,110,,,0,99,,4234,110,,,0,100,,4235,110,,,0,100,,4236,110,,,0
2100,'TM-E26-TM_GTFS-Semaine-01',657,,4301,110,0,5,0,100,,4303,110,0,5,0,100,,4304,110,0,5,0
2101,'TM-E26-TM_GTFS-Semaine-01',1558,,4307,110,0,5,0,100,,4306,110,0,5,0,100,,4305,110,0,5,0
