900,'TM-H26-TM_GTFS-Fête-2-02',640,,2520,4,,0,100,,2526,4,,0,100,,2523,4,,0,102,,2524,4,,0,100,,2518,4,,0,100,,2519,4,,0,302,,2525,4,,0,200,,2521,4,,0,200,,2522,4,,0
900,'TM-H26-TM_GTFS-Semaine-02',640,,2529,4,,0,100,,2535,4,,0,100,,2532,4,,0,102,,2533,4,,0,100,,2527,4,,0,100,,2528,4,,0,302,,2534,4,,0,200,,2530,4,,0,200,,2531,4,,0
2100,'TM-H26-TM_GTFS-Fête-2-02',644,,3653,4,,0,95,,3652,4,,0,100,,3654,4,,0,100,,3655,4,,0
2100,'TM-H26-TM_GTFS-Semaine-02',644,,3657,4,,0,95,,3656,4,,0,100,,3658,4,,0,100,,3659,4,,0
2101,'TM-H26-TM_GTFS-Fête-2-02',1647,,3662,4,,0,98,,3661,4,,0,100,,3660,4,,0
2101,'TM-H26-TM_GTFS-Semaine-02',1647,,3665,4,,0,98,,3664,4,,0,100,,3663,4,,0
2301,'TM-H26-TM_GTFS-Fête-2-02',812,,3689,4,,0,102,,3692,4,,0,396,,3694,4,,0,200,,3693,4,,0,205,,3690,4,,0,131,,3691,4,,0
2301,'TM-H26-TM_GTFS-Semaine-02',812,,3695,4,,0,102,,3698,4,,0,396,,3700,4,,0,200,,3699,4,,0,205,,3696,4,,0,131,,3697,4,,0
2701,'TM-H26-TM_GTFS-Semaine-02',610,,3774,4,,0,98,,3777,4,,0,100,,3778,4,,0,100,,3779,4,,0,734,,3775,4,,0,101,,3776,4,,0,98,,3780,4,,0
3001,'TM-H26-TM_GTFS-Fête-2-02',626,2,3863,,,0,23,,3872,4,,0,73,2,3874,,,0,94,2,3865,,,0,28,,3864,4,,0,694,2,3884,,,0,64,2,3882,,,0,21,2,3876,,,0,20,2,3885,,,0,10,2,3875,,,0,60,2,3873,,,0,20,2,3881,,,0,19,2,3886,,,0,60,2,3877,,,0,16,2,3878,,,0,30,2,3866,,,0
3001,'TM-H26-TM_GTFS-Semaine-02',626,2,3889,,,0,23,,3899,4,,0,62,2,3925,,,0,11,2,3901,,,0,7,,3888,4,,0,87,2,3891,,,0,28,,3890,4,,0,694,2,3922,,,0,13,2,3906,,,0,51,2,3916,,,0,11,2,3910,,,0,10,2,3907,,,0,10,2,3918,,,0,8,,3904,4,,0,2,2,3923,,,0,10,2,3902,,,0,50,2,3917,,,0,10,2,3900,,,0,10,2,3921,,,0,10,2,3915,,,0,10,2,3903,,,0,9,2,3924,,,0,50,2,3920,,,0,10,2,3908,,,0,6,2,3913,,,0,10,2,3911,,,0,15,2,3909,,,0,15,2,3892,,,0,54,2,3893,,,0
4500,'TM-H26-TM_GTFS-Fête-2-02',1544,,3943,4,,0,103,,3942,4,,0,97,,3944,4,,0
4500,'TM-H26-TM_GTFS-Semaine-02',1544,,3946,4,,0,103,,3945,4,,0,97,,3947,4,,0
