2500,'TM-H26-TM_GTFS-Fête-2-02',552,,2662,10,,,0,70,,2664,10,,,0,30,,2655,10,,,0,70,,2666,10,,,0,30,,2665,10,,,0,70,,2667,10,,,0,30,,2670,10,,,0,100,,2656,10,,,0,100,,2657,10,,,0,100,,2658,10,,,0,170,,2659,10,,,0,100,,2660,10,,,0,100,,2668,10,,,0,30,,2661,10,,,0,100,,2663,10,,,0,100,,2669,10,,,0
2500,'TM-H26-TM_GTFS-Semaine-02',552,,2678,10,,,0,70,,2680,10,,,0,30,,2671,10,,,0,70,,2682,10,,,0,30,,2681,10,,,0,70,,2683,10,,,0,30,,2686,10,,,0,100,,2672,10,,,0,100,,2673,10,,,0,100,,2674,10,,,0,170,,2675,10,,,0,100,,2676,10,,,0,100,,2684,10,,,0,30,,2677,10,,,0,100,,2679,10,,,0,100,,2685,10,,,0
2501,'TM-H26-TM_GTFS-Fête-2-02',708,,2687,120,4,,0,30,,2692,120,4,,0,101,,2694,120,4,,0,101,,2695,120,4,,0,70,,2696,120,4,,0,100,,2697,120,4,,0,100,,2698,120,4,,0,100,,2699,120,4,,0,134,,2700,120,4,,0,101,,2688,120,4,,0,67,,2701,120,4,,0,33,,2690,120,4,,0,67,,2689,120,4,,0,33,,2702,120,4,,0,69,,2691,120,4,,0,30,,2693,120,4,,0,66,,2703,120,4,,0
2501,'TM-H26-TM_GTFS-Semaine-02',708,,2704,120,4,,0,30,,2709,120,4,,0,101,,2711,120,4,,0,101,,2712,120,4,,0,70,,2713,120,4,,0,100,,2714,120,4,,0,100,,2715,120,4,,0,100,,2716,120,4,,0,134,,2717,120,4,,0,101,,2705,120,4,,0,67,,2718,120,4,,0,33,,2707,120,4,,0,67,,2706,120,4,,0,33,,2719,120,4,,0,69,,2708,120,4,,0,30,,2710,120,4,,0,66,,2720,120,4,,0
2002500,'TM-H26-TM_GTFS-Fête-1-01',652,,3058,10,,,0,100,,3059,10,,,0,100,,3060,10,,,0,100,,3061,10,,,0,100,,3062,10,,,0,100,,3063,10,,,0,100,,3064,10,,,0,100,,3065,10,,,0,100,,3066,10,,,0,100,,3067,10,,,0,100,,3068,10,,,0,100,,3069,10,,,0,100,,3070,10,,,0,100,,3071,10,,,0,100,,3072,10,,,0,100,,3073,10,,,0,100,,3074,10,,,0,100,,3057,10,,,0,100,,3056,10,,,0
2002500,'TM-H26-TM_GTFS-Fête-2-02',1852,,3075,10,,,0,100,,3076,10,,,0,100,,3077,10,,,0,100,,3078,10,,,0,100,,3079,10,,,0,100,,3080,10,,,0,100,,3081,10,,,0
2002500,'TM-H26-TM_GTFS-Semaine-02',1852,,3082,10,,,0,100,,3083,10,,,0,100,,3084,10,,,0,100,,3085,10,,,0,100,,3086,10,,,0,100,,3087,10,,,0,100,,3088,10,,,0
2002500,'TM-H26-TM_GTFS-Week-end-02',652,,3091,10,,,0,100,,3092,10,,,0,100,,3093,10,,,0,100,,3094,10,,,0,100,,3095,10,,,0,100,,3096,10,,,0,100,,3097,10,,,0,100,,3098,10,,,0,100,,3099,10,,,0,100,,3100,10,,,0,100,,3101,10,,,0,100,,3102,10,,,0,100,,3103,10,,,0,100,,3104,10,,,0,100,,3105,10,,,0,100,,3106,10,,,0,100,,3107,10,,,0,100,,3090,10,,,0,100,,3089,10,,,0
2002501,'TM-H26-TM_GTFS-Fête-1-01',745,,3126,80,4,,0,100,,3108,80,4,,0,100,,3110,80,4,,0,100,,3115,80,4,,0,100,,3114,80,4,,0,100,,3112,80,4,,0,100,,3111,80,4,,0,100,,3109,80,4,,0,100,,3113,80,4,,0,100,,3116,80,4,,0,100,,3117,80,4,,0,100,,3119,80,4,,0,100,,3120,80,4,,0,100,,3118,80,4,,0,100,,3125,80,4,,0,100,,3122,80,4,,0,100,,3121,80,4,,0,100,,3123,80,4,,0,100,,3124,80,4,,0
2002501,'TM-H26-TM_GTFS-Fête-2-02',1945,,3128,80,4,,0,100,,3129,80,4,,0,100,,3130,80,4,,0,100,,3131,80,4,,0,100,,3132,80,4,,0,100,,3133,80,4,,0,95,,3127,80,4,,0
2002501,'TM-H26-TM_GTFS-Semaine-02',1945,,3135,80,4,,0,100,,3136,80,4,,0,100,,3137,80,4,,0,100,,3138,80,4,,0,100,,3139,80,4,,0,100,,3140,80,4,,0,95,,3134,80,4,,0
2002501,'TM-H26-TM_GTFS-Week-end-02',745,,3159,80,4,,0,100,,3141,80,4,,0,100,,3143,80,4,,0,100,,3148,80,4,,0,100,,3147,80,4,,0,100,,3145,80,4,,0,100,,3144,80,4,,0,100,,3142,80,4,,0,100,,3146,80,4,,0,100,,3149,80,4,,0,100,,3150,80,4,,0,100,,3152,80,4,,0,100,,3153,80,4,,0,100,,3151,80,4,,0,100,,3158,80,4,,0,100,,3155,80,4,,0,100,,3154,80,4,,0,100,,3156,80,4,,0,100,,3157,80,4,,0
