200,'TM-E26-TM_GTFS-Fête-1-01',731,,3404,650,,,0,206,,3405,650,,,0,200,,3406,650,,,0,200,,3407,650,,,0,200,,3408,650,,,0,196,,3409,650,,,0,198,,3410,650,,,0,200,,3411,650,,,0,200,,3412,650,,,0
200,'TM-E26-TM_GTFS-Semaine-01',604,,3415,460,,,0,27,,3432,630,,,0,72,,3426,630,,,0,30,,3433,630,,,0,74,,3427,630,,,0,30,,3434,630,,,0,70,,3428,630,,,0,130,,3422,630,,,0,200,,3423,630,,,0,200,,3424,630,0,8 7,0,100,,3421,630,,,0,105,,3430,630,,,0,70,,3429,630,,,0,30,,3431,630,,,0,70,,3425,630,,,0,96,,3414,630,,,0,130,,3420,630,,,0,93,,3417,630,,,0,99,,3416,630,,,0,100,,3418,630,,,0
200,'TM-E26-TM_GTFS-Week-end-01',731,,3435,650,,,0,206,,3436,650,,,0,200,,3437,650,,,0,200,,3438,650,,,0,200,,3439,650,,,0,196,,3440,650,,,0,198,,3441,650,,,0,200,,3442,650,,,0,200,,3443,650,,,0
1400,'TM-E26-TM_GTFS-Fête-1-01',642,,3710,380,,,0,100,,3715,380,,,0,99,,3713,380,,,0,99,,3727,380,,,0,100,,3722,380,,,0,100,,3720,380,,,0,99,,3723,380,,,0,100,,3721,380,,,0,100,,3724,380,,,0,101,,3728,380,,,0,100,,3725,380,,,0,100,,3729,380,,,0,100,,3726,380,,,0,100,,3712,380,,,0,100,,3716,380,,,0,100,,3719,380,,,0,100,,3717,380,,,0,101,,3714,380,,,0,100,,3718,380,,,0,100,,3711,380,,,0
1400,'TM-E26-TM_GTFS-Semaine-01',532,,3745,380,,,0,72,,3738,380,,,0,31,,3746,380,,,0,72,,3751,380,,,0,28,,3739,380,,,0,70,,3747,380,,,0,30,,3737,380,,,0,70,,3740,380,,,0,30,,3748,380,,,0,72,,3741,380,,,0,100,,3752,380,,,0,100,,3754,380,,,0,100,,3753,380,,,0,100,,3730,380,,,0,100,,3735,380,,,0,100,,3731,380,,,0,30,,3749,380,,,0,70,,3736,380,,,0,30,,3732,380,,,0,70,,3755,380,,,0,30,,3742,380,,,0,70,,3733,380,,,0,102,,3756,380,,,0,101,,3734,380,,,0,100,,3743,380,,,0,100,,3750,380,,,0,101,,3744,380,,,0,99,,3757,380,,,0
1400,'TM-E26-TM_GTFS-Week-end-01',642,,3758,380,,,0,100,,3763,380,,,0,99,,3761,380,,,0,99,,3775,380,,,0,100,,3770,380,,,0,100,,3768,380,,,0,99,,3771,380,,,0,100,,3769,380,,,0,100,,3772,380,,,0,101,,3776,380,,,0,100,,3773,380,,,0,100,,3777,380,,,0,100,,3774,380,,,0,100,,3760,380,,,0,100,,3764,380,,,0,100,,3767,380,,,0,100,,3765,380,,,0,101,,3762,380,,,0,100,,3766,380,,,0,100,,3759,380,,,0
1701,'TM-E26-TM_GTFS-Fête-1-01',632,,3917,590,,,0,101,,3908,590,,,0,100,,3899,590,,,0,100,,3909,590,,,0,101,,3900,590,,,0,100,,3910,590,,,0,100,,3901,590,,,0,100,,3911,590,,,0,100,,3902,590,,,0,100,,3912,590,,,0,99,,3903,590,,,0,99,,3913,590,,,0,100,,3904,590,,,0,100,,3914,590,,,0,99,,3905,590,,,0,100,,3915,590,,,0,100,,3906,590,,,0,100,,3916,590,,,0,100,,3907,590,,,0
1701,'TM-E26-TM_GTFS-Semaine-01',533,,3921,590,,,0,102,,3930,590,,,0,94,,3922,590,,,0,104,,3931,590,,,0,100,,3923,590,,,0,99,,3932,590,,,0,100,,3924,590,,,0,100,,3933,590,,,0,100,,3925,590,,,0,100,,3934,590,,,0,101,,3926,590,,,0,100,,3935,590,,,0,104,,3927,590,,,0,96,,3918,590,,,0,95,,3928,590,,,0,100,,3919,590,,,0,100,,3929,590,,,0,100,,3920,590,,,0,100,,3936,590,,,0,100,,3937,590,,,0
1701,'TM-E26-TM_GTFS-Week-end-01',632,,3956,590,,,0,101,,3947,590,,,0,100,,3938,590,,,0,100,,3948,590,,,0,101,,3939,590,,,0,100,,3949,590,,,0,100,,3940,590,,,0,100,,3950,590,,,0,100,,3941,590,,,0,100,,3951,590,,,0,99,,3942,590,,,0,99,,3952,590,,,0,100,,3943,590,,,0,100,,3953,590,,,0,99,,3944,590,,,0,100,,3954,590,,,0,100,,3945,590,,,0,100,,3955,590,,,0,100,,3946,590,,,0
1800,'TM-E26-TM_GTFS-Fête-1-01',725,,3960,510,,,0,100,,3961,510,,,0,100,,3962,510,,,0,399,,3963,510,,,0,201,,3957,510,,,0,100,,3958,510,,,0,100,,3959,510,,,0,299,,3964,510,,,0
1800,'TM-E26-TM_GTFS-Semaine-01',557,,3965,200,,,0,102,,3974,510,,,0,100,,3966,510,,,0,70,,3970,510,,,0,29,,3967,510,,,0,170,,3971,510,,,0,200,,3972,510,,,0,200,,3973,510,,,0,129,,3968,510,,,0,100,,3977,510,,,0,100,,3978,510,,,0,71,,3975,250,,,0,98,,3976,510,,,0,200,,3969,510,,,0
1800,'TM-E26-TM_GTFS-Week-end-01',725,,3982,510,,,0,100,,3983,510,,,0,100,,3984,510,,,0,399,,3985,510,,,0,201,,3979,510,,,0,100,,3980,510,,,0,100,,3981,510,,,0,299,,3986,510,,,0
2301,'TM-E26-TM_GTFS-Semaine-01',802,,4313,160,,,0,102,,4316,160,,,0,800,,4314,160,,,0,134,,4315,160,,,0
