300,'TM-E26-TM_GTFS-Fête-1-01',755,,3446,30,,,0,200,,3447,30,,,0,200,,3448,30,,,0,200,,3449,30,,,0,200,,3450,30,,,0,200,,3451,30,,,0,200,,3452,30,,,0,200,,3453,30,,,0,200,,3454,30,,,0
300,'TM-E26-TM_GTFS-Semaine-01',555,,3457,30,,,0,70,,3473,30,,,0,30,,3467,30,,,0,70,,3472,30,,,0,30,,3466,30,,,0,100,,3461,30,,,0,201,,3462,30,,,0,200,,3463,30,,,0,170,,3465,30,,,0,105,,3464,30,,,0,96,,3470,30,,,0,29,,3469,30,,,0,70,,3471,30,,,0,30,,3468,30,,,0,100,,3455,30,,,0,169,,3458,30,,,0,100,,3459,30,,,0,230,,3460,30,,,0
300,'TM-E26-TM_GTFS-Week-end-01',755,,3475,30,,,0,200,,3476,30,,,0,200,,3477,30,,,0,200,,3478,30,,,0,200,,3479,30,,,0,200,,3480,30,,,0,200,,3481,30,,,0,200,,3482,30,,,0,200,,3483,30,,,0
1401,'TM-E26-TM_GTFS-Fête-1-01',752,,3783,30,,,0,103,,3780,30,,,0,101,,3794,30,,,0,100,,3790,30,,,0,100,,3788,30,,,0,100,,3791,30,,,0,100,,3789,30,,,0,100,,3792,30,,,0,100,,3795,30,,,0,100,,3793,30,,,0,100,,3778,30,,,0,100,,3781,30,,,0,100,,3779,30,,,0,100,,3784,30,,,0,97,,3787,30,,,0,103,,3785,30,,,0,99,,3782,30,,,0,100,,3786,30,,,0
1401,'TM-E26-TM_GTFS-Semaine-01',625,,3803,30,,,0,30,,3811,30,,,0,70,,3822,30,,,0,30,,3804,30,,,0,70,,3812,30,,,0,30,,3802,30,,,0,70,,3805,30,,,0,30,,3813,30,,,0,70,,3806,30,,,0,100,,3815,30,,,0,100,,3817,30,,,0,100,,3816,30,,,0,101,,3796,30,,,0,100,,3801,30,,,0,100,,3797,30,,,0,30,,3818,30,,,0,70,,3807,30,,,0,30,,3798,30,,,0,69,,3819,30,,,0,30,,3808,30,,,0,70,,3799,30,,,0,100,,3820,30,,,0,100,,3800,30,,,0,100,,3809,30,,,0,100,,3814,30,,,0,100,,3810,30,,,0,100,,3821,30,,,0
1401,'TM-E26-TM_GTFS-Week-end-01',752,,3828,30,,,0,103,,3825,30,,,0,101,,3839,30,,,0,100,,3835,30,,,0,100,,3833,30,,,0,100,,3836,30,,,0,100,,3834,30,,,0,100,,3837,30,,,0,100,,3840,30,,,0,100,,3838,30,,,0,100,,3823,30,,,0,100,,3826,30,,,0,100,,3824,30,,,0,100,,3829,30,,,0,97,,3832,30,,,0,103,,3830,30,,,0,99,,3827,30,,,0,100,,3831,30,,,0
1700,'TM-E26-TM_GTFS-Fête-1-01',655,,3841,30,,,0,100,,3851,30,,,0,100,,3842,30,,,0,101,,3852,30,,,0,100,,3843,30,,,0,100,,3853,30,,,0,100,,3844,30,,,0,100,,3854,30,,,0,100,,3845,30,,,0,100,,3855,30,,,0,100,,3846,30,,,0,100,,3856,30,,,0,99,,3847,30,,,0,100,,3857,30,,,0,100,,3848,30,,,0,100,,3858,30,,,0,100,,3849,30,,,0,100,,3859,30,,,0,100,,3850,30,,,0
1700,'TM-E26-TM_GTFS-Semaine-01',555,,3864,30,,,0,101,,3872,30,,,0,100,,3865,30,,,0,100,,3873,30,,,0,100,,3866,30,,,0,100,,3860,30,,,0,100,,3867,30,,,0,100,,3874,30,,,0,100,,3868,30,,,0,100,,3875,30,,,0,100,,3869,30,,,0,100,,3861,30,,,0,100,,3870,30,,,0,100,,3862,30,,,0,100,,3871,30,,,0,100,,3863,30,,,0,100,,3877,30,,,0,99,,3879,30,,,0,100,,3878,30,,,0,100,,3876,30,,,0
1700,'TM-E26-TM_GTFS-Week-end-01',655,,3880,30,,,0,100,,3890,30,,,0,100,,3881,30,,,0,101,,3891,30,,,0,100,,3882,30,,,0,100,,3892,30,,,0,100,,3883,30,,,0,100,,3893,30,,,0,100,,3884,30,,,0,100,,3894,30,,,0,100,,3885,30,,,0,100,,3895,30,,,0,99,,3886,30,,,0,100,,3896,30,,,0,100,,3887,30,,,0,100,,3897,30,,,0,100,,3888,30,,,0,100,,3898,30,,,0,100,,3889,30,,,0
2300,'TM-E26-TM_GTFS-Semaine-01',554,,4308,30,,,0,101,,4309,30,,,0,100,,4311,30,,,0,100,,4312,30,,,0,881,,4310,30,,,0
