100,'TM-H26-TM_GTFS-Fête-1-01',626,,1144,290,,,0,96,,1145,580,,,0,100,,1146,580,,,0,101,,1147,580,,,0,100,,1148,580,,,0,100,,1149,580,,,0,100,,1150,580,,,0,100,,1151,580,,,0,104,,1152,650,,,0,100,,1153,650,,,0,100,,1154,650,,,0,100,,1155,650,,,0,99,,1156,650,,,0,100,,1157,650,,,0,99,,1158,650,,,0,100,,1159,650,,,0,99,,1160,650,,,0,100,,1161,650,,,0,100,,1162,650,,,0,100,,1163,650,0,16 1 13 3 7 17 18,0
100,'TM-H26-TM_GTFS-Fête-2-02',553,,1164,580,,,0,70,,1192,580,,,0,30,,1190,580,,,0,70,,1182,580,,,0,30,,1191,580,,,0,70,,1170,580,,,0,30,,1187,580,,,0,70,,1171,580,,,0,100,,1172,580,,,0,100,,1173,580,,,0,100,,1174,580,,,0,100,,1175,580,,,0,100,,1176,580,,,0,100,,1177,580,,,0,30,,1188,580,,,0,71,,1178,580,,,0,30,,1189,580,,,0,70,,1180,580,,,0,29,,1168,580,,,0,70,,1179,580,,,0,29,,1167,580,,,0,69,,1181,580,,,0,30,,1169,580,,,0,70,,1183,580,,,0,100,,1193,580,,,0,100,,1194,580,,,0,100,,1184,580,,,0,100,,1185,580,,,0,100,,1186,580,0,16 1 13 3 7 17 18,0
100,'TM-H26-TM_GTFS-Semaine-02',553,,1195,580,,,0,70,,1223,580,,,0,30,,1221,580,,,0,70,,1213,580,,,0,30,,1222,580,,,0,70,,1201,580,,,0,30,,1218,580,,,0,70,,1202,580,,,0,100,,1203,580,,,0,100,,1204,580,,,0,100,,1205,580,,,0,100,,1206,580,,,0,100,,1207,580,,,0,100,,1208,580,,,0,30,,1219,580,,,0,71,,1209,580,,,0,30,,1220,580,,,0,70,,1211,580,,,0,29,,1199,580,,,0,70,,1210,580,,,0,29,,1198,580,,,0,69,,1212,580,,,0,30,,1200,580,,,0,70,,1214,580,,,0,100,,1224,580,,,0,100,,1225,580,,,0,100,,1215,580,,,0,100,,1216,580,,,0,100,,1217,580,0,16 1 13 3 7 17 18,0
100,'TM-H26-TM_GTFS-Week-end-02',626,,1226,290,,,0,96,,1227,580,,,0,100,,1228,580,,,0,101,,1229,580,,,0,100,,1230,580,,,0,100,,1231,580,,,0,100,,1232,580,,,0,100,,1233,580,,,0,104,,1234,650,,,0,100,,1235,650,,,0,100,,1236,650,,,0,100,,1237,650,,,0,99,,1238,650,,,0,100,,1239,650,,,0,99,,1240,650,,,0,100,,1241,650,,,0,99,,1242,650,,,0,100,,1243,650,,,0,100,,1244,650,,,0,100,,1245,650,0,16 1 13 3 7 17 18,0
1400,'TM-H26-TM_GTFS-Fête-1-01',638,,1700,310,0,8 5,0,100,,1705,310,0,8 5,0,99,,1703,310,0,8 5,0,99,,1717,310,0,8 5,0,99,,1712,310,0,8 5,0,100,,1710,310,0,8 5,0,99,,1713,310,0,8 5,0,100,,1711,310,0,8 5,0,100,,1714,310,0,8 5,0,102,,1718,310,0,8 5,0,100,,1715,310,0,8 5,0,100,,1719,310,0,8 5,0,100,,1716,310,0,8 5,0,100,,1702,310,0,8 5,0,100,,1706,310,0,8 5,0,100,,1709,310,0,8 5,0,100,,1707,310,0,8 5,0,102,,1704,310,0,8 5,0,100,,1708,310,0,8 5,0,100,,1701,310,0,8 5,0
1400,'TM-H26-TM_GTFS-Fête-2-02',528,,1750,310,0,8 5,0,31,,1735,310,0,8 5,0,71,,1751,310,0,8 5,0,72,,1760,310,0,8 5,0,27,,1737,310,0,8 5,0,30,,1753,310,0,8 5,0,70,,1733,310,0,8 5,0,71,,1739,310,0,8 5,0,30,,1755,310,0,8 5,0,72,,1741,310,0,8 5,0,100,,1761,310,0,8 5,0,100,,1765,310,0,8 5,0,100,,1763,310,0,8 5,0,100,,1720,310,0,8 5,0,100,,1730,310,0,8 5,0,99,,1722,310,0,8 5,0,30,,1757,310,0,8 5,0,70,,1732,310,0,8 5,0,30,,1724,310,0,8 5,0,70,,1768,310,0,8 5,0,32,,1744,310,0,8 5,0,70,,1726,310,0,8 5,0,102,,1770,310,0,8 5,0,101,,1728,310,0,8 5,0,100,,1746,310,0,8 5,0,101,,1758,310,0,8 5,0,101,,1748,310,0,8 5,0,99,,1772,310,0,8 5,0
1400,'TM-H26-TM_GTFS-Semaine-02',528,,1805,310,0,8 5,0,31,,1790,310,0,8 5,0,71,,1806,310,0,8 5,0,72,,1815,310,0,8 5,0,27,,1792,310,0,8 5,0,30,,1808,310,0,8 5,0,70,,1788,310,0,8 5,0,71,,1794,310,0,8 5,0,30,,1810,310,0,8 5,0,72,,1796,310,0,8 5,0,100,,1816,310,0,8 5,0,100,,1820,310,0,8 5,0,100,,1818,310,0,8 5,0,100,,1775,310,0,8 5,0,100,,1785,310,0,8 5,0,99,,1777,310,0,8 5,0,30,,1812,310,0,8 5,0,70,,1787,310,0,8 5,0,30,,1779,310,0,8 5,0,70,,1823,310,0,8 5,0,32,,1799,310,0,8 5,0,70,,1781,310,0,8 5,0,102,,1825,310,0,8 5,0,101,,1783,310,0,8 5,0,100,,1801,310,0,8 5,0,101,,1813,310,0,8 5,0,101,,1803,310,0,8 5,0,99,,1827,310,0,8 5,0
1400,'TM-H26-TM_GTFS-Week-end-02',638,,1830,310,0,8 5,0,100,,1835,310,0,8 5,0,99,,1833,310,0,8 5,0,99,,1847,310,0,8 5,0,99,,1842,310,0,8 5,0,100,,1840,310,0,8 5,0,99,,1843,310,0,8 5,0,100,,1841,310,0,8 5,0,100,,1844,310,0,8 5,0,102,,1848,310,0,8 5,0,100,,1845,310,0,8 5,0,100,,1849,310,0,8 5,0,100,,1846,310,0,8 5,0,100,,1832,310,0,8 5,0,100,,1836,310,0,8 5,0,100,,1839,310,0,8 5,0,100,,1837,310,0,8 5,0,102,,1834,310,0,8 5,0,100,,1838,310,0,8 5,0,100,,1831,310,0,8 5,0
1701,'TM-H26-TM_GTFS-Fête-1-01',629,,1982,520,,,0,100,,1973,520,,,0,100,,1964,520,,,0,100,,1974,520,,,0,100,,1965,520,,,0,100,,1975,520,,,0,100,,1966,520,,,0,100,,1976,520,,,0,100,,1967,520,,,0,100,,1977,520,,,0,100,,1968,520,,,0,100,,1978,520,,,0,100,,1969,520,,,0,100,,1979,520,,,0,99,,1970,520,,,0,100,,1980,520,,,0,100,,1971,520,,,0,100,,1981,520,,,0,100,,1972,520,,,0
1701,'TM-H26-TM_GTFS-Fête-2-02',529,,1986,520,,,0,102,,1995,520,,,0,94,,1987,520,,,0,104,,1996,520,,,0,99,,1988,520,,,0,99,,1997,520,,,0,100,,1989,520,,,0,100,,1998,520,,,0,100,,1990,520,,,0,100,,1999,520,,,0,101,,1991,520,,,0,100,,2000,520,,,0,104,,1992,520,,,0,98,,1983,520,,,0,95,,1993,520,,,0,100,,1984,520,,,0,100,,1994,520,,,0,100,,1985,520,,,0,100,,2001,520,,,0,100,,2002,520,,,0
1701,'TM-H26-TM_GTFS-Semaine-02',529,,2006,520,,,0,102,,2015,520,,,0,94,,2007,520,,,0,104,,2016,520,,,0,99,,2008,520,,,0,99,,2017,520,,,0,100,,2009,520,,,0,100,,2018,520,,,0,100,,2010,520,,,0,100,,2019,520,,,0,101,,2011,520,,,0,100,,2020,520,,,0,104,,2012,520,,,0,98,,2003,520,,,0,95,,2013,520,,,0,100,,2004,520,,,0,100,,2014,520,,,0,100,,2005,520,,,0,100,,2021,520,,,0,100,,2022,520,,,0
1701,'TM-H26-TM_GTFS-Week-end-02',629,,2041,520,,,0,100,,2032,520,,,0,100,,2023,520,,,0,100,,2033,520,,,0,100,,2024,520,,,0,100,,2034,520,,,0,100,,2025,520,,,0,100,,2035,520,,,0,100,,2026,520,,,0,100,,2036,520,,,0,100,,2027,520,,,0,100,,2037,520,,,0,100,,2028,520,,,0,100,,2038,520,,,0,99,,2029,520,,,0,100,,2039,520,,,0,100,,2030,520,,,0,100,,2040,520,,,0,100,,2031,520,,,0
