1101,'TM-H26-TM_GTFS-Fête-1-01',607,,1620,160,,,0,100,,1610,160,,,0,100,,1621,160,,,0,101,,1611,160,,,0,100,,1612,160,,,0,100,,1622,160,,,0,100,,1613,160,,,0,100,,1623,160,,,0,100,,1614,160,,,0,100,,1624,160,,,0,100,,1615,160,,,0,100,,1625,160,,,0,100,,1616,160,,,0,100,,1626,160,,,0,100,,1617,160,,,0,99,,1627,160,,,0,100,,1618,160,,,0,100,,1628,160,,,0,100,,1619,160,,,0
1101,'TM-H26-TM_GTFS-Fête-2-02',536,,1638,50,,,0,70,,1634,160,,,0,30,,1629,160,,,0,70,,1649,160,,,0,30,,1639,160,,,0,70,,1642,160,,,0,100,,1650,160,,,0,97,,1643,160,,,0,102,,1646,160,,,0,100,,1644,160,,,0,100,,1647,160,,,0,100,,1645,160,,,0,97,,1648,160,,,0,30,,1640,160,,,0,73,,1654,160,,,0,30,,1635,160,,,0,72,,1637,160,,,0,29,,1641,160,,,0,70,,1630,160,,,0,29,,1636,160,,,0,72,,1651,160,,,0,103,,1631,160,,,0,99,,1652,160,,,0,101,,1632,160,,,0,99,,1653,160,,,0,101,,1633,160,,,0
1101,'TM-H26-TM_GTFS-Semaine-02',536,,1664,50,,,0,70,,1660,160,,,0,30,,1655,160,,,0,70,,1675,160,,,0,30,,1665,160,,,0,70,,1668,160,,,0,100,,1676,160,,,0,97,,1669,160,,,0,102,,1672,160,,,0,100,,1670,160,,,0,100,,1673,160,,,0,100,,1671,160,,,0,97,,1674,160,,,0,30,,1666,160,,,0,73,,1680,160,,,0,30,,1661,160,,,0,72,,1663,160,,,0,29,,1667,160,,,0,70,,1656,160,,,0,29,,1662,160,,,0,72,,1677,160,,,0,103,,1657,160,,,0,99,,1678,160,,,0,101,,1658,160,,,0,99,,1679,160,,,0,101,,1659,160,,,0
1101,'TM-H26-TM_GTFS-Week-end-02',607,,1691,160,,,0,100,,1681,160,,,0,100,,1692,160,,,0,101,,1682,160,,,0,100,,1683,160,,,0,100,,1693,160,,,0,100,,1684,160,,,0,100,,1694,160,,,0,100,,1685,160,,,0,100,,1695,160,,,0,100,,1686,160,,,0,100,,1696,160,,,0,100,,1687,160,,,0,100,,1697,160,,,0,100,,1688,160,,,0,99,,1698,160,,,0,100,,1689,160,,,0,100,,1699,160,,,0,100,,1690,160,,,0
4001,'TM-H26-TM_GTFS-Fête-1-01',816,,2890,170,,,0,402,,2891,170,,,0,498,,2892,170,,,0
4001,'TM-H26-TM_GTFS-Week-end-02',816,,2893,170,,,0,402,,2894,170,,,0,498,,2895,170,,,0
14000,'TM-H26-TM_GTFS-Fête-2-02',534,,2912,240,,,0,80,,2904,240,,,0,20,,2906,240,,,0,20,,2915,240,,,0,60,,2902,240,,,0,20,,2911,240,,,0,25,,2913,240,,,0,71,,2910,240,,,0,386,,2914,240,,,0,108,,2908,240,,,0,219,,2907,240,,,0,189,,2905,240,,,0,175,,2909,240,,,0,293,,2903,240,,,0
14000,'TM-H26-TM_GTFS-Semaine-02',534,,2926,240,,,0,80,,2918,240,,,0,20,,2920,240,,,0,20,,2929,240,,,0,60,,2916,240,,,0,20,,2925,240,,,0,25,,2927,240,,,0,71,,2924,240,,,0,386,,2928,240,,,0,108,,2922,240,,,0,219,,2921,240,,,0,189,,2919,240,,,0,175,,2923,240,,,0,293,,2917,240,,,0
2000001200,'TM-H26-TM_GTFS-Fête-2-02',1231,,3189,60,,,0,390,,3190,60,,,0,215,,3191,60,,,0
2000001200,'TM-H26-TM_GTFS-Semaine-02',1231,,3192,60,,,0,390,,3193,60,,,0,215,,3194,60,,,0
