100,'TM-H26-TM_GTFS-Fête-1-01',657,,2191,,,0,100,,2192,,,0,100,,2193,,,0,100,,2194,,,0,100,,2195,,,0,100,,2196,,,0,100,,2197,,,0,100,,2198,,,0,100,,2199,,,0,100,,2200,,,0,100,,2201,,,0,100,,2202,,,0,100,,2203,,,0,100,,2204,,,0,100,,2205,,,0,100,,2206,,,0,100,,2207,,,0,100,,2208,,,0,100,,2209,0,16 1 13 3 7 17 18,0
100,'TM-H26-TM_GTFS-Fête-2-02',527,,2210,,,0,30,,2238,,,0,70,,2236,,,0,30,,2228,,,0,70,,2237,,,0,30,,2216,,,0,70,,2233,,,0,30,,2217,,,0,100,,2218,,,0,100,,2219,,,0,100,,2220,,,0,100,,2221,,,0,100,,2222,,,0,100,,2223,,,0,70,,2234,,,0,30,,2224,,,0,70,,2235,,,0,30,,2226,,,0,70,,2214,,,0,30,,2225,,,0,70,,2213,,,0,30,,2227,,,0,70,,2215,,,0,30,,2229,,,0,100,,2239,,,0,100,,2240,,,0,100,,2230,,,0,100,,2231,,,0,100,,2232,0,16 1 13 3 7 17 18,0
100,'TM-H26-TM_GTFS-Semaine-02',527,,2241,,,0,30,,2269,,,0,70,,2267,,,0,30,,2259,,,0,70,,2268,,,0,30,,2247,,,0,70,,2264,,,0,30,,2248,,,0,100,,2249,,,0,100,,2250,,,0,100,,2251,,,0,100,,2252,,,0,100,,2253,,,0,100,,2254,,,0,70,,2265,,,0,30,,2255,,,0,70,,2266,,,0,30,,2257,,,0,70,,2245,,,0,30,,2256,,,0,70,,2244,,,0,30,,2258,,,0,70,,2246,,,0,30,,2260,,,0,100,,2270,,,0,100,,2271,,,0,100,,2261,,,0,100,,2262,,,0,100,,2263,0,16 1 13 3 7 17 18,0
100,'TM-H26-TM_GTFS-Week-end-02',657,,2273,,,0,100,,2274,,,0,100,,2275,,,0,100,,2276,,,0,100,,2277,,,0,100,,2278,,,0,100,,2279,,,0,100,,2280,,,0,100,,2281,,,0,100,,2282,,,0,100,,2283,,,0,100,,2284,,,0,100,,2285,,,0,100,,2286,,,0,100,,2287,,,0,100,,2288,,,0,100,,2289,,,0,100,,2290,,,0,100,,2291,0,16 1 13 3 7 17 18,0
800,'TM-H26-TM_GTFS-Fête-1-01',615,,2438,,,0,97,,2439,,,0,100,,2440,,,0,100,,2441,,,0,101,,2442,,,0,100,,2443,,,0,100,,2444,,,0,100,,2445,,,0,100,,2446,,,0,100,,2447,,,0,100,,2448,,,0,100,,2449,,,0,99,,2450,,,0,100,,2451,,,0,100,,2452,,,0,100,,2453,,,0,100,,2454,,,0,100,,2455,,,0,100,,2456,,,0,99,,2457,0,12 1 19,0
800,'TM-H26-TM_GTFS-Fête-2-02',612,,2469,0,16 1 8 5,0,102,,2464,,,0,100,,2460,,,0,100,,2461,,,0,100,,2467,,,0,100,,2468,,,0,100,,2458,,,0,100,,2459,,,0,100,,2465,,,0,101,,2470,,,0,100,,2466,,,0,100,,2462,,,0,98,,2463,,,0,100,,2471,,,0,100,,2472,,,0,100,,2473,,,0,100,,2474,,,0,100,,2475,,,0,99,,2476,,,0,98,,2477,0,12 1 19,0
800,'TM-H26-TM_GTFS-Semaine-02',612,,2489,,,0,102,,2484,,,0,100,,2480,,,0,100,,2481,,,0,100,,2487,,,0,100,,2488,,,0,100,,2478,,,0,100,,2479,,,0,100,,2485,,,0,101,,2490,,,0,100,,2486,,,0,100,,2482,,,0,98,,2483,,,0,100,,2491,,,0,100,,2492,,,0,100,,2493,,,0,100,,2494,,,0,100,,2495,,,0,99,,2496,,,0,98,,2497,0,12 1 19,0
800,'TM-H26-TM_GTFS-Week-end-02',615,,2498,,,0,97,,2499,,,0,100,,2500,,,0,100,,2501,,,0,101,,2502,,,0,100,,2503,,,0,100,,2504,,,0,100,,2505,,,0,100,,2506,,,0,100,,2507,,,0,100,,2508,,,0,100,,2509,,,0,99,,2510,,,0,100,,2511,,,0,100,,2512,,,0,100,,2513,,,0,100,,2514,,,0,100,,2515,,,0,100,,2516,,,0,99,,2517,0,12 1 19,0
1800,'TM-H26-TM_GTFS-Fête-1-01',657,,3091,,,0,100,,3092,,,0,100,,3093,,,0,400,,3094,,,0,200,,3088,,,0,100,,3089,,,0,100,,3090,,,0,300,,3095,,,0
1800,'TM-H26-TM_GTFS-Fête-2-02',627,,3105,,,0,100,,3097,,,0,30,,3101,,,0,70,,3098,,,0,130,,3102,,,0,200,,3103,,,0,200,,3104,,,0,170,,3099,,,0,100,,3108,,,0,100,,3109,,,0,130,,3107,,,0,200,,3100,,,0
1800,'TM-H26-TM_GTFS-Semaine-02',627,,3119,,,0,100,,3111,,,0,30,,3115,,,0,70,,3112,,,0,130,,3116,,,0,200,,3117,,,0,200,,3118,,,0,170,,3113,,,0,100,,3122,,,0,100,,3123,,,0,130,,3121,,,0,200,,3114,,,0
1800,'TM-H26-TM_GTFS-Week-end-02',657,,3127,,,0,100,,3128,,,0,100,,3129,,,0,400,,3130,,,0,200,,3124,,,0,100,,3125,,,0,100,,3126,,,0,300,,3131,,,0
