1400,'TM-H26-TM_GTFS-Fête-2-02',636,,1736,180,0,20 7 17 21,0,71,,1752,180,0,20 7 17 21,0,30,,1774,180,0,20 7 17 21,0,70,,1738,180,0,20 7 17 21,0,30,,1754,180,0,20 7 17 21,0,70,,1734,180,0,20 7 17 21,0,30,,1740,180,0,20 7 17 21,0,70,,1756,180,0,20 7 17 21,0,30,,1742,180,0,20 7 17 21,0,100,,1762,180,0,20 7 17 21,0,100,,1766,180,0,20 7 17 21,0,100,,1764,180,0,20 7 17 21,0,102,,1721,180,0,20 7 17 21,0,100,,1731,180,0,20 7 17 21,0,103,,1723,180,0,20 7 17 21,0,70,,1767,180,0,20 7 17 21,0,30,,1743,180,0,20 7 17 21,0,70,,1725,180,0,20 7 17 21,0,24,,1769,180,0,20 7 17 21,0,70,,1745,180,0,20 7 17 21,0,30,,1727,180,0,20 7 17 21,0,100,,1771,180,0,20 7 17 21,0,100,,1729,180,0,20 7 17 21,0,97,,1747,180,0,20 7 17 21,0,100,,1759,180,0,20 7 17 21,0,100,,1749,180,0,20 7 17 21,0,100,,1773,180,0,20 7 17 21,0
1400,'TM-H26-TM_GTFS-Semaine-02',636,,1791,180,0,20 7 17 21,0,71,,1807,180,0,20 7 17 21,0,30,,1829,180,0,20 7 17 21,0,70,,1793,180,0,20 7 17 21,0,30,,1809,180,0,20 7 17 21,0,70,,1789,180,0,20 7 17 21,0,30,,1795,180,0,20 7 17 21,0,70,,1811,180,0,20 7 17 21,0,30,,1797,180,0,20 7 17 21,0,100,,1817,180,0,20 7 17 21,0,100,,1821,180,0,20 7 17 21,0,100,,1819,180,0,20 7 17 21,0,102,,1776,180,0,20 7 17 21,0,100,,1786,180,0,20 7 17 21,0,103,,1778,180,0,20 7 17 21,0,70,,1822,180,0,20 7 17 21,0,30,,1798,180,0,20 7 17 21,0,70,,1780,180,0,20 7 17 21,0,24,,1824,180,0,20 7 17 21,0,70,,1800,180,0,20 7 17 21,0,30,,1782,180,0,20 7 17 21,0,100,,1826,180,0,20 7 17 21,0,100,,1784,180,0,20 7 17 21,0,97,,1802,180,0,20 7 17 21,0,100,,1814,180,0,20 7 17 21,0,100,,1804,180,0,20 7 17 21,0,100,,1828,180,0,20 7 17 21,0
1401,'TM-H26-TM_GTFS-Fête-1-01',801,,1855,180,,,0,103,,1852,180,,,0,101,,1866,180,,,0,101,,1862,180,,,0,101,,1860,180,,,0,100,,1863,180,,,0,101,,1861,180,,,0,100,,1864,180,,,0,100,,1867,180,,,0,99,,1865,180,,,0,100,,1850,180,,,0,99,,1853,180,,,0,99,,1851,180,,,0,100,,1856,180,,,0,97,,1859,180,,,0,102,,1857,180,,,0,99,,1854,180,,,0,100,,1858,180,,,0
1401,'TM-H26-TM_GTFS-Week-end-02',801,,1873,180,,,0,103,,1870,180,,,0,101,,1884,180,,,0,101,,1880,180,,,0,101,,1878,180,,,0,100,,1881,180,,,0,101,,1879,180,,,0,100,,1882,180,,,0,100,,1885,180,,,0,99,,1883,180,,,0,100,,1868,180,,,0,99,,1871,180,,,0,99,,1869,180,,,0,100,,1874,180,,,0,97,,1877,180,,,0,102,,1875,180,,,0,99,,1872,180,,,0,100,,1876,180,,,0
1700,'TM-H26-TM_GTFS-Fête-1-01',703,,1886,180,,,0,100,,1896,180,,,0,101,,1887,180,,,0,101,,1897,180,,,0,100,,1888,180,,,0,101,,1898,180,,,0,100,,1889,180,,,0,101,,1899,180,,,0,100,,1890,180,,,0,100,,1900,180,,,0,100,,1891,180,,,0,99,,1901,180,,,0,99,,1892,180,,,0,100,,1902,180,,,0,100,,1893,180,,,0,100,,1903,180,,,0,99,,1894,180,,,0,99,,1904,180,,,0,100,,1895,180,,,0
1700,'TM-H26-TM_GTFS-Fête-2-02',604,,1909,180,,,0,101,,1917,180,,,0,100,,1910,180,,,0,100,,1918,180,,,0,101,,1911,180,,,0,100,,1905,180,,,0,100,,1912,180,,,0,100,,1919,180,,,0,101,,1913,180,,,0,102,,1920,180,,,0,103,,1914,180,,,0,100,,1906,180,,,0,96,,1915,180,,,0,98,,1907,180,,,0,99,,1916,180,,,0,100,,1908,180,,,0,100,,1922,180,,,0,99,,1924,180,,,0,100,,1923,180,,,0,98,,1921,180,,,0
1700,'TM-H26-TM_GTFS-Semaine-02',604,,1929,180,,,0,101,,1937,180,,,0,100,,1930,180,,,0,100,,1938,180,,,0,101,,1931,180,,,0,100,,1925,180,,,0,100,,1932,180,,,0,100,,1939,180,,,0,101,,1933,180,,,0,102,,1940,180,,,0,103,,1934,180,,,0,100,,1926,180,,,0,96,,1935,180,,,0,98,,1927,180,,,0,99,,1936,180,,,0,100,,1928,180,,,0,100,,1942,180,,,0,99,,1944,180,,,0,100,,1943,180,,,0,98,,1941,180,,,0
1700,'TM-H26-TM_GTFS-Week-end-02',703,,1945,180,,,0,100,,1955,180,,,0,101,,1946,180,,,0,101,,1956,180,,,0,100,,1947,180,,,0,101,,1957,180,,,0,100,,1948,180,,,0,101,,1958,180,,,0,100,,1949,180,,,0,100,,1959,180,,,0,100,,1950,180,,,0,99,,1960,180,,,0,99,,1951,180,,,0,100,,1961,180,,,0,100,,1952,180,,,0,100,,1962,180,,,0,99,,1953,180,,,0,99,,1963,180,,,0,100,,1954,180,,,0
2000001500,'TM-H26-TM_GTFS-Fête-2-02',1229,,3219,110,,,0,400,,3220,110,,,0,100,,3221,110,,,0,100,,3222,110,,,0
2000001500,'TM-H26-TM_GTFS-Semaine-02',1229,,3223,110,,,0,400,,3224,110,,,0,100,,3225,110,,,0,100,,3226,110,,,0
