1400,'TM-H26-TM_GTFS-Fête-2-02',634,,1736,150,0,20 7 17 21,0,71,,1752,150,0,20 7 17 21,0,30,,1774,150,0,20 7 17 21,0,70,,1738,150,0,20 7 17 21,0,30,,1754,150,0,20 7 17 21,0,70,,1734,150,0,20 7 17 21,0,30,,1740,150,0,20 7 17 21,0,70,,1756,150,0,20 7 17 21,0,30,,1742,150,0,20 7 17 21,0,100,,1762,150,0,20 7 17 21,0,100,,1766,150,0,20 7 17 21,0,100,,1764,150,0,20 7 17 21,0,102,,1721,150,0,20 7 17 21,0,100,,1731,150,0,20 7 17 21,0,102,,1723,150,0,20 7 17 21,0,70,,1767,150,0,20 7 17 21,0,30,,1743,150,0,20 7 17 21,0,70,,1725,150,0,20 7 17 21,0,25,,1769,150,0,20 7 17 21,0,70,,1745,150,0,20 7 17 21,0,30,,1727,150,0,20 7 17 21,0,100,,1771,150,0,20 7 17 21,0,100,,1729,150,0,20 7 17 21,0,97,,1747,150,0,20 7 17 21,0,100,,1759,150,0,20 7 17 21,0,100,,1749,150,0,20 7 17 21,0,100,,1773,150,0,20 7 17 21,0
1400,'TM-H26-TM_GTFS-Semaine-02',634,,1791,150,0,20 7 17 21,0,71,,1807,150,0,20 7 17 21,0,30,,1829,150,0,20 7 17 21,0,70,,1793,150,0,20 7 17 21,0,30,,1809,150,0,20 7 17 21,0,70,,1789,150,0,20 7 17 21,0,30,,1795,150,0,20 7 17 21,0,70,,1811,150,0,20 7 17 21,0,30,,1797,150,0,20 7 17 21,0,100,,1817,150,0,20 7 17 21,0,100,,1821,150,0,20 7 17 21,0,100,,1819,150,0,20 7 17 21,0,102,,1776,150,0,20 7 17 21,0,100,,1786,150,0,20 7 17 21,0,102,,1778,150,0,20 7 17 21,0,70,,1822,150,0,20 7 17 21,0,30,,1798,150,0,20 7 17 21,0,70,,1780,150,0,20 7 17 21,0,25,,1824,150,0,20 7 17 21,0,70,,1800,150,0,20 7 17 21,0,30,,1782,150,0,20 7 17 21,0,100,,1826,150,0,20 7 17 21,0,100,,1784,150,0,20 7 17 21,0,97,,1802,150,0,20 7 17 21,0,100,,1814,150,0,20 7 17 21,0,100,,1804,150,0,20 7 17 21,0,100,,1828,150,0,20 7 17 21,0
1401,'TM-H26-TM_GTFS-Fête-1-01',759,,1855,150,,,0,143,,1852,150,,,0,101,,1866,150,,,0,101,,1862,150,,,0,101,,1860,150,,,0,100,,1863,150,,,0,101,,1861,150,,,0,100,,1864,150,,,0,100,,1867,150,,,0,99,,1865,150,,,0,100,,1850,150,,,0,99,,1853,150,,,0,99,,1851,150,,,0,100,,1856,150,,,0,97,,1859,150,,,0,103,,1857,150,,,0,99,,1854,150,,,0,100,,1858,150,,,0
1401,'TM-H26-TM_GTFS-Week-end-02',759,,1873,150,,,0,143,,1870,150,,,0,101,,1884,150,,,0,101,,1880,150,,,0,101,,1878,150,,,0,100,,1881,150,,,0,101,,1879,150,,,0,100,,1882,150,,,0,100,,1885,150,,,0,99,,1883,150,,,0,100,,1868,150,,,0,99,,1871,150,,,0,99,,1869,150,,,0,100,,1874,150,,,0,97,,1877,150,,,0,103,,1875,150,,,0,99,,1872,150,,,0,100,,1876,150,,,0
1700,'TM-H26-TM_GTFS-Fête-1-01',701,,1886,150,,,0,100,,1896,150,,,0,101,,1887,150,,,0,101,,1897,150,,,0,100,,1888,150,,,0,101,,1898,150,,,0,100,,1889,150,,,0,101,,1899,150,,,0,100,,1890,150,,,0,100,,1900,150,,,0,100,,1891,150,,,0,99,,1901,150,,,0,99,,1892,150,,,0,100,,1902,150,,,0,100,,1893,150,,,0,100,,1903,150,,,0,99,,1894,150,,,0,99,,1904,150,,,0,100,,1895,150,,,0
1700,'TM-H26-TM_GTFS-Fête-2-02',602,,1909,150,,,0,101,,1917,150,,,0,100,,1910,150,,,0,100,,1918,150,,,0,101,,1911,150,,,0,100,,1905,150,,,0,100,,1912,150,,,0,100,,1919,150,,,0,101,,1913,150,,,0,102,,1920,150,,,0,102,,1914,150,,,0,100,,1906,150,,,0,97,,1915,150,,,0,98,,1907,150,,,0,99,,1916,150,,,0,100,,1908,150,,,0,100,,1922,150,,,0,99,,1924,150,,,0,100,,1923,150,,,0,98,,1921,150,,,0
1700,'TM-H26-TM_GTFS-Semaine-02',602,,1929,150,,,0,101,,1937,150,,,0,100,,1930,150,,,0,100,,1938,150,,,0,101,,1931,150,,,0,100,,1925,150,,,0,100,,1932,150,,,0,100,,1939,150,,,0,101,,1933,150,,,0,102,,1940,150,,,0,102,,1934,150,,,0,100,,1926,150,,,0,97,,1935,150,,,0,98,,1927,150,,,0,99,,1936,150,,,0,100,,1928,150,,,0,100,,1942,150,,,0,99,,1944,150,,,0,100,,1943,150,,,0,98,,1941,150,,,0
1700,'TM-H26-TM_GTFS-Week-end-02',701,,1945,150,,,0,100,,1955,150,,,0,101,,1946,150,,,0,101,,1956,150,,,0,100,,1947,150,,,0,101,,1957,150,,,0,100,,1948,150,,,0,101,,1958,150,,,0,100,,1949,150,,,0,100,,1959,150,,,0,100,,1950,150,,,0,99,,1960,150,,,0,99,,1951,150,,,0,100,,1961,150,,,0,100,,1952,150,,,0,100,,1962,150,,,0,99,,1953,150,,,0,99,,1963,150,,,0,100,,1954,150,,,0
2000001500,'TM-H26-TM_GTFS-Fête-2-02',1226,,3219,80,,,0,400,,3220,80,,,0,100,,3221,80,,,0,100,,3222,80,,,0
2000001500,'TM-H26-TM_GTFS-Semaine-02',1226,,3223,80,,,0,400,,3224,80,,,0,100,,3225,80,,,0,100,,3226,80,,,0
2000005701,'TM-H26-TM_GTFS-Fête-2-02',609,,3315,10,,,0,100,,3316,10,,,0,100,,3317,10,,,0,401,,3318,10,,,0,402,,3319,10,,,0,100,,3320,10,,,0,100,,3321,10,,,0
2000005701,'TM-H26-TM_GTFS-Semaine-02',609,,3322,10,,,0,100,,3323,10,,,0,100,,3324,10,,,0,401,,3325,10,,,0,402,,3326,10,,,0,100,,3327,10,,,0,100,,3328,10,,,0
