200,'TM-H26-TM_GTFS-Fête-1-01',659,,2292,,,0,242,,2293,,,0,200,,2294,,,0,200,,2295,,,0,200,,2296,,,0,158,,2297,,,0,200,,2298,,,0,200,,2299,,,0,200,,2300,,,0,200,,2301,0,14 1 15,0
200,'TM-H26-TM_GTFS-Fête-2-02',559,,2320,,,0,70,,2314,,,0,30,,2321,,,0,71,,2315,,,0,70,,2322,,,0,30,,2316,,,0,170,,2310,,,0,200,,2311,,,0,200,,2312,,,0,101,,2309,,,0,101,,2318,,,0,30,,2317,,,0,70,,2319,,,0,30,,2313,,,0,99,,2302,,,0,170,,2308,,,0,58,,2305,,,0,100,,2304,,,0,100,,2306,,,0,199,,2307,0,14 1 15,0
200,'TM-H26-TM_GTFS-Semaine-02',559,,2341,,,0,70,,2335,,,0,30,,2342,,,0,71,,2336,,,0,70,,2343,,,0,30,,2337,,,0,170,,2331,,,0,200,,2332,,,0,200,,2333,0,8 5,0,101,,2330,,,0,101,,2339,,,0,30,,2338,,,0,70,,2340,,,0,30,,2334,,,0,99,,2323,,,0,170,,2329,,,0,58,,2326,,,0,100,,2325,,,0,100,,2327,,,0,199,,2328,0,14 1 15,0
200,'TM-H26-TM_GTFS-Week-end-02',659,,2344,,,0,242,,2345,,,0,200,,2346,,,0,200,,2347,,,0,200,,2348,,,0,158,,2349,,,0,200,,2350,,,0,200,,2351,,,0,200,,2352,,,0,200,,2353,0,14 1 15,0
2000,'TM-H26-TM_GTFS-Fête-1-01',659,,3481,,,0,100,,3482,,,0,141,,3483,,,0,100,,3472,,,0,100,,3473,,,0,100,,3474,,,0,100,,3475,,,0,100,,3476,,,0,100,,3477,,,0,100,,3478,,,0,100,,3479,,,0,100,,3480,,,0,100,,3484,,,0,100,,3485,,,0,100,,3486,,,0,100,,3487,,,0,59,,3488,,,0,100,,3489,,,0,100,,3490,,,0
2000,'TM-H26-TM_GTFS-Fête-2-02',600,,3497,,,0,30,,3492,,,0,70,,3498,,,0,30,,3516,,,0,70,,3499,,,0,30,,3514,,,0,70,,3500,,,0,100,,3501,,,0,100,,3502,,,0,100,,3503,,,0,101,,3507,,,0,100,,3491,,,0,100,,3506,,,0,100,,3493,,,0,30,,3495,,,0,70,,3494,,,0,29,,3513,,,0,70,,3504,,,0,30,,3515,,,0,70,,3496,,,0,100,,3505,,,0,100,,3508,,,0,100,,3509,,,0,59,,3510,,,0,100,,3511,,,0,100,,3512,,,0
2000,'TM-H26-TM_GTFS-Semaine-02',600,,3523,,,0,30,,3518,,,0,70,,3524,,,0,30,,3542,,,0,70,,3525,,,0,30,,3540,,,0,70,,3526,,,0,100,,3527,,,0,100,,3528,,,0,100,,3529,,,0,101,,3533,,,0,100,,3517,,,0,100,,3532,,,0,100,,3519,,,0,30,,3521,,,0,70,,3520,,,0,29,,3539,,,0,70,,3530,,,0,30,,3541,,,0,70,,3522,,,0,100,,3531,,,0,100,,3534,,,0,100,,3535,,,0,59,,3536,,,0,100,,3537,,,0,100,,3538,,,0
2000,'TM-H26-TM_GTFS-Week-end-02',659,,3552,,,0,100,,3553,,,0,141,,3554,,,0,100,,3543,,,0,100,,3544,,,0,100,,3545,,,0,100,,3546,,,0,100,,3547,,,0,100,,3548,,,0,100,,3549,,,0,100,,3550,,,0,100,,3551,,,0,100,,3555,,,0,100,,3556,,,0,100,,3557,,,0,100,,3558,,,0,59,,3559,,,0,100,,3560,,,0,100,,3561,,,0
2100,'TM-H26-TM_GTFS-Fête-2-02',659,,3652,0,16 1 5,0,100,,3654,0,16 1 5,0,100,,3655,0,16 1 5,0
2100,'TM-H26-TM_GTFS-Semaine-02',659,,3656,0,16 1 5,0,100,,3658,0,16 1 5,0,100,,3659,0,16 1 5,0
2101,'TM-H26-TM_GTFS-Fête-2-02',1601,,3662,0,16 1 5,0,100,,3661,0,16 1 5,0,100,,3660,0,16 1 5,0
2101,'TM-H26-TM_GTFS-Semaine-02',1601,,3665,0,16 1 5,0,100,,3664,0,16 1 5,0,100,,3663,0,16 1 5,0
2700,'TM-H26-TM_GTFS-Semaine-02',724,,3772,,,0,100,,3767,,,0,706,,3770,,,0,101,,3771,,,0,100,,3769,,,0,99,,3768,,,0,100,,3773,,,0
