1101,'TM-H26-TM_GTFS-Fête-1-01',606,,1620,150,,,0,100,,1610,150,,,0,100,,1621,150,,,0,101,,1611,150,,,0,100,,1612,150,,,0,100,,1622,150,,,0,100,,1613,150,,,0,100,,1623,150,,,0,100,,1614,150,,,0,100,,1624,150,,,0,100,,1615,150,,,0,100,,1625,150,,,0,100,,1616,150,,,0,100,,1626,150,,,0,100,,1617,150,,,0,99,,1627,150,,,0,100,,1618,150,,,0,100,,1628,150,,,0,100,,1619,150,,,0
1101,'TM-H26-TM_GTFS-Fête-2-02',535,,1638,40,,,0,70,,1634,150,,,0,30,,1629,150,,,0,70,,1649,150,,,0,30,,1639,150,,,0,70,,1642,150,,,0,100,,1650,150,,,0,97,,1643,150,,,0,102,,1646,150,,,0,100,,1644,150,,,0,100,,1647,150,,,0,100,,1645,150,,,0,97,,1648,150,,,0,30,,1640,150,,,0,73,,1654,150,,,0,30,,1635,150,,,0,72,,1637,150,,,0,29,,1641,150,,,0,70,,1630,150,,,0,29,,1636,150,,,0,72,,1651,150,,,0,103,,1631,150,,,0,99,,1652,150,,,0,101,,1632,150,,,0,99,,1653,150,,,0,101,,1633,150,,,0
1101,'TM-H26-TM_GTFS-Semaine-02',535,,1664,40,,,0,70,,1660,150,,,0,30,,1655,150,,,0,70,,1675,150,,,0,30,,1665,150,,,0,70,,1668,150,,,0,100,,1676,150,,,0,97,,1669,150,,,0,102,,1672,150,,,0,100,,1670,150,,,0,100,,1673,150,,,0,100,,1671,150,,,0,97,,1674,150,,,0,30,,1666,150,,,0,73,,1680,150,,,0,30,,1661,150,,,0,72,,1663,150,,,0,29,,1667,150,,,0,70,,1656,150,,,0,29,,1662,150,,,0,72,,1677,150,,,0,103,,1657,150,,,0,99,,1678,150,,,0,101,,1658,150,,,0,99,,1679,150,,,0,101,,1659,150,,,0
1101,'TM-H26-TM_GTFS-Week-end-02',606,,1691,150,,,0,100,,1681,150,,,0,100,,1692,150,,,0,101,,1682,150,,,0,100,,1683,150,,,0,100,,1693,150,,,0,100,,1684,150,,,0,100,,1694,150,,,0,100,,1685,150,,,0,100,,1695,150,,,0,100,,1686,150,,,0,100,,1696,150,,,0,100,,1687,150,,,0,100,,1697,150,,,0,100,,1688,150,,,0,99,,1698,150,,,0,100,,1689,150,,,0,100,,1699,150,,,0,100,,1690,150,,,0
4001,'TM-H26-TM_GTFS-Fête-1-01',815,,2890,160,,,0,402,,2891,160,,,0,498,,2892,160,,,0
4001,'TM-H26-TM_GTFS-Week-end-02',815,,2893,160,,,0,402,,2894,160,,,0,498,,2895,160,,,0
14000,'TM-H26-TM_GTFS-Fête-2-02',533,,2912,230,,,0,80,,2904,230,,,0,20,,2906,230,,,0,20,,2915,230,,,0,60,,2902,230,,,0,20,,2911,230,,,0,25,,2913,230,,,0,71,,2910,230,,,0,386,,2914,230,,,0,108,,2908,230,,,0,219,,2907,230,,,0,189,,2905,230,,,0,175,,2909,230,,,0,253,,2903,230,,,0
14000,'TM-H26-TM_GTFS-Semaine-02',533,,2926,230,,,0,80,,2918,230,,,0,20,,2920,230,,,0,20,,2929,230,,,0,60,,2916,230,,,0,20,,2925,230,,,0,25,,2927,230,,,0,71,,2924,230,,,0,386,,2928,230,,,0,108,,2922,230,,,0,219,,2921,230,,,0,189,,2919,230,,,0,175,,2923,230,,,0,253,,2917,230,,,0
2000001200,'TM-H26-TM_GTFS-Fête-2-02',1231,,3189,50,,,0,390,,3190,50,,,0,215,,3191,50,,,0
2000001200,'TM-H26-TM_GTFS-Semaine-02',1231,,3192,50,,,0,390,,3193,50,,,0,215,,3194,50,,,0
