300,'TM-E26-TM_GTFS-Fête-1-01',754,,3446,20,,,0,200,,3447,20,,,0,200,,3448,20,,,0,200,,3449,20,,,0,200,,3450,20,,,0,200,,3451,20,,,0,200,,3452,20,,,0,200,,3453,20,,,0,200,,3454,20,,,0
300,'TM-E26-TM_GTFS-Semaine-01',554,,3457,20,,,0,70,,3473,20,,,0,30,,3467,20,,,0,70,,3472,20,,,0,30,,3466,20,,,0,100,,3461,20,,,0,201,,3462,20,,,0,200,,3463,20,,,0,170,,3465,20,,,0,105,,3464,20,,,0,95,,3470,20,,,0,30,,3469,20,,,0,70,,3471,20,,,0,30,,3468,20,,,0,100,,3455,20,,,0,169,,3458,20,,,0,100,,3459,20,,,0,230,,3460,20,,,0
300,'TM-E26-TM_GTFS-Week-end-01',754,,3475,20,,,0,200,,3476,20,,,0,200,,3477,20,,,0,200,,3478,20,,,0,200,,3479,20,,,0,200,,3480,20,,,0,200,,3481,20,,,0,200,,3482,20,,,0,200,,3483,20,,,0
1401,'TM-E26-TM_GTFS-Fête-1-01',751,,3783,20,,,0,103,,3780,20,,,0,101,,3794,20,,,0,100,,3790,20,,,0,100,,3788,20,,,0,100,,3791,20,,,0,100,,3789,20,,,0,100,,3792,20,,,0,100,,3795,20,,,0,100,,3793,20,,,0,100,,3778,20,,,0,100,,3781,20,,,0,100,,3779,20,,,0,100,,3784,20,,,0,97,,3787,20,,,0,103,,3785,20,,,0,99,,3782,20,,,0,100,,3786,20,,,0
1401,'TM-E26-TM_GTFS-Semaine-01',624,,3803,20,,,0,30,,3811,20,,,0,70,,3822,20,,,0,30,,3804,20,,,0,70,,3812,20,,,0,30,,3802,20,,,0,70,,3805,20,,,0,30,,3813,20,,,0,70,,3806,20,,,0,100,,3815,20,,,0,100,,3817,20,,,0,100,,3816,20,,,0,101,,3796,20,,,0,100,,3801,20,,,0,100,,3797,20,,,0,30,,3818,20,,,0,70,,3807,20,,,0,30,,3798,20,,,0,69,,3819,20,,,0,30,,3808,20,,,0,70,,3799,20,,,0,100,,3820,20,,,0,100,,3800,20,,,0,100,,3809,20,,,0,100,,3814,20,,,0,100,,3810,20,,,0,100,,3821,20,,,0
1401,'TM-E26-TM_GTFS-Week-end-01',751,,3828,20,,,0,103,,3825,20,,,0,101,,3839,20,,,0,100,,3835,20,,,0,100,,3833,20,,,0,100,,3836,20,,,0,100,,3834,20,,,0,100,,3837,20,,,0,100,,3840,20,,,0,100,,3838,20,,,0,100,,3823,20,,,0,100,,3826,20,,,0,100,,3824,20,,,0,100,,3829,20,,,0,97,,3832,20,,,0,103,,3830,20,,,0,99,,3827,20,,,0,100,,3831,20,,,0
1700,'TM-E26-TM_GTFS-Fête-1-01',654,,3841,20,,,0,100,,3851,20,,,0,100,,3842,20,,,0,101,,3852,20,,,0,100,,3843,20,,,0,100,,3853,20,,,0,100,,3844,20,,,0,100,,3854,20,,,0,100,,3845,20,,,0,100,,3855,20,,,0,100,,3846,20,,,0,100,,3856,20,,,0,99,,3847,20,,,0,100,,3857,20,,,0,100,,3848,20,,,0,100,,3858,20,,,0,100,,3849,20,,,0,100,,3859,20,,,0,100,,3850,20,,,0
1700,'TM-E26-TM_GTFS-Semaine-01',554,,3864,20,,,0,101,,3872,20,,,0,100,,3865,20,,,0,100,,3873,20,,,0,100,,3866,20,,,0,100,,3860,20,,,0,100,,3867,20,,,0,100,,3874,20,,,0,100,,3868,20,,,0,100,,3875,20,,,0,100,,3869,20,,,0,100,,3861,20,,,0,100,,3870,20,,,0,100,,3862,20,,,0,100,,3871,20,,,0,100,,3863,20,,,0,100,,3877,20,,,0,99,,3879,20,,,0,100,,3878,20,,,0,100,,3876,20,,,0
1700,'TM-E26-TM_GTFS-Week-end-01',654,,3880,20,,,0,100,,3890,20,,,0,100,,3881,20,,,0,101,,3891,20,,,0,100,,3882,20,,,0,100,,3892,20,,,0,100,,3883,20,,,0,100,,3893,20,,,0,100,,3884,20,,,0,100,,3894,20,,,0,100,,3885,20,,,0,100,,3895,20,,,0,99,,3886,20,,,0,100,,3896,20,,,0,100,,3887,20,,,0,100,,3897,20,,,0,100,,3888,20,,,0,100,,3898,20,,,0,100,,3889,20,,,0
1801,'TM-E26-TM_GTFS-Semaine-01',554,,3989,20,0,6 7,0,100,,3990,20,0,6 7,0,93,,3998,20,0,6 7,0,107,,3991,20,0,6 7,0,200,,3992,20,0,6 7,0,200,,3993,20,0,6 7,0,200,,3994,20,0,6 7,0,101,,3988,20,0,6 7,0,100,,3996,20,0,6 7,0,100,,3995,20,0,6 7,0,199,,3987,20,0,6 7,0,200,,3997,20,0,6 7,0,300,,3999,20,0,11,0
