1100,'TM-H26-TM_GTFS-Fête-1-01',626,,1512,540,,,0,100,,1522,540,,,0,101,,1513,540,,,0,101,,1514,540,,,0,100,,1523,540,,,0,101,,1515,540,,,0,100,,1524,540,,,0,100,,1516,540,,,0,100,,1525,540,,,0,100,,1517,540,,,0,100,,1526,540,,,0,100,,1518,540,,,0,99,,1527,540,,,0,100,,1519,540,,,0,100,,1528,540,,,0,98,,1520,540,,,0,100,,1529,540,,,0,100,,1521,540,,,0,100,,1530,540,,,0,100,,1531,540,,,0
1100,'TM-H26-TM_GTFS-Fête-2-02',556,,1532,540,,,0,70,,1554,540,,,0,30,,1543,540,,,0,70,,1539,540,,,0,30,,1533,540,,,0,70,,1555,540,,,0,30,,1544,540,,,0,71,,1547,540,,,0,101,,1551,540,,,0,100,,1548,540,,,0,100,,1552,540,,,0,100,,1549,540,,,0,101,,1553,540,,,0,100,,1560,540,,,0,30,,1540,540,,,0,70,,1542,540,,,0,30,,1545,540,,,0,70,,1534,540,,,0,30,,1541,540,,,0,70,,1556,540,,,0,30,,1546,540,,,0,69,,1535,540,,,0,28,,1550,540,,,0,70,,1557,540,,,0,100,,1536,540,,,0,100,,1558,540,,,0,100,,1537,540,,,0,100,,1559,540,,,0,100,,1538,540,,,0
1100,'TM-H26-TM_GTFS-Semaine-02',556,,1561,540,,,0,70,,1583,540,,,0,30,,1572,540,,,0,70,,1568,540,,,0,30,,1562,540,,,0,70,,1584,540,,,0,30,,1573,540,,,0,71,,1576,540,,,0,101,,1580,540,,,0,100,,1577,540,,,0,100,,1581,540,,,0,100,,1578,540,,,0,101,,1582,540,,,0,100,,1589,540,,,0,30,,1569,540,,,0,70,,1571,540,,,0,30,,1574,540,,,0,70,,1563,540,,,0,30,,1570,540,,,0,70,,1585,540,,,0,30,,1575,540,,,0,69,,1564,540,,,0,28,,1579,540,,,0,70,,1586,540,,,0,100,,1565,540,,,0,100,,1587,540,,,0,100,,1566,540,,,0,100,,1588,540,,,0,100,,1567,540,,,0
1100,'TM-H26-TM_GTFS-Week-end-02',626,,1590,540,,,0,100,,1600,540,,,0,101,,1591,540,,,0,101,,1592,540,,,0,100,,1601,540,,,0,101,,1593,540,,,0,100,,1602,540,,,0,100,,1594,540,,,0,100,,1603,540,,,0,100,,1595,540,,,0,100,,1604,540,,,0,100,,1596,540,,,0,99,,1605,540,,,0,100,,1597,540,,,0,100,,1606,540,,,0,98,,1598,540,,,0,100,,1607,540,,,0,100,,1599,540,,,0,100,,1608,540,,,0,100,,1609,540,,,0
1101,'TM-H26-TM_GTFS-Fête-1-01',602,,1620,90,,,0,100,,1610,90,,,0,100,,1621,90,,,0,100,,1611,90,,,0,100,,1612,90,,,0,100,,1622,90,,,0,100,,1613,90,,,0,100,,1623,90,,,0,100,,1614,90,,,0,100,,1624,90,,,0,100,,1615,90,,,0,100,,1625,90,,,0,100,,1616,90,,,0,100,,1626,90,,,0,100,,1617,90,,,0,100,,1627,90,,,0,100,,1618,90,,,0,100,,1628,90,,,0,100,,1619,90,,,0
1101,'TM-H26-TM_GTFS-Fête-2-02',600,,1634,90,,,0,30,,1629,90,,,0,70,,1649,90,,,0,30,,1639,90,,,0,70,,1642,90,,,0,100,,1650,90,,,0,57,,1643,90,,,0,102,,1646,90,,,0,100,,1644,90,,,0,100,,1647,90,,,0,100,,1645,90,,,0,97,,1648,90,,,0,70,,1640,90,,,0,33,,1654,90,,,0,70,,1635,90,,,0,72,,1637,90,,,0,29,,1641,90,,,0,70,,1630,90,,,0,29,,1636,90,,,0,72,,1651,90,,,0,103,,1631,90,,,0,99,,1652,90,,,0,101,,1632,90,,,0,99,,1653,90,,,0,101,,1633,90,,,0
1101,'TM-H26-TM_GTFS-Semaine-02',600,,1660,90,,,0,30,,1655,90,,,0,70,,1675,90,,,0,30,,1665,90,,,0,70,,1668,90,,,0,100,,1676,90,,,0,57,,1669,90,,,0,102,,1672,90,,,0,100,,1670,90,,,0,100,,1673,90,,,0,100,,1671,90,,,0,97,,1674,90,,,0,70,,1666,90,,,0,33,,1680,90,,,0,70,,1661,90,,,0,72,,1663,90,,,0,29,,1667,90,,,0,70,,1656,90,,,0,29,,1662,90,,,0,72,,1677,90,,,0,103,,1657,90,,,0,99,,1678,90,,,0,101,,1658,90,,,0,99,,1679,90,,,0,101,,1659,90,,,0
1101,'TM-H26-TM_GTFS-Week-end-02',602,,1691,90,,,0,100,,1681,90,,,0,100,,1692,90,,,0,100,,1682,90,,,0,100,,1683,90,,,0,100,,1693,90,,,0,100,,1684,90,,,0,100,,1694,90,,,0,100,,1685,90,,,0,100,,1695,90,,,0,100,,1686,90,,,0,100,,1696,90,,,0,100,,1687,90,,,0,100,,1697,90,,,0,100,,1688,90,,,0,100,,1698,90,,,0,100,,1689,90,,,0,100,,1699,90,,,0,100,,1690,90,,,0
4000,'TM-H26-TM_GTFS-Fête-1-01',725,,2884,260,,,0,396,,2885,260,,,0,500,,2886,260,,,0
4000,'TM-H26-TM_GTFS-Week-end-02',725,,2887,260,,,0,396,,2888,260,,,0,500,,2889,260,,,0
4001,'TM-H26-TM_GTFS-Fête-1-01',811,,2890,100,,,0,402,,2891,100,,,0,498,,2892,100,,,0
4001,'TM-H26-TM_GTFS-Week-end-02',811,,2893,100,,,0,402,,2894,100,,,0,498,,2895,100,,,0
