1100,'TM-E26-TM_GTFS-Fête-1-01',632,,3577,610,,,0,100,,3587,610,,,0,101,,3578,610,,,0,101,,3579,610,,,0,100,,3588,610,,,0,102,,3580,610,,,0,100,,3589,610,,,0,100,,3581,610,,,0,100,,3590,610,,,0,100,,3582,610,,,0,100,,3591,610,,,0,100,,3583,610,,,0,99,,3592,610,,,0,99,,3584,610,,,0,100,,3593,610,,,0,98,,3585,610,,,0,100,,3594,610,,,0,100,,3586,610,,,0,100,,3595,610,,,0,100,,3596,610,,,0
1100,'TM-E26-TM_GTFS-Semaine-01',602,,3597,610,,,0,30,,3619,610,,,0,70,,3608,610,,,0,30,,3604,610,,,0,70,,3598,610,,,0,30,,3620,610,,,0,70,,3609,610,,,0,31,,3612,610,,,0,102,,3616,610,,,0,100,,3613,610,,,0,100,,3617,610,,,0,100,,3614,610,,,0,101,,3618,610,,,0,100,,3625,610,,,0,70,,3605,610,,,0,32,,3607,610,,,0,68,,3610,610,,,0,30,,3599,610,,,0,70,,3606,610,,,0,30,,3621,610,,,0,70,,3611,610,,,0,29,,3600,610,,,0,68,,3615,610,,,0,30,,3622,610,,,0,100,,3601,610,,,0,100,,3623,610,,,0,100,,3602,610,,,0,100,,3624,610,,,0,100,,3603,610,,,0
1100,'TM-E26-TM_GTFS-Week-end-01',632,,3626,610,,,0,100,,3636,610,,,0,101,,3627,610,,,0,101,,3628,610,,,0,100,,3637,610,,,0,102,,3629,610,,,0,100,,3638,610,,,0,100,,3630,610,,,0,100,,3639,610,,,0,100,,3631,610,,,0,100,,3640,610,,,0,100,,3632,610,,,0,99,,3641,610,,,0,99,,3633,610,,,0,100,,3642,610,,,0,98,,3634,610,,,0,100,,3643,610,,,0,100,,3635,610,,,0,100,,3644,610,,,0,100,,3645,610,,,0
1101,'TM-E26-TM_GTFS-Fête-1-01',613,,3656,260,,,0,100,,3646,260,,,0,100,,3657,260,,,0,100,,3647,260,,,0,100,,3648,260,,,0,100,,3658,260,,,0,100,,3649,260,,,0,100,,3659,260,,,0,100,,3650,260,,,0,100,,3660,260,,,0,100,,3651,260,,,0,100,,3661,260,,,0,100,,3652,260,,,0,100,,3662,260,,,0,100,,3653,260,,,0,99,,3663,260,,,0,100,,3654,260,,,0,100,,3664,260,,,0,100,,3655,260,,,0
1101,'TM-E26-TM_GTFS-Semaine-01',541,,3674,150,,,0,70,,3670,260,,,0,30,,3665,260,,,0,70,,3685,260,,,0,30,,3675,260,,,0,70,,3678,260,,,0,100,,3686,260,,,0,98,,3679,260,,,0,102,,3682,260,,,0,100,,3680,260,,,0,100,,3683,260,,,0,100,,3681,260,,,0,97,,3684,260,,,0,30,,3676,260,,,0,73,,3690,260,,,0,30,,3671,260,,,0,72,,3673,260,,,0,29,,3677,260,,,0,70,,3666,260,,,0,29,,3672,260,,,0,71,,3687,260,,,0,103,,3667,260,,,0,99,,3688,260,,,0,101,,3668,260,,,0,99,,3689,260,,,0,101,,3669,260,,,0
1101,'TM-E26-TM_GTFS-Week-end-01',613,,3701,260,,,0,100,,3691,260,,,0,100,,3702,260,,,0,100,,3692,260,,,0,100,,3693,260,,,0,100,,3703,260,,,0,100,,3694,260,,,0,100,,3704,260,,,0,100,,3695,260,,,0,100,,3705,260,,,0,100,,3696,260,,,0,100,,3706,260,,,0,100,,3697,260,,,0,100,,3707,260,,,0,100,,3698,260,,,0,99,,3708,260,,,0,100,,3699,260,,,0,100,,3709,260,,,0,100,,3700,260,,,0
4001,'TM-E26-TM_GTFS-Fête-1-01',821,,4423,280,,,0,402,,4424,280,,,0,498,,4425,280,,,0
4001,'TM-E26-TM_GTFS-Week-end-01',821,,4426,280,,,0,402,,4427,280,,,0,498,,4428,280,,,0
14001,'TM-E26-TM_GTFS-Semaine-01',659,,4457,290,,,0,146,,4452,290,,,0,97,,4456,290,,,0,430,,4454,290,,,0,208,,4449,290,,,0,101,,4453,290,,,0,78,,4451,290,,,0,27,,4455,290,,,0,70,,4458,290,,,0,40,,4446,290,,,0,70,,4450,290,,,0,96,,4447,290,,,0,292,,4448,290,,,0
2000001200,'TM-E26-TM_GTFS-Semaine-01',1233,,4631,80,,,0,390,,4632,80,,,0,215,,4633,80,,,0
