300,'TM-E26-TM_GTFS-Fête-1-01',631,,3445,510,,,0,201,,3446,630,,,0,207,,3447,630,,,0,200,,3448,630,,,0,200,,3449,630,,,0,196,,3450,630,,,0,197,,3451,630,,,0,199,,3452,630,,,0,200,,3453,630,,,0,198,,3454,630,,,0
300,'TM-E26-TM_GTFS-Semaine-01',538,,3456,500,,,0,98,,3457,620,,,0,70,,3473,620,,,0,31,,3467,620,,,0,70,,3472,620,,,0,32,,3466,620,,,0,100,,3461,620,,,0,200,,3462,620,,,0,200,,3463,620,,,0,171,,3465,620,,,0,105,,3464,620,,,0,99,,3470,620,,,0,28,,3469,620,,,0,66,,3471,620,,,0,30,,3468,620,,,0,95,,3455,620,,,0,168,,3458,620,,,0,100,,3459,620,,,0,227,,3460,620,,,0
300,'TM-E26-TM_GTFS-Week-end-01',631,,3474,510,,,0,201,,3475,630,,,0,207,,3476,630,,,0,200,,3477,630,,,0,200,,3478,630,,,0,196,,3479,630,,,0,197,,3480,630,,,0,199,,3481,630,,,0,200,,3482,630,,,0,198,,3483,630,,,0
400,'TM-E26-TM_GTFS-Semaine-01',1659,,3488,400,,,0,90,,3484,400,,,0,100,,3485,400,,,0,294,,3486,400,,,0,275,,3487,400,,,0
401,'TM-E26-TM_GTFS-Semaine-01',606,,3490,470,,,0,100,,3492,470,,,0,100,,3491,470,,,0,101,,3489,470,,,0,1031,,3493,470,,,0
800,'TM-E26-TM_GTFS-Fête-1-01',702,,3498,200,,,0,100,,3499,200,,,0,100,,3500,200,,,0,101,,3501,200,,,0,100,,3502,200,,,0,100,,3503,200,,,0,100,,3504,200,,,0,100,,3505,200,,,0,100,,3506,200,,,0,100,,3507,200,,,0,100,,3508,200,,,0,99,,3509,200,,,0,100,,3510,200,,,0,100,,3511,200,,,0,100,,3512,200,,,0,100,,3513,200,,,0,100,,3514,200,,,0,100,,3515,200,,,0,99,,3516,200,0,16,0
800,'TM-E26-TM_GTFS-Semaine-01',602,,3528,200,,,0,102,,3523,200,,,0,100,,3519,200,,,0,100,,3520,200,,,0,100,,3526,200,,,0,100,,3527,200,,,0,100,,3517,200,,,0,100,,3518,200,,,0,100,,3524,200,,,0,100,,3529,200,,,0,100,,3525,200,,,0,100,,3521,200,,,0,99,,3522,200,,,0,100,,3530,200,,,0,100,,3531,200,,,0,100,,3532,200,,,0,100,,3533,200,,,0,100,,3534,200,,,0,100,,3535,200,,,0,98,,3536,200,0,16,0
800,'TM-E26-TM_GTFS-Week-end-01',702,,3538,200,,,0,100,,3539,200,,,0,100,,3540,200,,,0,101,,3541,200,,,0,100,,3542,200,,,0,100,,3543,200,,,0,100,,3544,200,,,0,100,,3545,200,,,0,100,,3546,200,,,0,100,,3547,200,,,0,100,,3548,200,,,0,99,,3549,200,,,0,100,,3550,200,,,0,100,,3551,200,,,0,100,,3552,200,,,0,100,,3553,200,,,0,100,,3554,200,,,0,100,,3555,200,,,0,99,,3556,200,0,16,0
1101,'TM-E26-TM_GTFS-Fête-1-01',637,,3656,640,,,0,100,,3646,640,,,0,100,,3657,640,,,0,101,,3647,640,,,0,101,,3648,640,,,0,100,,3658,640,,,0,100,,3649,640,,,0,100,,3659,640,,,0,100,,3650,640,,,0,100,,3660,640,,,0,100,,3651,640,,,0,100,,3661,640,,,0,99,,3652,640,,,0,98,,3662,640,,,0,100,,3653,640,,,0,99,,3663,640,,,0,100,,3654,640,,,0,100,,3664,640,,,0,100,,3655,640,,,0
1101,'TM-E26-TM_GTFS-Semaine-01',606,,3674,530,,,0,30,,3670,640,,,0,70,,3665,640,,,0,30,,3685,640,,,0,70,,3675,640,,,0,30,,3678,640,,,0,100,,3686,640,,,0,100,,3679,640,,,0,102,,3682,640,,,0,100,,3680,640,,,0,100,,3683,640,,,0,100,,3681,640,,,0,97,,3684,640,,,0,70,,3676,640,,,0,32,,3690,640,,,0,70,,3671,640,,,0,32,,3673,640,,,0,69,,3677,640,,,0,29,,3666,640,,,0,69,,3672,640,,,0,30,,3687,640,,,0,103,,3667,640,,,0,99,,3688,640,,,0,100,,3668,640,,,0,99,,3689,640,,,0,101,,3669,640,,,0
1101,'TM-E26-TM_GTFS-Week-end-01',637,,3701,640,,,0,100,,3691,640,,,0,100,,3702,640,,,0,101,,3692,640,,,0,101,,3693,640,,,0,100,,3703,640,,,0,100,,3694,640,,,0,100,,3704,640,,,0,100,,3695,640,,,0,100,,3705,640,,,0,100,,3696,640,,,0,100,,3706,640,,,0,99,,3697,640,,,0,98,,3707,640,,,0,100,,3698,640,,,0,99,,3708,640,,,0,100,,3699,640,,,0,100,,3709,640,,,0,100,,3700,640,,,0
2001,'TM-E26-TM_GTFS-Fête-1-01',635,,4243,270,,,0,101,,4244,270,,,0,101,,4245,270,,,0,100,,4246,270,,,0,101,,4237,270,,,0,101,,4238,270,,,0,100,,4247,270,,,0,101,,4248,270,,,0,100,,4249,270,,,0,99,,4239,270,,,0,100,,4240,270,,,0,99,,4241,270,,,0,99,,4242,270,,,0,100,,4250,270,,,0,100,,4251,270,,,0,100,,4252,270,,,0,99,,4253,270,,,0,100,,4254,270,,,0,100,,4255,270,,,0
2001,'TM-E26-TM_GTFS-Semaine-01',537,,4260,270,,,0,100,,4261,270,,,0,70,,4257,270,,,0,30,,4262,270,,,0,72,,4281,270,,,0,30,,4263,270,,,0,70,,4279,270,,,0,30,,4264,270,,,0,100,,4265,270,,,0,101,,4256,270,,,0,100,,4266,270,,,0,100,,4273,270,,,0,100,,4274,270,,,0,99,,4275,270,,,0,100,,4276,270,,,0,64,,4277,270,,,0,30,,4258,270,,,0,70,,4278,270,,,0,30,,4267,270,,,0,71,,4280,270,,,0,29,,4259,270,,,0,105,,4268,270,,,0,99,,4269,270,,,0,97,,4270,270,,,0,100,,4271,270,,,0,100,,4272,270,,,0
2001,'TM-E26-TM_GTFS-Week-end-01',635,,4288,270,,,0,101,,4289,270,,,0,101,,4290,270,,,0,100,,4291,270,,,0,101,,4282,270,,,0,101,,4283,270,,,0,100,,4292,270,,,0,101,,4293,270,,,0,100,,4294,270,,,0,99,,4284,270,,,0,100,,4285,270,,,0,99,,4286,270,,,0,99,,4287,270,,,0,100,,4295,270,,,0,100,,4296,270,,,0,100,,4297,270,,,0,99,,4298,270,,,0,100,,4299,270,,,0,100,,4300,270,,,0
2100,'TM-E26-TM_GTFS-Semaine-01',637,,4302,360,0,5,0,94,,4301,580,0,5,0,100,,4303,580,0,5,0,100,,4304,580,0,5,0
2101,'TM-E26-TM_GTFS-Semaine-01',1639,,4307,580,0,5,0,99,,4306,580,0,5,0,100,,4305,580,0,5,0
