2000,'TM-H26-TM_GTFS-Fête-1-01',713,,2435,320,4,,0,100,,2436,320,4,,0,101,,2437,320,4,,0,102,,2426,320,4,,0,100,,2427,320,4,,0,100,,2428,320,4,,0,101,,2429,320,4,,0,100,,2430,320,4,,0,100,,2431,320,4,,0,100,,2432,320,4,,0,99,,2433,320,4,,0,100,,2434,320,4,,0,98,,2438,320,4,,0,100,,2439,320,4,,0,100,,2440,320,4,,0,100,,2441,320,4,,0,98,,2442,320,4,,0,100,,2443,320,4,,0,99,,2444,320,4,,0
2000,'TM-H26-TM_GTFS-Fête-2-02',613,,2451,320,4,,0,30,,2446,320,4,,0,70,,2452,320,4,,0,32,,2470,320,4,,0,70,,2453,320,4,,0,30,,2468,320,4,,0,71,,2454,320,4,,0,100,,2455,320,4,,0,100,,2456,320,4,,0,100,,2457,320,4,,0,103,,2461,320,4,,0,100,,2445,320,4,,0,100,,2460,320,4,,0,100,,2447,320,4,,0,30,,2449,320,4,,0,70,,2448,320,4,,0,28,,2467,320,4,,0,70,,2458,320,4,,0,29,,2469,320,4,,0,70,,2450,320,4,,0,98,,2459,320,4,,0,100,,2462,320,4,,0,100,,2463,320,4,,0,98,,2464,320,4,,0,100,,2465,320,4,,0,98,,2466,320,4,,0
2000,'TM-H26-TM_GTFS-Semaine-02',613,,2477,320,4,,0,30,,2472,320,4,,0,70,,2478,320,4,,0,32,,2496,320,4,,0,70,,2479,320,4,,0,30,,2494,320,4,,0,71,,2480,320,4,,0,100,,2481,320,4,,0,100,,2482,320,4,,0,100,,2483,320,4,,0,103,,2487,320,4,,0,100,,2471,320,4,,0,100,,2486,320,4,,0,100,,2473,320,4,,0,30,,2475,320,4,,0,70,,2474,320,4,,0,28,,2493,320,4,,0,70,,2484,320,4,,0,29,,2495,320,4,,0,70,,2476,320,4,,0,98,,2485,320,4,,0,100,,2488,320,4,,0,100,,2489,320,4,,0,98,,2490,320,4,,0,100,,2491,320,4,,0,98,,2492,320,4,,0
2000,'TM-H26-TM_GTFS-Week-end-02',713,,2506,320,4,,0,100,,2507,320,4,,0,101,,2508,320,4,,0,102,,2497,320,4,,0,100,,2498,320,4,,0,100,,2499,320,4,,0,101,,2500,320,4,,0,100,,2501,320,4,,0,100,,2502,320,4,,0,100,,2503,320,4,,0,99,,2504,320,4,,0,100,,2505,320,4,,0,98,,2509,320,4,,0,100,,2510,320,4,,0,100,,2511,320,4,,0,100,,2512,320,4,,0,98,,2513,320,4,,0,100,,2514,320,4,,0,99,,2515,320,4,,0
2001,'TM-H26-TM_GTFS-Fête-1-01',618,,2522,10,,,0,100,,2523,10,,,0,100,,2524,10,,,0,100,,2525,10,,,0,100,,2516,10,,,0,100,,2517,10,,,0,100,,2526,10,,,0,101,,2527,10,,,0,100,,2528,10,,,0,100,,2518,10,,,0,100,,2519,10,,,0,100,,2520,10,,,0,100,,2521,10,,,0,100,,2529,10,,,0,100,,2530,10,,,0,100,,2531,10,,,0,100,,2532,10,,,0,100,,2533,10,,,0,100,,2534,10,,,0
2001,'TM-H26-TM_GTFS-Fête-2-02',519,,2539,10,,,0,99,,2540,10,,,0,30,,2536,10,,,0,70,,2541,10,,,0,32,,2560,10,,,0,70,,2542,10,,,0,30,,2558,10,,,0,70,,2543,10,,,0,100,,2544,10,,,0,100,,2535,10,,,0,100,,2545,10,,,0,100,,2552,10,,,0,98,,2553,10,,,0,99,,2554,10,,,0,100,,2555,10,,,0,25,,2556,10,,,0,71,,2537,10,,,0,30,,2557,10,,,0,70,,2546,10,,,0,31,,2559,10,,,0,71,,2538,10,,,0,105,,2547,10,,,0,99,,2548,10,,,0,100,,2549,10,,,0,100,,2550,10,,,0,100,,2551,10,,,0
2001,'TM-H26-TM_GTFS-Semaine-02',519,,2565,10,,,0,99,,2566,10,,,0,30,,2562,10,,,0,70,,2567,10,,,0,32,,2586,10,,,0,70,,2568,10,,,0,30,,2584,10,,,0,70,,2569,10,,,0,100,,2570,10,,,0,100,,2561,10,,,0,100,,2571,10,,,0,100,,2578,10,,,0,98,,2579,10,,,0,99,,2580,10,,,0,100,,2581,10,,,0,25,,2582,10,,,0,71,,2563,10,,,0,30,,2583,10,,,0,70,,2572,10,,,0,31,,2585,10,,,0,71,,2564,10,,,0,105,,2573,10,,,0,99,,2574,10,,,0,100,,2575,10,,,0,100,,2576,10,,,0,100,,2577,10,,,0
2001,'TM-H26-TM_GTFS-Week-end-02',618,,2593,10,,,0,100,,2594,10,,,0,100,,2595,10,,,0,100,,2596,10,,,0,100,,2587,10,,,0,100,,2588,10,,,0,100,,2597,10,,,0,101,,2598,10,,,0,100,,2599,10,,,0,100,,2589,10,,,0,100,,2590,10,,,0,100,,2591,10,,,0,100,,2592,10,,,0,100,,2600,10,,,0,100,,2601,10,,,0,100,,2602,10,,,0,100,,2603,10,,,0,100,,2604,10,,,0,100,,2605,10,,,0
2000002600,'TM-H26-TM_GTFS-Fête-2-02',1321,,3251,10,,,0,302,,3252,10,,,0,98,,3253,10,,,0,98,,3254,10,,,0
2000002600,'TM-H26-TM_GTFS-Semaine-02',1321,,3255,10,,,0,302,,3256,10,,,0,98,,3257,10,,,0,98,,3258,10,,,0
2000002601,'TM-H26-TM_GTFS-Fête-2-02',613,,3259,80,4,,0,100,,3260,80,4,,0,100,,3261,80,4,,0,401,,3262,80,4,,0
2000002601,'TM-H26-TM_GTFS-Semaine-02',613,,3263,80,4,,0,100,,3264,80,4,,0,100,,3265,80,4,,0,401,,3266,80,4,,0
