4000,'TM-H26-TM_GTFS-Fête-1-01',702,,3930,,,0,356,,3931,,,0,500,,3932,,,0
4000,'TM-H26-TM_GTFS-Week-end-02',702,,3933,,,0,356,,3934,,,0,500,,3935,,,0
4001,'TM-H26-TM_GTFS-Fête-1-01',833,,3936,4,,0,402,,3937,4,,0,498,,3938,4,,0
4001,'TM-H26-TM_GTFS-Week-end-02',833,,3939,4,,0,402,,3940,4,,0,498,,3941,4,,0
14000,'TM-H26-TM_GTFS-Fête-2-02',504,,3958,,,0,40,,3950,,,0,60,,3952,,,0,20,,3961,,,0,20,,3948,,,0,60,,3957,,,0,25,,3959,,,0,71,,3956,,,0,349,,3960,,,0,108,,3954,,,0,259,,3953,,,0,189,,3951,,,0,136,,3955,,,0,293,,3949,,,0
14000,'TM-H26-TM_GTFS-Semaine-02',504,,3972,,,0,40,,3964,,,0,60,,3966,,,0,20,,3975,,,0,20,,3962,,,0,60,,3971,,,0,25,,3973,,,0,71,,3970,,,0,349,,3974,,,0,108,,3968,,,0,259,,3967,,,0,189,,3965,,,0,136,,3969,,,0,293,,3963,,,0
14001,'TM-H26-TM_GTFS-Fête-2-02',711,,3987,4,,0,106,,3982,4,,0,97,,3986,4,,0,430,,3984,4,,0,208,,3979,4,,0,101,,3983,4,,0,78,,3981,4,,0,27,,3985,4,,0,70,,3988,4,,0,80,,3976,4,,0,30,,3980,4,,0,96,,3977,4,,0,292,,3978,4,,0
14001,'TM-H26-TM_GTFS-Semaine-02',711,,4000,4,,0,106,,3995,4,,0,97,,3999,4,,0,430,,3997,4,,0,208,,3992,4,,0,101,,3996,4,,0,78,,3994,4,,0,27,,3998,4,,0,70,,4001,4,,0,80,,3989,4,,0,30,,3993,4,,0,96,,3990,4,,0,292,,3991,4,,0
2000001301,'TM-H26-TM_GTFS-Fête-2-02',722,,4257,,,0,100,,4258,,,0,100,,4259,,,0,200,,4260,,,0
2000001301,'TM-H26-TM_GTFS-Semaine-02',722,,4261,,,0,100,,4262,,,0,100,,4263,,,0,200,,4264,,,0
