2000001200,'TM-H26-TM_GTFS-Fête-2-02',1210,,4235,,,0,390,,4236,,,0,215,,4237,,,0
2000001200,'TM-H26-TM_GTFS-Semaine-02',1210,,4238,,,0,390,,4239,,,0,215,,4240,,,0
2000001201,'TM-H26-TM_GTFS-Fête-2-02',830,,4241,4,,0,100,,4242,4,,0,315,,4243,4,,0
2000001201,'TM-H26-TM_GTFS-Semaine-02',830,,4244,4,,0,100,,4245,4,,0,315,,4246,4,,0
2000001300,'TM-H26-TM_GTFS-Fête-2-02',1215,,4250,,,0,400,,4247,,,0,100,,4251,,,0,30,,4248,,,0,70,,4249,,,0
2000001300,'TM-H26-TM_GTFS-Semaine-02',1215,,4255,,,0,400,,4252,,,0,100,,4256,,,0,30,,4253,,,0,70,,4254,,,0
2000001301,'TM-H26-TM_GTFS-Fête-2-02',735,,4257,4,,0,100,,4258,4,,0,100,,4259,4,,0,200,,4260,4,,0
2000001301,'TM-H26-TM_GTFS-Semaine-02',735,,4261,4,,0,100,,4262,4,,0,100,,4263,4,,0,200,,4264,4,,0
2000001500,'TM-H26-TM_GTFS-Fête-2-02',1215,,4265,,,0,400,,4266,,,0,100,,4267,,,0,100,,4268,,,0
2000001500,'TM-H26-TM_GTFS-Semaine-02',1215,,4269,,,0,400,,4270,,,0,100,,4271,,,0,100,,4272,,,0
2000001501,'TM-H26-TM_GTFS-Fête-2-02',730,,4273,4,,0,110,,4274,4,,0,90,,4275,4,,0,315,,4276,4,,0
2000001501,'TM-H26-TM_GTFS-Semaine-02',730,,4277,4,,0,110,,4278,4,,0,90,,4279,4,,0,315,,4280,4,,0
