300,'TM-E26-TM_GTFS-Fête-1-01',756,,3446,50,,,0,202,,3447,50,,,0,200,,3448,50,,,0,200,,3449,50,,,0,200,,3450,50,,,0,199,,3451,50,,,0,199,,3452,50,,,0,200,,3453,50,,,0,200,,3454,50,,,0
300,'TM-E26-TM_GTFS-Semaine-01',558,,3457,50,,,0,70,,3473,50,,,0,30,,3467,50,,,0,70,,3472,50,,,0,30,,3466,50,,,0,100,,3461,50,,,0,201,,3462,50,,,0,200,,3463,50,,,0,170,,3465,50,,,0,105,,3464,50,,,0,96,,3470,50,,,0,29,,3469,50,,,0,70,,3471,50,,,0,30,,3468,50,,,0,99,,3455,50,,,0,168,,3458,50,,,0,100,,3459,50,,,0,230,,3460,50,,,0
300,'TM-E26-TM_GTFS-Week-end-01',756,,3475,50,,,0,202,,3476,50,,,0,200,,3477,50,,,0,200,,3478,50,,,0,200,,3479,50,,,0,199,,3480,50,,,0,199,,3481,50,,,0,200,,3482,50,,,0,200,,3483,50,,,0
1401,'TM-E26-TM_GTFS-Fête-1-01',754,,3783,50,,,0,103,,3780,50,,,0,101,,3794,50,,,0,100,,3790,50,,,0,100,,3788,50,,,0,100,,3791,50,,,0,101,,3789,50,,,0,99,,3792,50,,,0,100,,3795,50,,,0,100,,3793,50,,,0,100,,3778,50,,,0,99,,3781,50,,,0,100,,3779,50,,,0,100,,3784,50,,,0,97,,3787,50,,,0,103,,3785,50,,,0,99,,3782,50,,,0,100,,3786,50,,,0
1401,'TM-E26-TM_GTFS-Semaine-01',627,,3803,50,,,0,30,,3811,50,,,0,70,,3822,50,,,0,30,,3804,50,,,0,70,,3812,50,,,0,30,,3802,50,,,0,70,,3805,50,,,0,30,,3813,50,,,0,70,,3806,50,,,0,100,,3815,50,,,0,101,,3817,50,,,0,100,,3816,50,,,0,101,,3796,50,,,0,100,,3801,50,,,0,100,,3797,50,,,0,30,,3818,50,,,0,70,,3807,50,,,0,30,,3798,50,,,0,69,,3819,50,,,0,30,,3808,50,,,0,69,,3799,50,,,0,100,,3820,50,,,0,100,,3800,50,,,0,100,,3809,50,,,0,99,,3814,50,,,0,100,,3810,50,,,0,100,,3821,50,,,0
1401,'TM-E26-TM_GTFS-Week-end-01',754,,3828,50,,,0,103,,3825,50,,,0,101,,3839,50,,,0,100,,3835,50,,,0,100,,3833,50,,,0,100,,3836,50,,,0,101,,3834,50,,,0,99,,3837,50,,,0,100,,3840,50,,,0,100,,3838,50,,,0,100,,3823,50,,,0,99,,3826,50,,,0,100,,3824,50,,,0,100,,3829,50,,,0,97,,3832,50,,,0,103,,3830,50,,,0,99,,3827,50,,,0,100,,3831,50,,,0
1700,'TM-E26-TM_GTFS-Fête-1-01',656,,3841,50,,,0,100,,3851,50,,,0,100,,3842,50,,,0,101,,3852,50,,,0,100,,3843,50,,,0,101,,3853,50,,,0,100,,3844,50,,,0,100,,3854,50,,,0,100,,3845,50,,,0,100,,3855,50,,,0,100,,3846,50,,,0,100,,3856,50,,,0,99,,3847,50,,,0,100,,3857,50,,,0,100,,3848,50,,,0,100,,3858,50,,,0,99,,3849,50,,,0,100,,3859,50,,,0,100,,3850,50,,,0
1700,'TM-E26-TM_GTFS-Semaine-01',556,,3864,50,,,0,101,,3872,50,,,0,100,,3865,50,,,0,100,,3873,50,,,0,100,,3866,50,,,0,100,,3860,50,,,0,100,,3867,50,,,0,100,,3874,50,,,0,101,,3868,50,,,0,100,,3875,50,,,0,101,,3869,50,,,0,100,,3861,50,,,0,99,,3870,50,,,0,100,,3862,50,,,0,99,,3871,50,,,0,100,,3863,50,,,0,100,,3877,50,,,0,99,,3879,50,,,0,100,,3878,50,,,0,100,,3876,50,,,0
1700,'TM-E26-TM_GTFS-Week-end-01',656,,3880,50,,,0,100,,3890,50,,,0,100,,3881,50,,,0,101,,3891,50,,,0,100,,3882,50,,,0,101,,3892,50,,,0,100,,3883,50,,,0,100,,3893,50,,,0,100,,3884,50,,,0,100,,3894,50,,,0,100,,3885,50,,,0,100,,3895,50,,,0,99,,3886,50,,,0,100,,3896,50,,,0,100,,3887,50,,,0,100,,3897,50,,,0,99,,3888,50,,,0,100,,3898,50,,,0,100,,3889,50,,,0
1801,'TM-E26-TM_GTFS-Semaine-01',601,,3989,140,0,6 7,0,100,,3990,140,0,6 7,0,53,,3998,140,0,6 7,0,147,,3991,140,0,6 7,0,200,,3992,140,0,6 7,0,200,,3993,140,0,6 7,0,200,,3994,140,0,6 7,0,101,,3988,140,0,6 7,0,100,,3996,140,0,6 7,0,100,,3995,140,0,6 7,0,199,,3987,140,0,6 7,0,200,,3997,140,0,6 7,0
2300,'TM-E26-TM_GTFS-Semaine-01',556,,4308,50,,,0,100,,4309,50,,,0,100,,4311,50,,,0,100,,4312,50,,,0,882,,4310,50,,,0
