1400,'TM-H26-TM_GTFS-Fête-1-01',630,,1700,180,0,8 5,0,100,,1705,180,0,8 5,0,99,,1703,180,0,8 5,0,98,,1717,180,0,8 5,0,99,,1712,180,0,8 5,0,100,,1710,180,0,8 5,0,100,,1713,180,0,8 5,0,100,,1711,180,0,8 5,0,100,,1714,180,0,8 5,0,102,,1718,180,0,8 5,0,100,,1715,180,0,8 5,0,100,,1719,180,0,8 5,0,100,,1716,180,0,8 5,0,100,,1702,180,0,8 5,0,100,,1706,180,0,8 5,0,100,,1709,180,0,8 5,0,101,,1707,180,0,8 5,0,102,,1704,180,0,8 5,0,100,,1708,180,0,8 5,0,100,,1701,180,0,8 5,0
1400,'TM-H26-TM_GTFS-Fête-2-02',518,,1750,180,0,8 5,0,31,,1735,180,0,8 5,0,70,,1751,180,0,8 5,0,30,,1760,180,0,8 5,0,67,,1737,180,0,8 5,0,31,,1753,180,0,8 5,0,70,,1733,180,0,8 5,0,34,,1739,180,0,8 5,0,70,,1755,180,0,8 5,0,32,,1741,180,0,8 5,0,100,,1761,180,0,8 5,0,100,,1765,180,0,8 5,0,100,,1763,180,0,8 5,0,100,,1720,180,0,8 5,0,100,,1730,180,0,8 5,0,100,,1722,180,0,8 5,0,70,,1757,180,0,8 5,0,30,,1732,180,0,8 5,0,70,,1724,180,0,8 5,0,30,,1768,180,0,8 5,0,72,,1744,180,0,8 5,0,30,,1726,180,0,8 5,0,102,,1770,180,0,8 5,0,101,,1728,180,0,8 5,0,100,,1746,180,0,8 5,0,142,,1758,180,0,8 5,0,101,,1748,180,0,8 5,0,99,,1772,180,0,8 5,0
1400,'TM-H26-TM_GTFS-Semaine-02',518,,1805,180,0,8 5,0,31,,1790,180,0,8 5,0,70,,1806,180,0,8 5,0,30,,1815,180,0,8 5,0,67,,1792,180,0,8 5,0,31,,1808,180,0,8 5,0,70,,1788,180,0,8 5,0,34,,1794,180,0,8 5,0,70,,1810,180,0,8 5,0,32,,1796,180,0,8 5,0,100,,1816,180,0,8 5,0,100,,1820,180,0,8 5,0,100,,1818,180,0,8 5,0,100,,1775,180,0,8 5,0,100,,1785,180,0,8 5,0,100,,1777,180,0,8 5,0,70,,1812,180,0,8 5,0,30,,1787,180,0,8 5,0,70,,1779,180,0,8 5,0,30,,1823,180,0,8 5,0,72,,1799,180,0,8 5,0,30,,1781,180,0,8 5,0,102,,1825,180,0,8 5,0,101,,1783,180,0,8 5,0,100,,1801,180,0,8 5,0,142,,1813,180,0,8 5,0,101,,1803,180,0,8 5,0,99,,1827,180,0,8 5,0
1400,'TM-H26-TM_GTFS-Week-end-02',630,,1830,180,0,8 5,0,100,,1835,180,0,8 5,0,99,,1833,180,0,8 5,0,98,,1847,180,0,8 5,0,99,,1842,180,0,8 5,0,100,,1840,180,0,8 5,0,100,,1843,180,0,8 5,0,100,,1841,180,0,8 5,0,100,,1844,180,0,8 5,0,102,,1848,180,0,8 5,0,100,,1845,180,0,8 5,0,100,,1849,180,0,8 5,0,100,,1846,180,0,8 5,0,100,,1832,180,0,8 5,0,100,,1836,180,0,8 5,0,100,,1839,180,0,8 5,0,101,,1837,180,0,8 5,0,102,,1834,180,0,8 5,0,100,,1838,180,0,8 5,0,100,,1831,180,0,8 5,0
41701,'TM-H26-TM_GTFS-Fête-2-02',1739,,2964,290,,,0,87,,2966,290,,,0,76,,2967,290,,,0,38,,2965,290,,,0
41701,'TM-H26-TM_GTFS-Semaine-02',1739,,2968,290,,,0,87,,2970,290,,,0,76,,2971,290,,,0,38,,2969,290,,,0
2000001501,'TM-H26-TM_GTFS-Fête-2-02',712,,3227,200,,,0,110,,3228,200,,,0,90,,3229,200,,,0,315,,3230,200,,,0
2000001501,'TM-H26-TM_GTFS-Semaine-02',712,,3231,200,,,0,110,,3232,200,,,0,90,,3233,200,,,0,315,,3234,200,,,0
2000041701,'TM-H26-TM_GTFS-Fête-2-02',1345,,3331,290,,,0
2000041701,'TM-H26-TM_GTFS-Semaine-02',1345,,3332,290,,,0
