1900,'TM-E26-TM_GTFS-Fête-1-01',552,,4000,20,,,0,100,,4001,20,,,0,100,,4002,20,,,0,100,,4003,20,,,0,100,,4004,20,,,0,100,,4005,20,,,0,100,,4006,20,,,0,100,,4007,20,,,0,100,,4008,20,,,0,100,,4009,20,,,0,100,,4010,20,,,0,100,,4011,20,,,0,100,,4012,20,,,0,100,,4013,20,,,0,100,,4014,20,,,0,100,,4015,20,,,0,100,,4016,20,,,0,100,,4017,20,,,0,100,,4018,20,,,0,100,,4019,20,,,0
1900,'TM-E26-TM_GTFS-Semaine-01',500,,4029,20,,,0,25,,4027,20,,,0,20,,4039,20,,,0,60,,4030,20,,,0,16,,4062,20,,,0,12,,4026,20,,,0,12,,4053,20,,,0,7,,4028,20,,,0,6,,4022,20,,,0,52,,4063,20,,,0,12,,4023,20,,,0,12,,4032,20,,,0,12,,4025,20,,,0,12,,4064,20,,,0,55,,4061,20,,,0,10,,4033,20,,,0,29,,4040,20,,,0,70,,4059,20,,,0,30,,4046,20,,,0,70,,4060,20,,,0,30,,4047,20,,,0,70,,4034,20,,,0,30,,4041,20,,,0,70,,4035,20,,,0,30,,4042,20,,,0,70,,4036,20,,,0,30,,4043,20,,,0,70,,4037,20,,,0,30,,4044,20,,,0,72,,4038,20,,,0,34,,4045,20,,,0,58,,4021,20,,,0,36,,4024,20,,,0,77,,4065,20,,,0,19,,4066,20,,,0,70,,4054,20,,,0,34,,4031,20,,,0,70,,4055,20,,,0,30,,4048,20,,,0,70,,4056,20,,,0,30,,4058,20,,,0,70,,4057,20,,,0,30,,4049,20,,,0,70,,4020,20,,,0,30,,4050,20,,,0,100,,4051,20,,,0,100,,4052,20,,,0
1900,'TM-E26-TM_GTFS-Week-end-01',552,,4067,20,,,0,100,,4068,20,,,0,100,,4069,20,,,0,100,,4070,20,,,0,100,,4071,20,,,0,100,,4072,20,,,0,100,,4073,20,,,0,100,,4074,20,,,0,100,,4075,20,,,0,100,,4076,20,,,0,100,,4077,20,,,0,100,,4078,20,,,0,100,,4079,20,,,0,100,,4080,20,,,0,100,,4081,20,,,0,100,,4082,20,,,0,100,,4083,20,,,0,100,,4084,20,,,0,100,,4085,20,,,0,100,,4086,20,,,0
2500,'TM-E26-TM_GTFS-Semaine-01',552,,4324,20,,,0,70,,4326,20,,,0,31,,4317,20,,,0,70,,4328,20,,,0,29,,4327,20,,,0,70,,4329,20,,,0,30,,4332,20,,,0,100,,4318,20,,,0,100,,4319,20,,,0,100,,4320,20,,,0,170,,4321,20,,,0,100,,4322,20,,,0,100,,4330,20,,,0,30,,4323,20,,,0,100,,4325,20,,,0,100,,4331,20,,,0
3000,'TM-E26-TM_GTFS-Fête-1-01',652,,4350,20,,,0,100,,4351,20,,,0,900,,4352,20,,,0,200,,4353,20,,,0
3000,'TM-E26-TM_GTFS-Semaine-01',500,,4378,70,,,0,32,,4372,70,,,0,70,,4366,70,,,0,25,,4379,70,,,0,20,,4364,70,,,0,11,,4362,20,,,0,50,,4373,70,,,0,20,,4374,70,,,0,20,,4369,70,,,0,70,,4367,70,,,0,35,,4370,70,,,0,100,,4371,20,,,0,100,,4360,20,,,0,99,,4365,20,,,0,100,,4358,20,,,0,100,,4359,20,,,0,101,,4376,20,,,0,100,,4354,70,,,0,65,,4361,70,,,0,33,,4368,70,,,0,70,,4363,20,,,0,27,,4375,20,,,0,72,,4355,70,,,0,81,,4377,70,,,0,58,,4356,20,,,0,94,,4357,20,,,0
3000,'TM-E26-TM_GTFS-Week-end-01',652,,4380,20,,,0,100,,4381,20,,,0,900,,4382,20,,,0,200,,4383,20,,,0
2002500,'TM-E26-TM_GTFS-Fête-1-01',652,,4531,20,,,0,100,,4532,20,,,0,100,,4533,20,,,0,100,,4534,20,,,0,100,,4535,20,,,0,100,,4536,20,,,0,100,,4537,20,,,0,100,,4538,20,,,0,100,,4539,20,,,0,100,,4540,20,,,0,100,,4541,20,,,0,100,,4542,20,,,0,100,,4543,20,,,0,100,,4544,20,,,0,100,,4545,20,,,0,100,,4546,20,,,0,100,,4547,20,,,0,100,,4530,20,,,0,100,,4529,20,,,0
2002500,'TM-E26-TM_GTFS-Semaine-01',1852,,4548,20,,,0,100,,4549,20,,,0,100,,4550,20,,,0,100,,4551,20,,,0,100,,4552,20,,,0,100,,4553,20,,,0,100,,4554,20,,,0
2002500,'TM-E26-TM_GTFS-Week-end-01',652,,4557,20,,,0,100,,4558,20,,,0,100,,4559,20,,,0,100,,4560,20,,,0,100,,4561,20,,,0,100,,4562,20,,,0,100,,4563,20,,,0,100,,4564,20,,,0,100,,4565,20,,,0,100,,4566,20,,,0,100,,4567,20,,,0,100,,4568,20,,,0,100,,4569,20,,,0,100,,4570,20,,,0,100,,4571,20,,,0,100,,4572,20,,,0,100,,4573,20,,,0,100,,4556,20,,,0,100,,4555,20,,,0
