300,'TM-E26-TM_GTFS-Fête-1-01',628,,3445,450,,,0,201,,3446,570,,,0,207,,3447,570,,,0,200,,3448,570,,,0,200,,3449,570,,,0,197,,3450,570,,,0,197,,3451,570,,,0,199,,3452,570,,,0,200,,3453,570,,,0,198,,3454,570,,,0
300,'TM-E26-TM_GTFS-Semaine-01',535,,3456,440,,,0,98,,3457,560,,,0,70,,3473,560,,,0,31,,3467,560,,,0,70,,3472,560,,,0,32,,3466,560,,,0,100,,3461,560,,,0,200,,3462,560,,,0,200,,3463,560,,,0,170,,3465,560,,,0,105,,3464,560,,,0,99,,3470,560,,,0,28,,3469,560,,,0,67,,3471,560,,,0,30,,3468,560,,,0,95,,3455,560,,,0,128,,3458,560,,,0,100,,3459,560,,,0,267,,3460,560,,,0
300,'TM-E26-TM_GTFS-Week-end-01',628,,3474,450,,,0,201,,3475,570,,,0,207,,3476,570,,,0,200,,3477,570,,,0,200,,3478,570,,,0,197,,3479,570,,,0,197,,3480,570,,,0,199,,3481,570,,,0,200,,3482,570,,,0,198,,3483,570,,,0
400,'TM-E26-TM_GTFS-Semaine-01',1655,,3488,340,,,0,91,,3484,340,,,0,100,,3485,340,,,0,294,,3486,340,,,0,275,,3487,340,,,0
1101,'TM-E26-TM_GTFS-Fête-1-01',635,,3656,580,,,0,100,,3646,580,,,0,100,,3657,580,,,0,100,,3647,580,,,0,101,,3648,580,,,0,100,,3658,580,,,0,100,,3649,580,,,0,100,,3659,580,,,0,100,,3650,580,,,0,100,,3660,580,,,0,100,,3651,580,,,0,100,,3661,580,,,0,99,,3652,580,,,0,99,,3662,580,,,0,100,,3653,580,,,0,99,,3663,580,,,0,100,,3654,580,,,0,100,,3664,580,,,0,100,,3655,580,,,0
1101,'TM-E26-TM_GTFS-Semaine-01',603,,3674,470,,,0,30,,3670,580,,,0,70,,3665,580,,,0,30,,3685,580,,,0,70,,3675,580,,,0,30,,3678,580,,,0,100,,3686,580,,,0,99,,3679,580,,,0,102,,3682,580,,,0,100,,3680,580,,,0,100,,3683,580,,,0,100,,3681,580,,,0,97,,3684,580,,,0,70,,3676,580,,,0,32,,3690,580,,,0,70,,3671,580,,,0,32,,3673,580,,,0,69,,3677,580,,,0,30,,3666,580,,,0,69,,3672,580,,,0,30,,3687,580,,,0,103,,3667,580,,,0,99,,3688,580,,,0,101,,3668,580,,,0,99,,3689,580,,,0,101,,3669,580,,,0
1101,'TM-E26-TM_GTFS-Week-end-01',635,,3701,580,,,0,100,,3691,580,,,0,100,,3702,580,,,0,100,,3692,580,,,0,101,,3693,580,,,0,100,,3703,580,,,0,100,,3694,580,,,0,100,,3704,580,,,0,100,,3695,580,,,0,100,,3705,580,,,0,100,,3696,580,,,0,100,,3706,580,,,0,99,,3697,580,,,0,99,,3707,580,,,0,100,,3698,580,,,0,99,,3708,580,,,0,100,,3699,580,,,0,100,,3709,580,,,0,100,,3700,580,,,0
2001,'TM-E26-TM_GTFS-Fête-1-01',632,,4243,210,,,0,101,,4244,210,,,0,101,,4245,210,,,0,100,,4246,210,,,0,101,,4237,210,,,0,101,,4238,210,,,0,100,,4247,210,,,0,101,,4248,210,,,0,100,,4249,210,,,0,99,,4239,210,,,0,100,,4240,210,,,0,99,,4241,210,,,0,99,,4242,210,,,0,100,,4250,210,,,0,100,,4251,210,,,0,100,,4252,210,,,0,99,,4253,210,,,0,100,,4254,210,,,0,100,,4255,210,,,0
2001,'TM-E26-TM_GTFS-Semaine-01',534,,4260,210,,,0,100,,4261,210,,,0,70,,4257,210,,,0,30,,4262,210,,,0,72,,4281,210,,,0,30,,4263,210,,,0,70,,4279,210,,,0,30,,4264,210,,,0,100,,4265,210,,,0,101,,4256,210,,,0,100,,4266,210,,,0,100,,4273,210,,,0,99,,4274,210,,,0,99,,4275,210,,,0,100,,4276,210,,,0,65,,4277,210,,,0,30,,4258,210,,,0,70,,4278,210,,,0,30,,4267,210,,,0,71,,4280,210,,,0,29,,4259,210,,,0,105,,4268,210,,,0,99,,4269,210,,,0,98,,4270,210,,,0,100,,4271,210,,,0,100,,4272,210,,,0
2001,'TM-E26-TM_GTFS-Week-end-01',632,,4288,210,,,0,101,,4289,210,,,0,101,,4290,210,,,0,100,,4291,210,,,0,101,,4282,210,,,0,101,,4283,210,,,0,100,,4292,210,,,0,101,,4293,210,,,0,100,,4294,210,,,0,99,,4284,210,,,0,100,,4285,210,,,0,99,,4286,210,,,0,99,,4287,210,,,0,100,,4295,210,,,0,100,,4296,210,,,0,100,,4297,210,,,0,99,,4298,210,,,0,100,,4299,210,,,0,100,,4300,210,,,0
2100,'TM-E26-TM_GTFS-Semaine-01',634,,4302,300,0,5,0,94,,4301,520,0,5,0,100,,4303,520,0,5,0,100,,4304,520,0,5,0
2101,'TM-E26-TM_GTFS-Semaine-01',1635,,4307,520,0,5,0,100,,4306,520,0,5,0,100,,4305,520,0,5,0
