100,'TM-H26-TM_GTFS-Fête-1-01',625,,1144,270,,,0,96,,1145,560,,,0,100,,1146,560,,,0,101,,1147,560,,,0,100,,1148,560,,,0,100,,1149,560,,,0,100,,1150,560,,,0,100,,1151,560,,,0,104,,1152,630,,,0,100,,1153,630,,,0,100,,1154,630,,,0,100,,1155,630,,,0,99,,1156,630,,,0,100,,1157,630,,,0,99,,1158,630,,,0,100,,1159,630,,,0,99,,1160,630,,,0,100,,1161,630,,,0,100,,1162,630,,,0,100,,1163,630,0,16 1 13 3 7 17 18,0
100,'TM-H26-TM_GTFS-Fête-2-02',552,,1164,560,,,0,70,,1192,560,,,0,30,,1190,560,,,0,70,,1182,560,,,0,30,,1191,560,,,0,70,,1170,560,,,0,30,,1187,560,,,0,70,,1171,560,,,0,100,,1172,560,,,0,100,,1173,560,,,0,100,,1174,560,,,0,100,,1175,560,,,0,100,,1176,560,,,0,100,,1177,560,,,0,30,,1188,560,,,0,71,,1178,560,,,0,30,,1189,560,,,0,70,,1180,560,,,0,29,,1168,560,,,0,70,,1179,560,,,0,29,,1167,560,,,0,69,,1181,560,,,0,30,,1169,560,,,0,70,,1183,560,,,0,100,,1193,560,,,0,100,,1194,560,,,0,100,,1184,560,,,0,100,,1185,560,,,0,100,,1186,560,0,16 1 13 3 7 17 18,0
100,'TM-H26-TM_GTFS-Semaine-02',552,,1195,560,,,0,70,,1223,560,,,0,30,,1221,560,,,0,70,,1213,560,,,0,30,,1222,560,,,0,70,,1201,560,,,0,30,,1218,560,,,0,70,,1202,560,,,0,100,,1203,560,,,0,100,,1204,560,,,0,100,,1205,560,,,0,100,,1206,560,,,0,100,,1207,560,,,0,100,,1208,560,,,0,30,,1219,560,,,0,71,,1209,560,,,0,30,,1220,560,,,0,70,,1211,560,,,0,29,,1199,560,,,0,70,,1210,560,,,0,29,,1198,560,,,0,69,,1212,560,,,0,30,,1200,560,,,0,70,,1214,560,,,0,100,,1224,560,,,0,100,,1225,560,,,0,100,,1215,560,,,0,100,,1216,560,,,0,100,,1217,560,0,16 1 13 3 7 17 18,0
100,'TM-H26-TM_GTFS-Week-end-02',625,,1226,270,,,0,96,,1227,560,,,0,100,,1228,560,,,0,101,,1229,560,,,0,100,,1230,560,,,0,100,,1231,560,,,0,100,,1232,560,,,0,100,,1233,560,,,0,104,,1234,630,,,0,100,,1235,630,,,0,100,,1236,630,,,0,100,,1237,630,,,0,99,,1238,630,,,0,100,,1239,630,,,0,99,,1240,630,,,0,100,,1241,630,,,0,99,,1242,630,,,0,100,,1243,630,,,0,100,,1244,630,,,0,100,,1245,630,0,16 1 13 3 7 17 18,0
1400,'TM-H26-TM_GTFS-Fête-1-01',637,,1700,290,0,8 5,0,100,,1705,290,0,8 5,0,99,,1703,290,0,8 5,0,99,,1717,290,0,8 5,0,99,,1712,290,0,8 5,0,100,,1710,290,0,8 5,0,99,,1713,290,0,8 5,0,100,,1711,290,0,8 5,0,100,,1714,290,0,8 5,0,102,,1718,290,0,8 5,0,100,,1715,290,0,8 5,0,100,,1719,290,0,8 5,0,100,,1716,290,0,8 5,0,100,,1702,290,0,8 5,0,100,,1706,290,0,8 5,0,100,,1709,290,0,8 5,0,100,,1707,290,0,8 5,0,102,,1704,290,0,8 5,0,100,,1708,290,0,8 5,0,100,,1701,290,0,8 5,0
1400,'TM-H26-TM_GTFS-Fête-2-02',526,,1750,290,0,8 5,0,31,,1735,290,0,8 5,0,71,,1751,290,0,8 5,0,72,,1760,290,0,8 5,0,27,,1737,290,0,8 5,0,30,,1753,290,0,8 5,0,70,,1733,290,0,8 5,0,31,,1739,290,0,8 5,0,70,,1755,290,0,8 5,0,72,,1741,290,0,8 5,0,100,,1761,290,0,8 5,0,100,,1765,290,0,8 5,0,100,,1763,290,0,8 5,0,100,,1720,290,0,8 5,0,100,,1730,290,0,8 5,0,100,,1722,290,0,8 5,0,30,,1757,290,0,8 5,0,70,,1732,290,0,8 5,0,30,,1724,290,0,8 5,0,70,,1768,290,0,8 5,0,32,,1744,290,0,8 5,0,70,,1726,290,0,8 5,0,102,,1770,290,0,8 5,0,101,,1728,290,0,8 5,0,100,,1746,290,0,8 5,0,101,,1758,290,0,8 5,0,101,,1748,290,0,8 5,0,99,,1772,290,0,8 5,0
1400,'TM-H26-TM_GTFS-Semaine-02',526,,1805,290,0,8 5,0,31,,1790,290,0,8 5,0,71,,1806,290,0,8 5,0,72,,1815,290,0,8 5,0,27,,1792,290,0,8 5,0,30,,1808,290,0,8 5,0,70,,1788,290,0,8 5,0,31,,1794,290,0,8 5,0,70,,1810,290,0,8 5,0,72,,1796,290,0,8 5,0,100,,1816,290,0,8 5,0,100,,1820,290,0,8 5,0,100,,1818,290,0,8 5,0,100,,1775,290,0,8 5,0,100,,1785,290,0,8 5,0,100,,1777,290,0,8 5,0,30,,1812,290,0,8 5,0,70,,1787,290,0,8 5,0,30,,1779,290,0,8 5,0,70,,1823,290,0,8 5,0,32,,1799,290,0,8 5,0,70,,1781,290,0,8 5,0,102,,1825,290,0,8 5,0,101,,1783,290,0,8 5,0,100,,1801,290,0,8 5,0,101,,1813,290,0,8 5,0,101,,1803,290,0,8 5,0,99,,1827,290,0,8 5,0
1400,'TM-H26-TM_GTFS-Week-end-02',637,,1830,290,0,8 5,0,100,,1835,290,0,8 5,0,99,,1833,290,0,8 5,0,99,,1847,290,0,8 5,0,99,,1842,290,0,8 5,0,100,,1840,290,0,8 5,0,99,,1843,290,0,8 5,0,100,,1841,290,0,8 5,0,100,,1844,290,0,8 5,0,102,,1848,290,0,8 5,0,100,,1845,290,0,8 5,0,100,,1849,290,0,8 5,0,100,,1846,290,0,8 5,0,100,,1832,290,0,8 5,0,100,,1836,290,0,8 5,0,100,,1839,290,0,8 5,0,100,,1837,290,0,8 5,0,102,,1834,290,0,8 5,0,100,,1838,290,0,8 5,0,100,,1831,290,0,8 5,0
1701,'TM-H26-TM_GTFS-Fête-1-01',627,,1982,500,,,0,100,,1973,500,,,0,100,,1964,500,,,0,100,,1974,500,,,0,100,,1965,500,,,0,100,,1975,500,,,0,100,,1966,500,,,0,100,,1976,500,,,0,100,,1967,500,,,0,100,,1977,500,,,0,100,,1968,500,,,0,100,,1978,500,,,0,100,,1969,500,,,0,100,,1979,500,,,0,100,,1970,500,,,0,100,,1980,500,,,0,100,,1971,500,,,0,100,,1981,500,,,0,100,,1972,500,,,0
1701,'TM-H26-TM_GTFS-Fête-2-02',527,,1986,500,,,0,102,,1995,500,,,0,94,,1987,500,,,0,104,,1996,500,,,0,99,,1988,500,,,0,99,,1997,500,,,0,100,,1989,500,,,0,100,,1998,500,,,0,100,,1990,500,,,0,100,,1999,500,,,0,101,,1991,500,,,0,100,,2000,500,,,0,104,,1992,500,,,0,99,,1983,500,,,0,95,,1993,500,,,0,100,,1984,500,,,0,100,,1994,500,,,0,100,,1985,500,,,0,100,,2001,500,,,0,100,,2002,500,,,0
1701,'TM-H26-TM_GTFS-Semaine-02',527,,2006,500,,,0,102,,2015,500,,,0,94,,2007,500,,,0,104,,2016,500,,,0,99,,2008,500,,,0,99,,2017,500,,,0,100,,2009,500,,,0,100,,2018,500,,,0,100,,2010,500,,,0,100,,2019,500,,,0,101,,2011,500,,,0,100,,2020,500,,,0,104,,2012,500,,,0,99,,2003,500,,,0,95,,2013,500,,,0,100,,2004,500,,,0,100,,2014,500,,,0,100,,2005,500,,,0,100,,2021,500,,,0,100,,2022,500,,,0
1701,'TM-H26-TM_GTFS-Week-end-02',627,,2041,500,,,0,100,,2032,500,,,0,100,,2023,500,,,0,100,,2033,500,,,0,100,,2024,500,,,0,100,,2034,500,,,0,100,,2025,500,,,0,100,,2035,500,,,0,100,,2026,500,,,0,100,,2036,500,,,0,100,,2027,500,,,0,100,,2037,500,,,0,100,,2028,500,,,0,100,,2038,500,,,0,100,,2029,500,,,0,100,,2039,500,,,0,100,,2030,500,,,0,100,,2040,500,,,0,100,,2031,500,,,0
