1400,'TM-H26-TM_GTFS-Fête-1-01',636,,1700,270,0,8 5,0,100,,1705,270,0,8 5,0,99,,1703,270,0,8 5,0,98,,1717,270,0,8 5,0,99,,1712,270,0,8 5,0,100,,1710,270,0,8 5,0,100,,1713,270,0,8 5,0,100,,1711,270,0,8 5,0,100,,1714,270,0,8 5,0,102,,1718,270,0,8 5,0,100,,1715,270,0,8 5,0,100,,1719,270,0,8 5,0,100,,1716,270,0,8 5,0,100,,1702,270,0,8 5,0,100,,1706,270,0,8 5,0,100,,1709,270,0,8 5,0,100,,1707,270,0,8 5,0,102,,1704,270,0,8 5,0,100,,1708,270,0,8 5,0,100,,1701,270,0,8 5,0
1400,'TM-H26-TM_GTFS-Fête-2-02',524,,1750,270,0,8 5,0,31,,1735,270,0,8 5,0,71,,1751,270,0,8 5,0,31,,1760,270,0,8 5,0,67,,1737,270,0,8 5,0,30,,1753,270,0,8 5,0,70,,1733,270,0,8 5,0,33,,1739,270,0,8 5,0,70,,1755,270,0,8 5,0,32,,1741,270,0,8 5,0,100,,1761,270,0,8 5,0,100,,1765,270,0,8 5,0,100,,1763,270,0,8 5,0,100,,1720,270,0,8 5,0,100,,1730,270,0,8 5,0,100,,1722,270,0,8 5,0,70,,1757,270,0,8 5,0,30,,1732,270,0,8 5,0,70,,1724,270,0,8 5,0,30,,1768,270,0,8 5,0,72,,1744,270,0,8 5,0,70,,1726,270,0,8 5,0,102,,1770,270,0,8 5,0,101,,1728,270,0,8 5,0,100,,1746,270,0,8 5,0,101,,1758,270,0,8 5,0,101,,1748,270,0,8 5,0,99,,1772,270,0,8 5,0
1400,'TM-H26-TM_GTFS-Semaine-02',524,,1805,270,0,8 5,0,31,,1790,270,0,8 5,0,71,,1806,270,0,8 5,0,31,,1815,270,0,8 5,0,67,,1792,270,0,8 5,0,30,,1808,270,0,8 5,0,70,,1788,270,0,8 5,0,33,,1794,270,0,8 5,0,70,,1810,270,0,8 5,0,32,,1796,270,0,8 5,0,100,,1816,270,0,8 5,0,100,,1820,270,0,8 5,0,100,,1818,270,0,8 5,0,100,,1775,270,0,8 5,0,100,,1785,270,0,8 5,0,100,,1777,270,0,8 5,0,70,,1812,270,0,8 5,0,30,,1787,270,0,8 5,0,70,,1779,270,0,8 5,0,30,,1823,270,0,8 5,0,72,,1799,270,0,8 5,0,70,,1781,270,0,8 5,0,102,,1825,270,0,8 5,0,101,,1783,270,0,8 5,0,100,,1801,270,0,8 5,0,101,,1813,270,0,8 5,0,101,,1803,270,0,8 5,0,99,,1827,270,0,8 5,0
1400,'TM-H26-TM_GTFS-Week-end-02',636,,1830,270,0,8 5,0,100,,1835,270,0,8 5,0,99,,1833,270,0,8 5,0,98,,1847,270,0,8 5,0,99,,1842,270,0,8 5,0,100,,1840,270,0,8 5,0,100,,1843,270,0,8 5,0,100,,1841,270,0,8 5,0,100,,1844,270,0,8 5,0,102,,1848,270,0,8 5,0,100,,1845,270,0,8 5,0,100,,1849,270,0,8 5,0,100,,1846,270,0,8 5,0,100,,1832,270,0,8 5,0,100,,1836,270,0,8 5,0,100,,1839,270,0,8 5,0,100,,1837,270,0,8 5,0,102,,1834,270,0,8 5,0,100,,1838,270,0,8 5,0,100,,1831,270,0,8 5,0
1701,'TM-H26-TM_GTFS-Fête-1-01',625,,1982,480,,,0,100,,1973,480,,,0,100,,1964,480,,,0,100,,1974,480,,,0,100,,1965,480,,,0,100,,1975,480,,,0,100,,1966,480,,,0,100,,1976,480,,,0,100,,1967,480,,,0,100,,1977,480,,,0,100,,1968,480,,,0,100,,1978,480,,,0,100,,1969,480,,,0,100,,1979,480,,,0,100,,1970,480,,,0,100,,1980,480,,,0,100,,1971,480,,,0,100,,1981,480,,,0,100,,1972,480,,,0
1701,'TM-H26-TM_GTFS-Fête-2-02',526,,1986,480,,,0,101,,1995,480,,,0,93,,1987,480,,,0,105,,1996,480,,,0,99,,1988,480,,,0,99,,1997,480,,,0,100,,1989,480,,,0,100,,1998,480,,,0,100,,1990,480,,,0,100,,1999,480,,,0,101,,1991,480,,,0,100,,2000,480,,,0,104,,1992,480,,,0,99,,1983,480,,,0,95,,1993,480,,,0,100,,1984,480,,,0,100,,1994,480,,,0,100,,1985,480,,,0,100,,2001,480,,,0,100,,2002,480,,,0
1701,'TM-H26-TM_GTFS-Semaine-02',526,,2006,480,,,0,101,,2015,480,,,0,93,,2007,480,,,0,105,,2016,480,,,0,99,,2008,480,,,0,99,,2017,480,,,0,100,,2009,480,,,0,100,,2018,480,,,0,100,,2010,480,,,0,100,,2019,480,,,0,101,,2011,480,,,0,100,,2020,480,,,0,104,,2012,480,,,0,99,,2003,480,,,0,95,,2013,480,,,0,100,,2004,480,,,0,100,,2014,480,,,0,100,,2005,480,,,0,100,,2021,480,,,0,100,,2022,480,,,0
1701,'TM-H26-TM_GTFS-Week-end-02',625,,2041,480,,,0,100,,2032,480,,,0,100,,2023,480,,,0,100,,2033,480,,,0,100,,2024,480,,,0,100,,2034,480,,,0,100,,2025,480,,,0,100,,2035,480,,,0,100,,2026,480,,,0,100,,2036,480,,,0,100,,2027,480,,,0,100,,2037,480,,,0,100,,2028,480,,,0,100,,2038,480,,,0,100,,2029,480,,,0,100,,2039,480,,,0,100,,2030,480,,,0,100,,2040,480,,,0,100,,2031,480,,,0
2000001501,'TM-H26-TM_GTFS-Fête-2-02',722,,3227,280,,,0,110,,3228,280,,,0,90,,3229,280,,,0,315,,3230,280,,,0
2000001501,'TM-H26-TM_GTFS-Semaine-02',722,,3231,280,,,0,110,,3232,280,,,0,90,,3233,280,,,0,315,,3234,280,,,0
2000005701,'TM-H26-TM_GTFS-Fête-2-02',619,,3315,50,4,,0,100,,3316,50,4,,0,100,,3317,50,4,,0,401,,3318,50,4,,0,402,,3319,50,4,,0,100,,3320,50,4,,0,100,,3321,50,4,,0
2000005701,'TM-H26-TM_GTFS-Semaine-02',619,,3322,50,4,,0,100,,3323,50,4,,0,100,,3324,50,4,,0,401,,3325,50,4,,0,402,,3326,50,4,,0,100,,3327,50,4,,0,100,,3328,50,4,,0
