1101,'TM-E26-TM_GTFS-Fête-1-01',555,,3656,40,,,0,100,,3646,40,,,0,100,,3657,40,,,0,100,,3647,40,,,0,100,,3648,40,,,0,100,,3658,40,,,0,100,,3649,40,,,0,100,,3659,40,,,0,100,,3650,40,,,0,100,,3660,40,,,0,100,,3651,40,,,0,100,,3661,40,,,0,100,,3652,40,,,0,100,,3662,40,,,0,100,,3653,40,,,0,100,,3663,40,,,0,100,,3654,40,,,0,100,,3664,40,,,0,100,,3655,40,,,0
1101,'TM-E26-TM_GTFS-Semaine-01',552,,3670,40,,,0,70,,3665,40,,,0,30,,3685,40,,,0,70,,3675,40,,,0,30,,3678,40,,,0,100,,3686,40,,,0,97,,3679,40,,,0,102,,3682,40,,,0,100,,3680,40,,,0,100,,3683,40,,,0,100,,3681,40,,,0,97,,3684,40,,,0,70,,3676,40,,,0,34,,3690,40,,,0,70,,3671,40,,,0,32,,3673,40,,,0,69,,3677,40,,,0,30,,3666,40,,,0,69,,3672,40,,,0,32,,3687,40,,,0,103,,3667,40,,,0,99,,3688,40,,,0,101,,3668,40,,,0,99,,3689,40,,,0,101,,3669,40,,,0
1101,'TM-E26-TM_GTFS-Week-end-01',555,,3701,40,,,0,100,,3691,40,,,0,100,,3702,40,,,0,100,,3692,40,,,0,100,,3693,40,,,0,100,,3703,40,,,0,100,,3694,40,,,0,100,,3704,40,,,0,100,,3695,40,,,0,100,,3705,40,,,0,100,,3696,40,,,0,100,,3706,40,,,0,100,,3697,40,,,0,100,,3707,40,,,0,100,,3698,40,,,0,100,,3708,40,,,0,100,,3699,40,,,0,100,,3709,40,,,0,100,,3700,40,,,0
4000,'TM-E26-TM_GTFS-Fête-1-01',713,,4417,110,,,0,396,,4418,110,,,0,500,,4419,110,,,0
4000,'TM-E26-TM_GTFS-Week-end-01',713,,4420,110,,,0,396,,4421,110,,,0,500,,4422,110,,,0
4001,'TM-E26-TM_GTFS-Fête-1-01',805,,4423,60,,,0,400,,4424,60,,,0,499,,4425,60,,,0
4001,'TM-E26-TM_GTFS-Week-end-01',805,,4426,60,,,0,400,,4427,60,,,0,499,,4428,60,,,0
14000,'TM-E26-TM_GTFS-Semaine-01',516,,4442,110,,,0,40,,4434,110,,,0,60,,4436,110,,,0,20,,4445,110,,,0,20,,4432,110,,,0,60,,4441,110,,,0,25,,4443,110,,,0,71,,4440,110,,,0,390,,4444,110,,,0,108,,4438,110,,,0,219,,4437,110,,,0,189,,4435,110,,,0,135,,4439,110,,,0,293,,4433,110,,,0
14001,'TM-E26-TM_GTFS-Semaine-01',634,,4457,60,,,0,106,,4452,60,,,0,97,,4456,60,,,0,470,,4454,60,,,0,208,,4449,60,,,0,97,,4453,60,,,0,42,,4451,60,,,0,67,,4455,60,,,0,30,,4458,60,,,0,80,,4446,60,,,0,70,,4450,60,,,0,58,,4447,60,,,0,292,,4448,60,,,0
2000001201,'TM-E26-TM_GTFS-Semaine-01',803,,4634,40,,,0,100,,4635,40,,,0,315,,4636,40,,,0
