100,'TM-E26-TM_GTFS-Fête-1-01',706,,3334,290,,,0,100,,3335,290,,,0,100,,3336,290,,,0,100,,3337,290,,,0,100,,3338,290,,,0,100,,3339,290,,,0,100,,3340,290,,,0,104,,3341,360,,,0,100,,3342,360,,,0,100,,3343,360,,,0,100,,3344,360,,,0,99,,3345,360,,,0,100,,3346,360,,,0,100,,3347,360,,,0,100,,3348,360,,,0,100,,3349,360,,,0,100,,3350,360,,,0,100,,3351,360,,,0,99,,3352,360,0,13 3 14,0
100,'TM-E26-TM_GTFS-Semaine-01',536,,3353,290,,,0,71,,3381,290,,,0,30,,3379,290,,,0,70,,3371,290,,,0,30,,3380,290,,,0,70,,3359,290,,,0,30,,3376,290,,,0,69,,3360,290,,,0,100,,3361,290,,,0,100,,3362,290,,,0,100,,3363,290,,,0,100,,3364,290,,,0,100,,3365,290,,,0,100,,3366,290,,,0,30,,3377,290,,,0,71,,3367,290,,,0,30,,3378,290,,,0,70,,3369,290,,,0,30,,3357,290,,,0,70,,3368,290,,,0,29,,3356,290,,,0,69,,3370,290,,,0,30,,3358,290,,,0,70,,3372,290,,,0,100,,3382,290,,,0,100,,3383,290,,,0,100,,3373,290,,,0,100,,3374,290,,,0,100,,3375,290,0,13 3 14,0
100,'TM-E26-TM_GTFS-Week-end-01',706,,3385,290,,,0,100,,3386,290,,,0,100,,3387,290,,,0,100,,3388,290,,,0,100,,3389,290,,,0,100,,3390,290,,,0,100,,3391,290,,,0,104,,3392,360,,,0,100,,3393,360,,,0,100,,3394,360,,,0,100,,3395,360,,,0,99,,3396,360,,,0,100,,3397,360,,,0,100,,3398,360,,,0,100,,3399,360,,,0,100,,3400,360,,,0,100,,3401,360,,,0,100,,3402,360,,,0,99,,3403,360,0,13 3 14,0
1400,'TM-E26-TM_GTFS-Fête-1-01',641,,3710,360,,,0,100,,3715,360,,,0,99,,3713,360,,,0,99,,3727,360,,,0,100,,3722,360,,,0,100,,3720,360,,,0,99,,3723,360,,,0,100,,3721,360,,,0,100,,3724,360,,,0,101,,3728,360,,,0,100,,3725,360,,,0,100,,3729,360,,,0,100,,3726,360,,,0,100,,3712,360,,,0,100,,3716,360,,,0,100,,3719,360,,,0,100,,3717,360,,,0,101,,3714,360,,,0,100,,3718,360,,,0,100,,3711,360,,,0
1400,'TM-E26-TM_GTFS-Semaine-01',531,,3745,360,,,0,72,,3738,360,,,0,31,,3746,360,,,0,72,,3751,360,,,0,27,,3739,360,,,0,70,,3747,360,,,0,30,,3737,360,,,0,70,,3740,360,,,0,30,,3748,360,,,0,72,,3741,360,,,0,100,,3752,360,,,0,100,,3754,360,,,0,100,,3753,360,,,0,100,,3730,360,,,0,100,,3735,360,,,0,100,,3731,360,,,0,30,,3749,360,,,0,70,,3736,360,,,0,30,,3732,360,,,0,70,,3755,360,,,0,31,,3742,360,,,0,70,,3733,360,,,0,102,,3756,360,,,0,101,,3734,360,,,0,100,,3743,360,,,0,100,,3750,360,,,0,101,,3744,360,,,0,99,,3757,360,,,0
1400,'TM-E26-TM_GTFS-Week-end-01',641,,3758,360,,,0,100,,3763,360,,,0,99,,3761,360,,,0,99,,3775,360,,,0,100,,3770,360,,,0,100,,3768,360,,,0,99,,3771,360,,,0,100,,3769,360,,,0,100,,3772,360,,,0,101,,3776,360,,,0,100,,3773,360,,,0,100,,3777,360,,,0,100,,3774,360,,,0,100,,3760,360,,,0,100,,3764,360,,,0,100,,3767,360,,,0,100,,3765,360,,,0,101,,3762,360,,,0,100,,3766,360,,,0,100,,3759,360,,,0
1701,'TM-E26-TM_GTFS-Fête-1-01',631,,3917,570,,,0,101,,3908,570,,,0,100,,3899,570,,,0,100,,3909,570,,,0,100,,3900,570,,,0,100,,3910,570,,,0,100,,3901,570,,,0,100,,3911,570,,,0,100,,3902,570,,,0,100,,3912,570,,,0,100,,3903,570,,,0,99,,3913,570,,,0,100,,3904,570,,,0,100,,3914,570,,,0,99,,3905,570,,,0,100,,3915,570,,,0,100,,3906,570,,,0,100,,3916,570,,,0,100,,3907,570,,,0
1701,'TM-E26-TM_GTFS-Semaine-01',532,,3921,570,,,0,102,,3930,570,,,0,94,,3922,570,,,0,104,,3931,570,,,0,100,,3923,570,,,0,99,,3932,570,,,0,100,,3924,570,,,0,100,,3933,570,,,0,100,,3925,570,,,0,100,,3934,570,,,0,101,,3926,570,,,0,100,,3935,570,,,0,104,,3927,570,,,0,96,,3918,570,,,0,95,,3928,570,,,0,100,,3919,570,,,0,100,,3929,570,,,0,100,,3920,570,,,0,100,,3936,570,,,0,100,,3937,570,,,0
1701,'TM-E26-TM_GTFS-Week-end-01',631,,3956,570,,,0,101,,3947,570,,,0,100,,3938,570,,,0,100,,3948,570,,,0,100,,3939,570,,,0,100,,3949,570,,,0,100,,3940,570,,,0,100,,3950,570,,,0,100,,3941,570,,,0,100,,3951,570,,,0,100,,3942,570,,,0,99,,3952,570,,,0,100,,3943,570,,,0,100,,3953,570,,,0,99,,3944,570,,,0,100,,3954,570,,,0,100,,3945,570,,,0,100,,3955,570,,,0,100,,3946,570,,,0
1800,'TM-E26-TM_GTFS-Fête-1-01',724,,3960,490,,,0,100,,3961,490,,,0,100,,3962,490,,,0,399,,3963,490,,,0,201,,3957,490,,,0,100,,3958,490,,,0,100,,3959,490,,,0,299,,3964,490,,,0
1800,'TM-E26-TM_GTFS-Semaine-01',554,,3965,180,,,0,102,,3974,490,,,0,100,,3966,490,,,0,70,,3970,490,,,0,29,,3967,490,,,0,170,,3971,490,,,0,200,,3972,490,,,0,200,,3973,490,,,0,129,,3968,490,,,0,100,,3977,490,,,0,100,,3978,490,,,0,71,,3975,230,,,0,98,,3976,490,,,0,200,,3969,490,,,0
1800,'TM-E26-TM_GTFS-Week-end-01',724,,3982,490,,,0,100,,3983,490,,,0,100,,3984,490,,,0,399,,3985,490,,,0,201,,3979,490,,,0,100,,3980,490,,,0,100,,3981,490,,,0,299,,3986,490,,,0
2301,'TM-E26-TM_GTFS-Semaine-01',800,,4313,140,,,0,102,,4316,140,,,0,800,,4314,140,,,0,134,,4315,140,,,0
