900,'TM-H26-TM_GTFS-Fête-2-02',616,,2520,,,0,98,,2526,,,0,100,,2523,,,0,103,,2524,,,0,101,,2518,,,0,100,,2519,,,0,302,,2525,,,0,200,,2521,,,0,200,,2522,,,0
900,'TM-H26-TM_GTFS-Semaine-02',616,,2529,,,0,98,,2535,,,0,100,,2532,,,0,103,,2533,,,0,101,,2527,,,0,100,,2528,,,0,302,,2534,,,0,200,,2530,,,0,200,,2531,,,0
2000005500,'TM-H26-TM_GTFS-Fête-2-02',611,,4319,0,8 5,0,100,,4320,0,8 5,0,600,,4314,,,0,100,,4321,,,0,230,,4313,,,0,102,,4315,,,0,98,,4316,,,0,370,,4317,,,0,200,,4318,,,0
2000005500,'TM-H26-TM_GTFS-Semaine-02',611,,4328,0,8 5,0,100,,4329,0,8 5,0,600,,4323,,,0,100,,4330,,,0,230,,4322,,,0,102,,4324,,,0,98,,4325,,,0,370,,4326,,,0,200,,4327,,,0
2000005501,'TM-H26-TM_GTFS-Fête-2-02',516,,4332,,,0,100,,4333,,,0,104,,4331,,,0,400,,4334,,,0,396,,4336,,,0,101,,4337,,,0,100,,4338,,,0,131,,4335,,,0,455,,4339,,,0
2000005501,'TM-H26-TM_GTFS-Semaine-02',516,,4341,,,0,100,,4342,,,0,104,,4340,,,0,400,,4343,,,0,396,,4345,,,0,101,,4346,,,0,100,,4347,,,0,131,,4344,,,0,455,,4348,,,0
2000005600,'TM-H26-TM_GTFS-Fête-2-02',718,,4349,,,0,800,,4350,,,0,800,,4351,,,0
2000005600,'TM-H26-TM_GTFS-Semaine-02',718,,4352,,,0,800,,4353,,,0,800,,4354,,,0
2000005601,'TM-H26-TM_GTFS-Fête-2-02',645,,4355,4,,0,800,,4356,4,,0,800,,4357,4,,0
2000005601,'TM-H26-TM_GTFS-Semaine-02',645,,4358,4,,0,800,,4359,4,,0,800,,4360,4,,0
