300,'TM-E26-TM_GTFS-Fête-1-01',633,,3445,540,,,0,201,,3446,660,,,0,208,,3447,660,,,0,200,,3448,660,,,0,200,,3449,660,,,0,195,,3450,660,,,0,197,,3451,660,,,0,199,,3452,660,,,0,200,,3453,660,,,0,198,,3454,660,,,0
300,'TM-E26-TM_GTFS-Semaine-01',540,,3456,530,,,0,99,,3457,650,,,0,70,,3473,650,,,0,31,,3467,650,,,0,70,,3472,650,,,0,32,,3466,650,,,0,100,,3461,650,,,0,200,,3462,650,,,0,200,,3463,650,,,0,171,,3465,650,,,0,105,,3464,650,,,0,99,,3470,650,,,0,28,,3469,650,,,0,66,,3471,650,,,0,30,,3468,650,,,0,95,,3455,650,,,0,167,,3458,650,,,0,100,,3459,650,,,0,227,,3460,650,,,0
300,'TM-E26-TM_GTFS-Week-end-01',633,,3474,540,,,0,201,,3475,660,,,0,208,,3476,660,,,0,200,,3477,660,,,0,200,,3478,660,,,0,195,,3479,660,,,0,197,,3480,660,,,0,199,,3481,660,,,0,200,,3482,660,,,0,198,,3483,660,,,0
400,'TM-E26-TM_GTFS-Semaine-01',1701,,3488,430,,,0,50,,3484,430,,,0,100,,3485,430,,,0,294,,3486,430,,,0,275,,3487,430,,,0
401,'TM-E26-TM_GTFS-Semaine-01',608,,3490,500,,,0,100,,3492,500,,,0,100,,3491,500,,,0,101,,3489,500,,,0,1031,,3493,500,,,0
800,'TM-E26-TM_GTFS-Fête-1-01',704,,3498,230,,,0,100,,3499,230,,,0,100,,3500,230,,,0,101,,3501,230,,,0,100,,3502,230,,,0,100,,3503,230,,,0,100,,3504,230,,,0,100,,3505,230,,,0,100,,3506,230,,,0,100,,3507,230,,,0,100,,3508,230,,,0,99,,3509,230,,,0,100,,3510,230,,,0,100,,3511,230,,,0,100,,3512,230,,,0,100,,3513,230,,,0,100,,3514,230,,,0,100,,3515,230,,,0,99,,3516,230,0,16,0
800,'TM-E26-TM_GTFS-Semaine-01',604,,3528,230,,,0,102,,3523,230,,,0,100,,3519,230,,,0,100,,3520,230,,,0,100,,3526,230,,,0,100,,3527,230,,,0,100,,3517,230,,,0,100,,3518,230,,,0,100,,3524,230,,,0,100,,3529,230,,,0,100,,3525,230,,,0,100,,3521,230,,,0,99,,3522,230,,,0,100,,3530,230,,,0,100,,3531,230,,,0,100,,3532,230,,,0,100,,3533,230,,,0,100,,3534,230,,,0,100,,3535,230,,,0,98,,3536,230,0,16,0
800,'TM-E26-TM_GTFS-Week-end-01',704,,3538,230,,,0,100,,3539,230,,,0,100,,3540,230,,,0,101,,3541,230,,,0,100,,3542,230,,,0,100,,3543,230,,,0,100,,3544,230,,,0,100,,3545,230,,,0,100,,3546,230,,,0,100,,3547,230,,,0,100,,3548,230,,,0,99,,3549,230,,,0,100,,3550,230,,,0,100,,3551,230,,,0,100,,3552,230,,,0,100,,3553,230,,,0,100,,3554,230,,,0,100,,3555,230,,,0,99,,3556,230,0,16,0
1101,'TM-E26-TM_GTFS-Fête-1-01',639,,3656,670,,,0,100,,3646,670,,,0,100,,3657,670,,,0,101,,3647,670,,,0,101,,3648,670,,,0,100,,3658,670,,,0,100,,3649,670,,,0,100,,3659,670,,,0,100,,3650,670,,,0,100,,3660,670,,,0,100,,3651,670,,,0,100,,3661,670,,,0,99,,3652,670,,,0,98,,3662,670,,,0,100,,3653,670,,,0,99,,3663,670,,,0,100,,3654,670,,,0,100,,3664,670,,,0,100,,3655,670,,,0
1101,'TM-E26-TM_GTFS-Semaine-01',608,,3674,560,,,0,30,,3670,670,,,0,70,,3665,670,,,0,30,,3685,670,,,0,70,,3675,670,,,0,30,,3678,670,,,0,100,,3686,670,,,0,101,,3679,670,,,0,102,,3682,670,,,0,100,,3680,670,,,0,100,,3683,670,,,0,100,,3681,670,,,0,97,,3684,670,,,0,70,,3676,670,,,0,32,,3690,670,,,0,70,,3671,670,,,0,31,,3673,670,,,0,69,,3677,670,,,0,29,,3666,670,,,0,69,,3672,670,,,0,30,,3687,670,,,0,103,,3667,670,,,0,99,,3688,670,,,0,100,,3668,670,,,0,99,,3689,670,,,0,101,,3669,670,,,0
1101,'TM-E26-TM_GTFS-Week-end-01',639,,3701,670,,,0,100,,3691,670,,,0,100,,3702,670,,,0,101,,3692,670,,,0,101,,3693,670,,,0,100,,3703,670,,,0,100,,3694,670,,,0,100,,3704,670,,,0,100,,3695,670,,,0,100,,3705,670,,,0,100,,3696,670,,,0,100,,3706,670,,,0,99,,3697,670,,,0,98,,3707,670,,,0,100,,3698,670,,,0,99,,3708,670,,,0,100,,3699,670,,,0,100,,3709,670,,,0,100,,3700,670,,,0
2101,'TM-E26-TM_GTFS-Semaine-01',1641,,4307,610,0,5,0,99,,4306,610,0,5,0,100,,4305,610,0,5,0
