901,'TM-H26-TM_GTFS-Fête-2-02',1250,,2536,,,0,300,,2543,,,0,96,,2538,,,0,100,,2541,,,0,99,,2540,,,0,97,,2542,,,0,302,,2539,,,0
901,'TM-H26-TM_GTFS-Semaine-02',1250,,2547,,,0,300,,2554,,,0,96,,2549,,,0,100,,2552,,,0,99,,2551,,,0,97,,2553,,,0,302,,2550,,,0
51200,'TM-H26-TM_GTFS-Fête-1-01',851,,4020,4,,0,175,,4021,4,,0,175,,4019,4,,0,135,,4026,4,,0,175,,4023,4,,0,135,,4018,4,,0,175,,4022,4,,0,135,,4025,4,,0,174,,4024,4,,0,172,,4027,4,,0
51200,'TM-H26-TM_GTFS-Fête-2-02',731,,4033,4,,0,84,,4029,4,,0,127,,4030,4,,0,194,,4038,4,,0,194,,4032,4,,0,192,,4037,4,,0,222,,4035,4,,0,91,,4031,4,,0,102,,4036,4,,0,90,,4034,4,,0,104,,4028,4,,0
51200,'TM-H26-TM_GTFS-Semaine-02',731,,4044,4,,0,84,,4040,4,,0,127,,4041,4,,0,194,,4049,4,,0,194,,4043,4,,0,192,,4048,4,,0,222,,4046,4,,0,91,,4042,4,,0,102,,4047,4,,0,90,,4045,4,,0,104,,4039,4,,0
51200,'TM-H26-TM_GTFS-Week-end-02',851,,4052,4,,0,175,,4053,4,,0,175,,4051,4,,0,135,,4058,4,,0,175,,4055,4,,0,135,,4050,4,,0,175,,4054,4,,0,135,,4057,4,,0,174,,4056,4,,0,172,,4059,4,,0
51201,'TM-H26-TM_GTFS-Fête-1-01',720,,4068,,,0,132,,4067,,,0,175,,4064,,,0,175,,4065,,,0,135,,4062,,,0,175,,4063,,,0,135,,4060,,,0,175,,4061,,,0,135,,4066,,,0,174,,4069,,,0
51201,'TM-H26-TM_GTFS-Fête-2-02',532,,4076,,,0,83,,4078,,,0,117,,4079,,,0,211,,4075,,,0,194,,4073,,,0,194,,4074,,,0,192,,4072,,,0,120,,4077,,,0,102,,4080,,,0,91,,4071,,,0,109,,4070,,,0
51201,'TM-H26-TM_GTFS-Semaine-02',532,,4087,,,0,83,,4089,,,0,117,,4090,,,0,211,,4086,,,0,194,,4084,,,0,194,,4085,,,0,192,,4083,,,0,120,,4088,,,0,102,,4091,,,0,91,,4082,,,0,109,,4081,,,0
51201,'TM-H26-TM_GTFS-Week-end-02',720,,4100,,,0,132,,4099,,,0,175,,4096,,,0,175,,4097,,,0,135,,4094,,,0,175,,4095,,,0,135,,4092,,,0,175,,4093,,,0,135,,4098,,,0,174,,4101,,,0
