300,'TM-E26-TM_GTFS-Fête-1-01',630,,3445,490,,,0,201,,3446,610,,,0,207,,3447,610,,,0,200,,3448,610,,,0,200,,3449,610,,,0,197,,3450,610,,,0,197,,3451,610,,,0,199,,3452,610,,,0,200,,3453,610,,,0,198,,3454,610,,,0
300,'TM-E26-TM_GTFS-Semaine-01',537,,3456,480,,,0,98,,3457,600,,,0,70,,3473,600,,,0,31,,3467,600,,,0,70,,3472,600,,,0,32,,3466,600,,,0,100,,3461,600,,,0,200,,3462,600,,,0,200,,3463,600,,,0,171,,3465,600,,,0,105,,3464,600,,,0,99,,3470,600,,,0,28,,3469,600,,,0,66,,3471,600,,,0,30,,3468,600,,,0,95,,3455,600,,,0,168,,3458,600,,,0,100,,3459,600,,,0,227,,3460,600,,,0
300,'TM-E26-TM_GTFS-Week-end-01',630,,3474,490,,,0,201,,3475,610,,,0,207,,3476,610,,,0,200,,3477,610,,,0,200,,3478,610,,,0,197,,3479,610,,,0,197,,3480,610,,,0,199,,3481,610,,,0,200,,3482,610,,,0,198,,3483,610,,,0
400,'TM-E26-TM_GTFS-Semaine-01',1657,,3488,380,,,0,91,,3484,380,,,0,100,,3485,380,,,0,294,,3486,380,,,0,275,,3487,380,,,0
401,'TM-E26-TM_GTFS-Semaine-01',605,,3490,450,,,0,100,,3492,450,,,0,100,,3491,450,,,0,101,,3489,450,,,0,1031,,3493,450,,,0
800,'TM-E26-TM_GTFS-Fête-1-01',701,,3498,180,,,0,100,,3499,180,,,0,100,,3500,180,,,0,101,,3501,180,,,0,100,,3502,180,,,0,100,,3503,180,,,0,100,,3504,180,,,0,100,,3505,180,,,0,100,,3506,180,,,0,100,,3507,180,,,0,100,,3508,180,,,0,99,,3509,180,,,0,100,,3510,180,,,0,100,,3511,180,,,0,100,,3512,180,,,0,100,,3513,180,,,0,100,,3514,180,,,0,100,,3515,180,,,0,99,,3516,180,0,16,0
800,'TM-E26-TM_GTFS-Semaine-01',601,,3528,180,,,0,101,,3523,180,,,0,100,,3519,180,,,0,100,,3520,180,,,0,100,,3526,180,,,0,100,,3527,180,,,0,100,,3517,180,,,0,100,,3518,180,,,0,100,,3524,180,,,0,100,,3529,180,,,0,100,,3525,180,,,0,100,,3521,180,,,0,100,,3522,180,,,0,100,,3530,180,,,0,100,,3531,180,,,0,100,,3532,180,,,0,100,,3533,180,,,0,100,,3534,180,,,0,100,,3535,180,,,0,98,,3536,180,0,16,0
800,'TM-E26-TM_GTFS-Week-end-01',701,,3538,180,,,0,100,,3539,180,,,0,100,,3540,180,,,0,101,,3541,180,,,0,100,,3542,180,,,0,100,,3543,180,,,0,100,,3544,180,,,0,100,,3545,180,,,0,100,,3546,180,,,0,100,,3547,180,,,0,100,,3548,180,,,0,99,,3549,180,,,0,100,,3550,180,,,0,100,,3551,180,,,0,100,,3552,180,,,0,100,,3553,180,,,0,100,,3554,180,,,0,100,,3555,180,,,0,99,,3556,180,0,16,0
1101,'TM-E26-TM_GTFS-Fête-1-01',636,,3656,620,,,0,100,,3646,620,,,0,100,,3657,620,,,0,101,,3647,620,,,0,101,,3648,620,,,0,100,,3658,620,,,0,100,,3649,620,,,0,100,,3659,620,,,0,100,,3650,620,,,0,100,,3660,620,,,0,100,,3651,620,,,0,100,,3661,620,,,0,99,,3652,620,,,0,98,,3662,620,,,0,100,,3653,620,,,0,99,,3663,620,,,0,100,,3654,620,,,0,100,,3664,620,,,0,100,,3655,620,,,0
1101,'TM-E26-TM_GTFS-Semaine-01',605,,3674,510,,,0,30,,3670,620,,,0,70,,3665,620,,,0,30,,3685,620,,,0,70,,3675,620,,,0,30,,3678,620,,,0,100,,3686,620,,,0,100,,3679,620,,,0,102,,3682,620,,,0,100,,3680,620,,,0,100,,3683,620,,,0,100,,3681,620,,,0,97,,3684,620,,,0,70,,3676,620,,,0,32,,3690,620,,,0,70,,3671,620,,,0,31,,3673,620,,,0,69,,3677,620,,,0,30,,3666,620,,,0,69,,3672,620,,,0,30,,3687,620,,,0,103,,3667,620,,,0,99,,3688,620,,,0,100,,3668,620,,,0,99,,3689,620,,,0,101,,3669,620,,,0
1101,'TM-E26-TM_GTFS-Week-end-01',636,,3701,620,,,0,100,,3691,620,,,0,100,,3702,620,,,0,101,,3692,620,,,0,101,,3693,620,,,0,100,,3703,620,,,0,100,,3694,620,,,0,100,,3704,620,,,0,100,,3695,620,,,0,100,,3705,620,,,0,100,,3696,620,,,0,100,,3706,620,,,0,99,,3697,620,,,0,98,,3707,620,,,0,100,,3698,620,,,0,99,,3708,620,,,0,100,,3699,620,,,0,100,,3709,620,,,0,100,,3700,620,,,0
2001,'TM-E26-TM_GTFS-Fête-1-01',634,,4243,250,,,0,102,,4244,250,,,0,101,,4245,250,,,0,100,,4246,250,,,0,101,,4237,250,,,0,101,,4238,250,,,0,100,,4247,250,,,0,101,,4248,250,,,0,100,,4249,250,,,0,99,,4239,250,,,0,100,,4240,250,,,0,99,,4241,250,,,0,98,,4242,250,,,0,100,,4250,250,,,0,100,,4251,250,,,0,100,,4252,250,,,0,99,,4253,250,,,0,100,,4254,250,,,0,100,,4255,250,,,0
2001,'TM-E26-TM_GTFS-Semaine-01',536,,4260,250,,,0,101,,4261,250,,,0,70,,4257,250,,,0,30,,4262,250,,,0,72,,4281,250,,,0,30,,4263,250,,,0,70,,4279,250,,,0,30,,4264,250,,,0,100,,4265,250,,,0,101,,4256,250,,,0,100,,4266,250,,,0,100,,4273,250,,,0,99,,4274,250,,,0,99,,4275,250,,,0,100,,4276,250,,,0,65,,4277,250,,,0,30,,4258,250,,,0,70,,4278,250,,,0,30,,4267,250,,,0,71,,4280,250,,,0,28,,4259,250,,,0,105,,4268,250,,,0,99,,4269,250,,,0,98,,4270,250,,,0,100,,4271,250,,,0,100,,4272,250,,,0
2001,'TM-E26-TM_GTFS-Week-end-01',634,,4288,250,,,0,102,,4289,250,,,0,101,,4290,250,,,0,100,,4291,250,,,0,101,,4282,250,,,0,101,,4283,250,,,0,100,,4292,250,,,0,101,,4293,250,,,0,100,,4294,250,,,0,99,,4284,250,,,0,100,,4285,250,,,0,99,,4286,250,,,0,98,,4287,250,,,0,100,,4295,250,,,0,100,,4296,250,,,0,100,,4297,250,,,0,99,,4298,250,,,0,100,,4299,250,,,0,100,,4300,250,,,0
2100,'TM-E26-TM_GTFS-Semaine-01',637,,4302,340,0,5,0,93,,4301,560,0,5,0,100,,4303,560,0,5,0,100,,4304,560,0,5,0
2101,'TM-E26-TM_GTFS-Semaine-01',1638,,4307,560,0,5,0,99,,4306,560,0,5,0,100,,4305,560,0,5,0
