900,'TM-H26-TM_GTFS-Fête-2-02',623,,2520,,,0,98,,2526,,,0,100,,2523,,,0,103,,2524,,,0,101,,2518,,,0,100,,2519,,,0,302,,2525,,,0,200,,2521,,,0,200,,2522,,,0
900,'TM-H26-TM_GTFS-Semaine-02',623,,2529,,,0,98,,2535,,,0,100,,2532,,,0,103,,2533,,,0,101,,2527,,,0,100,,2528,,,0,302,,2534,,,0,200,,2530,,,0,200,,2531,,,0
901,'TM-H26-TM_GTFS-Fête-2-02',739,,2546,0,9 1 10 11,0,170,,2544,0,9 1 10 11,0,99,,2545,0,9 1 10 11,0,201,,2536,,,0,100,,2537,0,9 1 10 11,0,200,,2543,,,0,101,,2538,,,0,99,,2541,,,0,100,,2540,,,0,99,,2542,,,0,300,,2539,,,0
901,'TM-H26-TM_GTFS-Semaine-02',739,,2557,0,9 1 10 11,0,170,,2555,0,9 1 10 11,0,99,,2556,0,9 1 10 11,0,201,,2547,,,0,100,,2548,0,9 1 10 11,0,200,,2554,,,0,101,,2549,,,0,99,,2552,,,0,100,,2551,,,0,99,,2553,,,0,300,,2550,,,0
1800,'TM-H26-TM_GTFS-Fête-1-01',707,,3091,,,0,100,,3092,,,0,100,,3093,,,0,400,,3094,,,0,200,,3088,,,0,100,,3089,,,0,100,,3090,,,0,300,,3095,,,0
1800,'TM-H26-TM_GTFS-Fête-2-02',638,,3105,,,0,100,,3097,,,0,70,,3101,,,0,30,,3098,,,0,170,,3102,,,0,200,,3103,,,0,200,,3104,,,0,130,,3099,,,0,100,,3108,,,0,100,,3109,,,0,72,,3106,,,0,98,,3107,,,0,200,,3100,,,0
1800,'TM-H26-TM_GTFS-Semaine-02',638,,3119,,,0,100,,3111,,,0,70,,3115,,,0,30,,3112,,,0,170,,3116,,,0,200,,3117,,,0,200,,3118,,,0,130,,3113,,,0,100,,3122,,,0,100,,3123,,,0,72,,3120,,,0,98,,3121,,,0,200,,3114,,,0
1800,'TM-H26-TM_GTFS-Week-end-02',707,,3127,,,0,100,,3128,,,0,100,,3129,,,0,400,,3130,,,0,200,,3124,,,0,100,,3125,,,0,100,,3126,,,0,300,,3131,,,0
1801,'TM-H26-TM_GTFS-Fête-2-02',614,,3134,0,5 1 6 7 5,0,100,,3135,0,5 1 6 7 5,0,93,,3143,0,5 1 6 7 5,0,107,,3136,0,5 1 6 7 5,0,200,,3137,0,5 1 6 7 5,0,200,,3138,0,5 1 6 7 5,0,200,,3139,0,5 1 6 7 5,0,104,,3133,0,5 1 6 7 5,0,100,,3141,0,5 1 6 7 5,0,97,,3140,0,5 1 6 7 5,0,198,,3132,0,5 1 6 7 5,0,200,,3142,0,5 1 6 7 5,0
1801,'TM-H26-TM_GTFS-Semaine-02',614,,3147,0,5 1 6 7 5,0,100,,3148,0,5 1 6 7 5,0,93,,3156,0,5 1 6 7 5,0,107,,3149,0,5 1 6 7 5,0,200,,3150,0,5 1 6 7 5,0,200,,3151,0,5 1 6 7 5,0,200,,3152,0,5 1 6 7 5,0,104,,3146,0,5 1 6 7 5,0,100,,3154,0,5 1 6 7 5,0,97,,3153,0,5 1 6 7 5,0,198,,3145,0,5 1 6 7 5,0,200,,3155,0,5 1 6 7 5,0
2200,'TM-H26-TM_GTFS-Semaine-02',730,,3666,4,,0,106,,3667,4,,0,409,,3668,4,,0
2201,'TM-H26-TM_GTFS-Semaine-02',1145,,3669,,,0,109,,3670,,,0,191,,3674,,,0,113,,3671,,,0,156,,3672,,,0,101,,3673,,,0
2700,'TM-H26-TM_GTFS-Semaine-02',747,,3772,4,,0,100,,3767,4,,0,709,,3770,4,,0,103,,3771,4,,0,97,,3769,4,,0,96,,3768,4,,0,100,,3773,4,,0
2701,'TM-H26-TM_GTFS-Semaine-02',835,,3779,,,0,766,,3775,,,0,103,,3776,,,0,103,,3780,,,0
3001100,'TM-H26-TM_GTFS-Semaine-02',732,,4206,4,,0
3001101,'TM-H26-TM_GTFS-Semaine-02',1630,,4207,,,0,100,,4208,,,0
3002400,'TM-H26-TM_GTFS-Semaine-02',940,,4209,4,,0,195,,4210,4,,0
