200,'TM-E26-TM_GTFS-Fête-1-01',736,,3404,690,,,0,206,,3405,690,,,0,200,,3406,690,,,0,200,,3407,690,,,0,200,,3408,690,,,0,195,,3409,690,,,0,198,,3410,690,,,0,200,,3411,690,,,0,200,,3412,690,,,0
200,'TM-E26-TM_GTFS-Semaine-01',608,,3415,500,,,0,27,,3432,670,,,0,72,,3426,670,,,0,30,,3433,670,,,0,74,,3427,670,,,0,30,,3434,670,,,0,70,,3428,670,,,0,130,,3422,670,,,0,200,,3423,670,,,0,200,,3424,670,0,8 7,0,100,,3421,670,,,0,105,,3430,670,,,0,70,,3429,670,,,0,30,,3431,670,,,0,70,,3425,670,,,0,95,,3414,670,,,0,130,,3420,670,,,0,93,,3417,670,,,0,99,,3416,670,,,0,100,,3418,670,,,0
200,'TM-E26-TM_GTFS-Week-end-01',736,,3435,690,,,0,206,,3436,690,,,0,200,,3437,690,,,0,200,,3438,690,,,0,200,,3439,690,,,0,195,,3440,690,,,0,198,,3441,690,,,0,200,,3442,690,,,0,200,,3443,690,,,0
1400,'TM-E26-TM_GTFS-Fête-1-01',645,,3710,420,,,0,100,,3715,420,,,0,100,,3713,420,,,0,100,,3727,420,,,0,100,,3722,420,,,0,100,,3720,420,,,0,99,,3723,420,,,0,100,,3721,420,,,0,100,,3724,420,,,0,100,,3728,420,,,0,100,,3725,420,,,0,100,,3729,420,,,0,100,,3726,420,,,0,100,,3712,420,,,0,100,,3716,420,,,0,100,,3719,420,,,0,100,,3717,420,,,0,100,,3714,420,,,0,100,,3718,420,,,0,100,,3711,420,,,0
1400,'TM-E26-TM_GTFS-Semaine-01',537,,3745,420,,,0,72,,3738,420,,,0,31,,3746,420,,,0,72,,3751,420,,,0,28,,3739,420,,,0,70,,3747,420,,,0,30,,3737,420,,,0,70,,3740,420,,,0,30,,3748,420,,,0,72,,3741,420,,,0,100,,3752,420,,,0,100,,3754,420,,,0,100,,3753,420,,,0,100,,3730,420,,,0,100,,3735,420,,,0,100,,3731,420,,,0,30,,3749,420,,,0,70,,3736,420,,,0,30,,3732,420,,,0,70,,3755,420,,,0,30,,3742,420,,,0,70,,3733,420,,,0,102,,3756,420,,,0,101,,3734,420,,,0,100,,3743,420,,,0,99,,3750,420,,,0,101,,3744,420,,,0,99,,3757,420,,,0
1400,'TM-E26-TM_GTFS-Week-end-01',645,,3758,420,,,0,100,,3763,420,,,0,100,,3761,420,,,0,100,,3775,420,,,0,100,,3770,420,,,0,100,,3768,420,,,0,99,,3771,420,,,0,100,,3769,420,,,0,100,,3772,420,,,0,100,,3776,420,,,0,100,,3773,420,,,0,100,,3777,420,,,0,100,,3774,420,,,0,100,,3760,420,,,0,100,,3764,420,,,0,100,,3767,420,,,0,100,,3765,420,,,0,100,,3762,420,,,0,100,,3766,420,,,0,100,,3759,420,,,0
1701,'TM-E26-TM_GTFS-Fête-1-01',637,,3917,630,,,0,101,,3908,630,,,0,100,,3899,630,,,0,100,,3909,630,,,0,101,,3900,630,,,0,100,,3910,630,,,0,100,,3901,630,,,0,100,,3911,630,,,0,100,,3902,630,,,0,100,,3912,630,,,0,99,,3903,630,,,0,99,,3913,630,,,0,100,,3904,630,,,0,100,,3914,630,,,0,99,,3905,630,,,0,100,,3915,630,,,0,99,,3906,630,,,0,100,,3916,630,,,0,100,,3907,630,,,0
1701,'TM-E26-TM_GTFS-Semaine-01',536,,3921,630,,,0,104,,3930,630,,,0,94,,3922,630,,,0,104,,3931,630,,,0,100,,3923,630,,,0,99,,3932,630,,,0,100,,3924,630,,,0,100,,3933,630,,,0,100,,3925,630,,,0,100,,3934,630,,,0,101,,3926,630,,,0,100,,3935,630,,,0,103,,3927,630,,,0,96,,3918,630,,,0,95,,3928,630,,,0,100,,3919,630,,,0,100,,3929,630,,,0,100,,3920,630,,,0,100,,3936,630,,,0,100,,3937,630,,,0
1701,'TM-E26-TM_GTFS-Week-end-01',637,,3956,630,,,0,101,,3947,630,,,0,100,,3938,630,,,0,100,,3948,630,,,0,101,,3939,630,,,0,100,,3949,630,,,0,100,,3940,630,,,0,100,,3950,630,,,0,100,,3941,630,,,0,100,,3951,630,,,0,99,,3942,630,,,0,99,,3952,630,,,0,100,,3943,630,,,0,100,,3953,630,,,0,99,,3944,630,,,0,100,,3954,630,,,0,99,,3945,630,,,0,100,,3955,630,,,0,100,,3946,630,,,0
1800,'TM-E26-TM_GTFS-Fête-1-01',734,,3960,640,,,0,100,,3961,640,,,0,101,,3962,640,,,0,400,,3963,640,,,0,200,,3957,640,,,0,100,,3958,640,,,0,100,,3959,640,,,0,299,,3964,640,,,0
1800,'TM-E26-TM_GTFS-Semaine-01',606,,3965,330,,,0,102,,3974,640,,,0,100,,3966,640,,,0,30,,3970,640,,,0,70,,3967,640,,,0,130,,3971,640,,,0,200,,3972,640,,,0,200,,3973,640,,,0,168,,3968,640,,,0,100,,3977,640,,,0,100,,3978,640,,,0,31,,3975,380,,,0,98,,3976,640,,,0,200,,3969,640,,,0
1800,'TM-E26-TM_GTFS-Week-end-01',734,,3982,640,,,0,100,,3983,640,,,0,101,,3984,640,,,0,400,,3985,640,,,0,200,,3979,640,,,0,100,,3980,640,,,0,100,,3981,640,,,0,299,,3986,640,,,0
2301,'TM-E26-TM_GTFS-Semaine-01',808,,4313,200,,,0,102,,4316,200,,,0,800,,4314,200,,,0,132,,4315,200,,,0
3000,'TM-E26-TM_GTFS-Semaine-01',454,,4378,50,,,0,72,,4372,50,,,0,30,,4366,50,,,0,65,,4379,50,,,0,20,,4364,50,,,0,60,,4373,50,,,0,20,,4374,50,,,0,20,,4369,50,,,0,70,,4367,50,,,0,35,,4370,50,,,0,700,,4354,50,,,0,65,,4361,50,,,0,33,,4368,50,,,0,169,,4355,50,,,0,41,,4377,50,,,0
