1400,'TM-H26-TM_GTFS-Fête-1-01',621,,2746,0,8 5,0,100,,2751,0,8 5,0,98,,2749,0,8 5,0,99,,2763,0,8 5,0,99,,2758,0,8 5,0,100,,2756,0,8 5,0,100,,2759,0,8 5,0,100,,2757,0,8 5,0,100,,2760,0,8 5,0,102,,2764,0,8 5,0,100,,2761,0,8 5,0,100,,2765,0,8 5,0,100,,2762,0,8 5,0,100,,2748,0,8 5,0,100,,2752,0,8 5,0,100,,2755,0,8 5,0,101,,2753,0,8 5,0,102,,2750,0,8 5,0,100,,2754,0,8 5,0,100,,2747,0,8 5,0
1400,'TM-H26-TM_GTFS-Fête-2-02',508,,2796,0,8 5,0,30,,2781,0,8 5,0,70,,2797,0,8 5,0,30,,2806,0,8 5,0,3,,2782,4,,0,64,,2783,0,8 5,0,7,,2798,4,,0,25,,2799,0,8 5,0,5,,2820,4,,0,65,,2779,0,8 5,0,5,,2784,4,,0,29,,2785,0,8 5,0,1,,2800,4,,0,69,,2801,0,8 5,0,1,,2780,4,,0,30,,2786,4,,0,1,,2787,0,8 5,0,69,,2802,4,,0,30,,2788,4,,0,1,,2807,0,8 5,0,99,,2808,4,,0,1,,2811,0,8 5,0,99,,2812,4,,0,1,,2809,0,8 5,0,99,,2810,4,,0,1,,2766,0,8 5,0,100,,2776,0,8 5,0,1,,2767,4,,0,100,,2777,4,,0,70,,2803,0,8 5,0,30,,2778,0,8 5,0,4,,2769,4,,0,66,,2770,0,8 5,0,4,,2813,4,,0,26,,2814,0,8 5,0,4,,2789,4,,0,68,,2790,0,8 5,0,2,,2771,4,,0,23,,2815,4,,0,5,,2772,0,8 5,0,65,,2791,4,,0,30,,2773,4,,0,7,,2816,0,8 5,0,93,,2817,4,,0,8,,2774,0,8 5,0,92,,2775,4,,0,8,,2792,0,8 5,0,89,,2793,4,,0,13,,2804,0,8 5,0,87,,2805,4,,0,14,,2794,0,8 5,0,86,,2795,4,,0,13,,2818,0,8 5,0,87,,2819,4,,0
1400,'TM-H26-TM_GTFS-Semaine-02',508,,2851,0,8 5,0,30,,2836,0,8 5,0,70,,2852,0,8 5,0,30,,2861,0,8 5,0,3,,2837,4,,0,64,,2838,0,8 5,0,7,,2853,4,,0,25,,2854,0,8 5,0,5,,2875,4,,0,65,,2834,0,8 5,0,5,,2839,4,,0,29,,2840,0,8 5,0,1,,2855,4,,0,69,,2856,0,8 5,0,1,,2835,4,,0,30,,2841,4,,0,1,,2842,0,8 5,0,69,,2857,4,,0,30,,2843,4,,0,1,,2862,0,8 5,0,99,,2863,4,,0,1,,2866,0,8 5,0,99,,2867,4,,0,1,,2864,0,8 5,0,99,,2865,4,,0,1,,2821,0,8 5,0,100,,2831,0,8 5,0,1,,2822,4,,0,100,,2832,4,,0,70,,2858,0,8 5,0,30,,2833,0,8 5,0,4,,2824,4,,0,66,,2825,0,8 5,0,4,,2868,4,,0,26,,2869,0,8 5,0,4,,2844,4,,0,68,,2845,0,8 5,0,2,,2826,4,,0,23,,2870,4,,0,5,,2827,0,8 5,0,65,,2846,4,,0,30,,2828,4,,0,7,,2871,0,8 5,0,93,,2872,4,,0,8,,2829,0,8 5,0,92,,2830,4,,0,8,,2847,0,8 5,0,89,,2848,4,,0,13,,2859,0,8 5,0,87,,2860,4,,0,14,,2849,0,8 5,0,86,,2850,4,,0,13,,2873,0,8 5,0,87,,2874,4,,0
1400,'TM-H26-TM_GTFS-Week-end-02',621,,2876,0,8 5,0,100,,2881,0,8 5,0,98,,2879,0,8 5,0,99,,2893,0,8 5,0,99,,2888,0,8 5,0,100,,2886,0,8 5,0,100,,2889,0,8 5,0,100,,2887,0,8 5,0,100,,2890,0,8 5,0,102,,2894,0,8 5,0,100,,2891,0,8 5,0,100,,2895,0,8 5,0,100,,2892,0,8 5,0,100,,2878,0,8 5,0,100,,2882,0,8 5,0,100,,2885,0,8 5,0,101,,2883,0,8 5,0,102,,2880,0,8 5,0,100,,2884,0,8 5,0,100,,2877,0,8 5,0
1401,'TM-H26-TM_GTFS-Fête-1-01',816,,2901,4,,0,103,,2898,4,,0,101,,2912,4,,0,101,,2908,4,,0,101,,2906,4,,0,100,,2909,4,,0,101,,2907,4,,0,100,,2910,4,,0,100,,2913,4,,0,99,,2911,4,,0,100,,2896,4,,0,99,,2899,4,,0,99,,2897,4,,0,100,,2902,4,,0,97,,2905,4,,0,102,,2903,4,,0,99,,2900,4,,0,100,,2904,4,,0
1401,'TM-H26-TM_GTFS-Week-end-02',816,,2919,4,,0,103,,2916,4,,0,101,,2930,4,,0,101,,2926,4,,0,101,,2924,4,,0,100,,2927,4,,0,101,,2925,4,,0,100,,2928,4,,0,100,,2931,4,,0,99,,2929,4,,0,100,,2914,4,,0,99,,2917,4,,0,99,,2915,4,,0,100,,2920,4,,0,97,,2923,4,,0,102,,2921,4,,0,99,,2918,4,,0,100,,2922,4,,0
41700,'TM-H26-TM_GTFS-Fête-2-02',538,,4003,,,0,73,,4005,,,0,40,,4002,,,0,99,,4004,,,0
41700,'TM-H26-TM_GTFS-Semaine-02',538,,4007,,,0,73,,4009,,,0,40,,4006,,,0,99,,4008,,,0
41701,'TM-H26-TM_GTFS-Fête-2-02',1749,,4010,4,,0,87,,4012,4,,0,76,,4013,4,,0,38,,4011,4,,0
41701,'TM-H26-TM_GTFS-Semaine-02',1749,,4014,4,,0,87,,4016,4,,0,76,,4017,4,,0,38,,4015,4,,0
2000041700,'TM-H26-TM_GTFS-Fête-2-02',1255,,4375,,,0
2000041700,'TM-H26-TM_GTFS-Semaine-02',1255,,4376,,,0
2000041701,'TM-H26-TM_GTFS-Fête-2-02',1355,,4377,4,,0
2000041701,'TM-H26-TM_GTFS-Semaine-02',1355,,4378,4,,0
