100,'TM-E26-TM_GTFS-Fête-1-01',624,,3333,260,,,0,96,,3334,550,,,0,100,,3335,550,,,0,101,,3336,550,,,0,100,,3337,550,,,0,100,,3338,550,,,0,100,,3339,550,,,0,100,,3340,550,,,0,104,,3341,620,,,0,100,,3342,620,,,0,100,,3343,620,,,0,100,,3344,620,,,0,99,,3345,620,,,0,100,,3346,620,,,0,100,,3347,620,,,0,100,,3348,620,,,0,99,,3349,620,,,0,100,,3350,620,,,0,100,,3351,620,,,0,99,,3352,620,0,13 3 14,0
100,'TM-E26-TM_GTFS-Semaine-01',551,,3353,550,,,0,70,,3381,550,,,0,30,,3379,550,,,0,70,,3371,550,,,0,30,,3380,550,,,0,70,,3359,550,,,0,30,,3376,550,,,0,70,,3360,550,,,0,100,,3361,550,,,0,100,,3362,550,,,0,100,,3363,550,,,0,100,,3364,550,,,0,100,,3365,550,,,0,100,,3366,550,,,0,30,,3377,550,,,0,71,,3367,550,,,0,30,,3378,550,,,0,70,,3369,550,,,0,30,,3357,550,,,0,70,,3368,550,,,0,29,,3356,550,,,0,69,,3370,550,,,0,30,,3358,550,,,0,70,,3372,550,,,0,100,,3382,550,,,0,100,,3383,550,,,0,100,,3373,550,,,0,100,,3374,550,,,0,100,,3375,550,0,13 3 14,0
100,'TM-E26-TM_GTFS-Week-end-01',624,,3384,260,,,0,96,,3385,550,,,0,100,,3386,550,,,0,101,,3387,550,,,0,100,,3388,550,,,0,100,,3389,550,,,0,100,,3390,550,,,0,100,,3391,550,,,0,104,,3392,620,,,0,100,,3393,620,,,0,100,,3394,620,,,0,100,,3395,620,,,0,99,,3396,620,,,0,100,,3397,620,,,0,100,,3398,620,,,0,100,,3399,620,,,0,99,,3400,620,,,0,100,,3401,620,,,0,100,,3402,620,,,0,99,,3403,620,0,13 3 14,0
1400,'TM-E26-TM_GTFS-Fête-1-01',637,,3710,280,,,0,100,,3715,280,,,0,99,,3713,280,,,0,99,,3727,280,,,0,99,,3722,280,,,0,100,,3720,280,,,0,99,,3723,280,,,0,100,,3721,280,,,0,100,,3724,280,,,0,102,,3728,280,,,0,100,,3725,280,,,0,100,,3729,280,,,0,100,,3726,280,,,0,100,,3712,280,,,0,100,,3716,280,,,0,100,,3719,280,,,0,100,,3717,280,,,0,102,,3714,280,,,0,100,,3718,280,,,0,100,,3711,280,,,0
1400,'TM-E26-TM_GTFS-Semaine-01',526,,3745,280,,,0,31,,3738,280,,,0,71,,3746,280,,,0,31,,3751,280,,,0,67,,3739,280,,,0,30,,3747,280,,,0,70,,3737,280,,,0,32,,3740,280,,,0,70,,3748,280,,,0,72,,3741,280,,,0,100,,3752,280,,,0,100,,3754,280,,,0,100,,3753,280,,,0,100,,3730,280,,,0,100,,3735,280,,,0,100,,3731,280,,,0,30,,3749,280,,,0,70,,3736,280,,,0,30,,3732,280,,,0,70,,3755,280,,,0,32,,3742,280,,,0,70,,3733,280,,,0,102,,3756,280,,,0,101,,3734,280,,,0,100,,3743,280,,,0,101,,3750,280,,,0,101,,3744,280,,,0,99,,3757,280,,,0
1400,'TM-E26-TM_GTFS-Week-end-01',637,,3758,280,,,0,100,,3763,280,,,0,99,,3761,280,,,0,99,,3775,280,,,0,99,,3770,280,,,0,100,,3768,280,,,0,99,,3771,280,,,0,100,,3769,280,,,0,100,,3772,280,,,0,102,,3776,280,,,0,100,,3773,280,,,0,100,,3777,280,,,0,100,,3774,280,,,0,100,,3760,280,,,0,100,,3764,280,,,0,100,,3767,280,,,0,100,,3765,280,,,0,102,,3762,280,,,0,100,,3766,280,,,0,100,,3759,280,,,0
1701,'TM-E26-TM_GTFS-Fête-1-01',627,,3917,490,,,0,100,,3908,490,,,0,100,,3899,490,,,0,100,,3909,490,,,0,100,,3900,490,,,0,100,,3910,490,,,0,100,,3901,490,,,0,100,,3911,490,,,0,100,,3902,490,,,0,100,,3912,490,,,0,100,,3903,490,,,0,100,,3913,490,,,0,100,,3904,490,,,0,100,,3914,490,,,0,100,,3905,490,,,0,100,,3915,490,,,0,100,,3906,490,,,0,100,,3916,490,,,0,100,,3907,490,,,0
1701,'TM-E26-TM_GTFS-Semaine-01',527,,3921,490,,,0,102,,3930,490,,,0,93,,3922,490,,,0,105,,3931,490,,,0,99,,3923,490,,,0,99,,3932,490,,,0,100,,3924,490,,,0,100,,3933,490,,,0,100,,3925,490,,,0,100,,3934,490,,,0,101,,3926,490,,,0,100,,3935,490,,,0,104,,3927,490,,,0,99,,3918,490,,,0,95,,3928,490,,,0,100,,3919,490,,,0,100,,3929,490,,,0,100,,3920,490,,,0,100,,3936,490,,,0,100,,3937,490,,,0
1701,'TM-E26-TM_GTFS-Week-end-01',627,,3956,490,,,0,100,,3947,490,,,0,100,,3938,490,,,0,100,,3948,490,,,0,100,,3939,490,,,0,100,,3949,490,,,0,100,,3940,490,,,0,100,,3950,490,,,0,100,,3941,490,,,0,100,,3951,490,,,0,100,,3942,490,,,0,100,,3952,490,,,0,100,,3943,490,,,0,100,,3953,490,,,0,100,,3944,490,,,0,100,,3954,490,,,0,100,,3945,490,,,0,100,,3955,490,,,0,100,,3946,490,,,0
2000002400,'TM-E26-TM_GTFS-Semaine-01',548,,4654,70,4,,0,86,,4655,70,4,,0,100,,4656,70,4,,0,483,,4657,70,4,,0
