100,'TM-H26-TM_GTFS-Fête-1-01',627,,1144,310,,,0,96,,1145,600,,,0,100,,1146,600,,,0,101,,1147,600,,,0,100,,1148,600,,,0,100,,1149,600,,,0,100,,1150,600,,,0,100,,1151,600,,,0,104,,1152,670,,,0,100,,1153,670,,,0,100,,1154,670,,,0,100,,1155,670,,,0,99,,1156,670,,,0,100,,1157,670,,,0,99,,1158,670,,,0,100,,1159,670,,,0,99,,1160,670,,,0,100,,1161,670,,,0,100,,1162,670,,,0,100,,1163,670,0,16 1 13 3 7 17 18,0
100,'TM-H26-TM_GTFS-Fête-2-02',555,,1164,600,,,0,70,,1192,600,,,0,30,,1190,600,,,0,70,,1182,600,,,0,30,,1191,600,,,0,70,,1170,600,,,0,30,,1187,600,,,0,70,,1171,600,,,0,100,,1172,600,,,0,100,,1173,600,,,0,100,,1174,600,,,0,100,,1175,600,,,0,100,,1176,600,,,0,100,,1177,600,,,0,30,,1188,600,,,0,71,,1178,600,,,0,30,,1189,600,,,0,70,,1180,600,,,0,28,,1168,600,,,0,70,,1179,600,,,0,29,,1167,600,,,0,69,,1181,600,,,0,30,,1169,600,,,0,70,,1183,600,,,0,100,,1193,600,,,0,100,,1194,600,,,0,100,,1184,600,,,0,100,,1185,600,,,0,100,,1186,600,0,16 1 13 3 7 17 18,0
100,'TM-H26-TM_GTFS-Semaine-02',555,,1195,600,,,0,70,,1223,600,,,0,30,,1221,600,,,0,70,,1213,600,,,0,30,,1222,600,,,0,70,,1201,600,,,0,30,,1218,600,,,0,70,,1202,600,,,0,100,,1203,600,,,0,100,,1204,600,,,0,100,,1205,600,,,0,100,,1206,600,,,0,100,,1207,600,,,0,100,,1208,600,,,0,30,,1219,600,,,0,71,,1209,600,,,0,30,,1220,600,,,0,70,,1211,600,,,0,28,,1199,600,,,0,70,,1210,600,,,0,29,,1198,600,,,0,69,,1212,600,,,0,30,,1200,600,,,0,70,,1214,600,,,0,100,,1224,600,,,0,100,,1225,600,,,0,100,,1215,600,,,0,100,,1216,600,,,0,100,,1217,600,0,16 1 13 3 7 17 18,0
100,'TM-H26-TM_GTFS-Week-end-02',627,,1226,310,,,0,96,,1227,600,,,0,100,,1228,600,,,0,101,,1229,600,,,0,100,,1230,600,,,0,100,,1231,600,,,0,100,,1232,600,,,0,100,,1233,600,,,0,104,,1234,670,,,0,100,,1235,670,,,0,100,,1236,670,,,0,100,,1237,670,,,0,99,,1238,670,,,0,100,,1239,670,,,0,99,,1240,670,,,0,100,,1241,670,,,0,99,,1242,670,,,0,100,,1243,670,,,0,100,,1244,670,,,0,100,,1245,670,0,16 1 13 3 7 17 18,0
1400,'TM-H26-TM_GTFS-Fête-1-01',639,,1700,330,0,8 5,0,100,,1705,330,0,8 5,0,99,,1703,330,0,8 5,0,99,,1717,330,0,8 5,0,99,,1712,330,0,8 5,0,100,,1710,330,0,8 5,0,99,,1713,330,0,8 5,0,100,,1711,330,0,8 5,0,100,,1714,330,0,8 5,0,102,,1718,330,0,8 5,0,100,,1715,330,0,8 5,0,100,,1719,330,0,8 5,0,100,,1716,330,0,8 5,0,100,,1702,330,0,8 5,0,100,,1706,330,0,8 5,0,100,,1709,330,0,8 5,0,100,,1707,330,0,8 5,0,101,,1704,330,0,8 5,0,100,,1708,330,0,8 5,0,100,,1701,330,0,8 5,0
1400,'TM-H26-TM_GTFS-Fête-2-02',529,,1750,330,0,8 5,0,71,,1735,330,0,8 5,0,31,,1751,330,0,8 5,0,72,,1760,330,0,8 5,0,27,,1737,330,0,8 5,0,70,,1753,330,0,8 5,0,30,,1733,330,0,8 5,0,71,,1739,330,0,8 5,0,30,,1755,330,0,8 5,0,72,,1741,330,0,8 5,0,100,,1761,330,0,8 5,0,100,,1765,330,0,8 5,0,100,,1763,330,0,8 5,0,100,,1720,330,0,8 5,0,100,,1730,330,0,8 5,0,99,,1722,330,0,8 5,0,30,,1757,330,0,8 5,0,70,,1732,330,0,8 5,0,30,,1724,330,0,8 5,0,70,,1768,330,0,8 5,0,32,,1744,330,0,8 5,0,70,,1726,330,0,8 5,0,102,,1770,330,0,8 5,0,101,,1728,330,0,8 5,0,100,,1746,330,0,8 5,0,100,,1758,330,0,8 5,0,101,,1748,330,0,8 5,0,99,,1772,330,0,8 5,0
1400,'TM-H26-TM_GTFS-Semaine-02',529,,1805,330,0,8 5,0,71,,1790,330,0,8 5,0,31,,1806,330,0,8 5,0,72,,1815,330,0,8 5,0,27,,1792,330,0,8 5,0,70,,1808,330,0,8 5,0,30,,1788,330,0,8 5,0,71,,1794,330,0,8 5,0,30,,1810,330,0,8 5,0,72,,1796,330,0,8 5,0,100,,1816,330,0,8 5,0,100,,1820,330,0,8 5,0,100,,1818,330,0,8 5,0,100,,1775,330,0,8 5,0,100,,1785,330,0,8 5,0,99,,1777,330,0,8 5,0,30,,1812,330,0,8 5,0,70,,1787,330,0,8 5,0,30,,1779,330,0,8 5,0,70,,1823,330,0,8 5,0,32,,1799,330,0,8 5,0,70,,1781,330,0,8 5,0,102,,1825,330,0,8 5,0,101,,1783,330,0,8 5,0,100,,1801,330,0,8 5,0,100,,1813,330,0,8 5,0,101,,1803,330,0,8 5,0,99,,1827,330,0,8 5,0
1400,'TM-H26-TM_GTFS-Week-end-02',639,,1830,330,0,8 5,0,100,,1835,330,0,8 5,0,99,,1833,330,0,8 5,0,99,,1847,330,0,8 5,0,99,,1842,330,0,8 5,0,100,,1840,330,0,8 5,0,99,,1843,330,0,8 5,0,100,,1841,330,0,8 5,0,100,,1844,330,0,8 5,0,102,,1848,330,0,8 5,0,100,,1845,330,0,8 5,0,100,,1849,330,0,8 5,0,100,,1846,330,0,8 5,0,100,,1832,330,0,8 5,0,100,,1836,330,0,8 5,0,100,,1839,330,0,8 5,0,100,,1837,330,0,8 5,0,101,,1834,330,0,8 5,0,100,,1838,330,0,8 5,0,100,,1831,330,0,8 5,0
1701,'TM-H26-TM_GTFS-Fête-1-01',629,,1982,540,,,0,101,,1973,540,,,0,100,,1964,540,,,0,100,,1974,540,,,0,100,,1965,540,,,0,100,,1975,540,,,0,100,,1966,540,,,0,100,,1976,540,,,0,100,,1967,540,,,0,100,,1977,540,,,0,100,,1968,540,,,0,99,,1978,540,,,0,100,,1969,540,,,0,100,,1979,540,,,0,99,,1970,540,,,0,100,,1980,540,,,0,100,,1971,540,,,0,100,,1981,540,,,0,100,,1972,540,,,0
1701,'TM-H26-TM_GTFS-Fête-2-02',530,,1986,540,,,0,102,,1995,540,,,0,94,,1987,540,,,0,104,,1996,540,,,0,99,,1988,540,,,0,99,,1997,540,,,0,100,,1989,540,,,0,100,,1998,540,,,0,100,,1990,540,,,0,100,,1999,540,,,0,101,,1991,540,,,0,100,,2000,540,,,0,104,,1992,540,,,0,97,,1983,540,,,0,95,,1993,540,,,0,100,,1984,540,,,0,100,,1994,540,,,0,100,,1985,540,,,0,100,,2001,540,,,0,100,,2002,540,,,0
1701,'TM-H26-TM_GTFS-Semaine-02',530,,2006,540,,,0,102,,2015,540,,,0,94,,2007,540,,,0,104,,2016,540,,,0,99,,2008,540,,,0,99,,2017,540,,,0,100,,2009,540,,,0,100,,2018,540,,,0,100,,2010,540,,,0,100,,2019,540,,,0,101,,2011,540,,,0,100,,2020,540,,,0,104,,2012,540,,,0,97,,2003,540,,,0,95,,2013,540,,,0,100,,2004,540,,,0,100,,2014,540,,,0,100,,2005,540,,,0,100,,2021,540,,,0,100,,2022,540,,,0
1701,'TM-H26-TM_GTFS-Week-end-02',629,,2041,540,,,0,101,,2032,540,,,0,100,,2023,540,,,0,100,,2033,540,,,0,100,,2024,540,,,0,100,,2034,540,,,0,100,,2025,540,,,0,100,,2035,540,,,0,100,,2026,540,,,0,100,,2036,540,,,0,100,,2027,540,,,0,99,,2037,540,,,0,100,,2028,540,,,0,100,,2038,540,,,0,99,,2029,540,,,0,100,,2039,540,,,0,100,,2030,540,,,0,100,,2040,540,,,0,100,,2031,540,,,0
1800,'TM-H26-TM_GTFS-Fête-1-01',722,,2045,460,,,0,100,,2046,460,,,0,100,,2047,460,,,0,399,,2048,460,,,0,201,,2042,460,,,0,100,,2043,460,,,0,100,,2044,460,,,0,299,,2049,460,,,0
1800,'TM-H26-TM_GTFS-Fête-2-02',552,,2050,150,,,0,102,,2059,460,,,0,100,,2051,460,,,0,70,,2055,460,,,0,29,,2052,460,,,0,170,,2056,460,,,0,200,,2057,460,,,0,200,,2058,460,,,0,129,,2053,460,,,0,100,,2062,460,,,0,100,,2063,460,,,0,71,,2060,200,,,0,98,,2061,460,,,0,200,,2054,460,,,0
1800,'TM-H26-TM_GTFS-Semaine-02',552,,2064,150,,,0,102,,2073,460,,,0,100,,2065,460,,,0,70,,2069,460,,,0,29,,2066,460,,,0,170,,2070,460,,,0,200,,2071,460,,,0,200,,2072,460,,,0,129,,2067,460,,,0,100,,2076,460,,,0,100,,2077,460,,,0,71,,2074,200,,,0,98,,2075,460,,,0,200,,2068,460,,,0
1800,'TM-H26-TM_GTFS-Week-end-02',722,,2081,460,,,0,100,,2082,460,,,0,100,,2083,460,,,0,399,,2084,460,,,0,201,,2078,460,,,0,100,,2079,460,,,0,100,,2080,460,,,0,299,,2085,460,,,0
2201,'TM-H26-TM_GTFS-Semaine-02',1151,,2623,90,,,0,149,,2624,90,,,0,151,,2628,90,,,0,154,,2625,90,,,0,116,,2626,90,,,0,100,,2627,90,,,0
