4000,'TM-H26-TM_GTFS-Fête-1-01',712,,3930,,,0,396,,3931,,,0,500,,3932,,,0
4000,'TM-H26-TM_GTFS-Week-end-02',712,,3933,,,0,396,,3934,,,0,500,,3935,,,0
4001,'TM-H26-TM_GTFS-Fête-1-01',804,,3936,,,0,400,,3937,,,0,499,,3938,,,0
4001,'TM-H26-TM_GTFS-Week-end-02',804,,3939,,,0,400,,3940,,,0,499,,3941,,,0
14000,'TM-H26-TM_GTFS-Fête-2-02',514,,3958,,,0,40,,3950,,,0,60,,3952,,,0,20,,3961,,,0,20,,3948,,,0,60,,3957,,,0,25,,3959,,,0,71,,3956,,,0,390,,3960,,,0,108,,3954,,,0,219,,3953,,,0,189,,3951,,,0,135,,3955,,,0,293,,3949,,,0
14000,'TM-H26-TM_GTFS-Semaine-02',514,,3972,,,0,40,,3964,,,0,60,,3966,,,0,20,,3975,,,0,20,,3962,,,0,60,,3971,,,0,25,,3973,,,0,71,,3970,,,0,390,,3974,,,0,108,,3968,,,0,219,,3967,,,0,189,,3965,,,0,135,,3969,,,0,293,,3963,,,0
14001,'TM-H26-TM_GTFS-Fête-2-02',633,,3987,,,0,106,,3982,,,0,97,,3986,,,0,470,,3984,,,0,208,,3979,,,0,97,,3983,,,0,42,,3981,,,0,67,,3985,,,0,30,,3988,,,0,80,,3976,,,0,70,,3980,,,0,58,,3977,,,0,292,,3978,,,0
14001,'TM-H26-TM_GTFS-Semaine-02',633,,4000,,,0,106,,3995,,,0,97,,3999,,,0,470,,3997,,,0,208,,3992,,,0,97,,3996,,,0,42,,3994,,,0,67,,3998,,,0,30,,4001,,,0,80,,3989,,,0,70,,3993,,,0,58,,3990,,,0,292,,3991,,,0
3001100,'TM-H26-TM_GTFS-Semaine-02',703,,4206,,,0
3001101,'TM-H26-TM_GTFS-Semaine-02',1659,,4207,,,0,99,,4208,,,0
