200,'TM-E26-TM_GTFS-Fête-1-01',734,,3404,670,,,0,206,,3405,670,,,0,200,,3406,670,,,0,200,,3407,670,,,0,200,,3408,670,,,0,195,,3409,670,,,0,198,,3410,670,,,0,200,,3411,670,,,0,200,,3412,670,,,0
200,'TM-E26-TM_GTFS-Semaine-01',606,,3415,480,,,0,27,,3432,650,,,0,72,,3426,650,,,0,30,,3433,650,,,0,74,,3427,650,,,0,30,,3434,650,,,0,70,,3428,650,,,0,130,,3422,650,,,0,200,,3423,650,,,0,200,,3424,650,0,8 7,0,100,,3421,650,,,0,105,,3430,650,,,0,70,,3429,650,,,0,30,,3431,650,,,0,70,,3425,650,,,0,96,,3414,650,,,0,130,,3420,650,,,0,93,,3417,650,,,0,99,,3416,650,,,0,100,,3418,650,,,0
200,'TM-E26-TM_GTFS-Week-end-01',734,,3435,670,,,0,206,,3436,670,,,0,200,,3437,670,,,0,200,,3438,670,,,0,200,,3439,670,,,0,195,,3440,670,,,0,198,,3441,670,,,0,200,,3442,670,,,0,200,,3443,670,,,0
1400,'TM-E26-TM_GTFS-Fête-1-01',644,,3710,400,,,0,100,,3715,400,,,0,99,,3713,400,,,0,100,,3727,400,,,0,100,,3722,400,,,0,100,,3720,400,,,0,99,,3723,400,,,0,100,,3721,400,,,0,100,,3724,400,,,0,100,,3728,400,,,0,100,,3725,400,,,0,100,,3729,400,,,0,100,,3726,400,,,0,100,,3712,400,,,0,100,,3716,400,,,0,100,,3719,400,,,0,100,,3717,400,,,0,101,,3714,400,,,0,100,,3718,400,,,0,100,,3711,400,,,0
1400,'TM-E26-TM_GTFS-Semaine-01',535,,3745,400,,,0,72,,3738,400,,,0,31,,3746,400,,,0,72,,3751,400,,,0,28,,3739,400,,,0,70,,3747,400,,,0,30,,3737,400,,,0,70,,3740,400,,,0,30,,3748,400,,,0,72,,3741,400,,,0,100,,3752,400,,,0,100,,3754,400,,,0,100,,3753,400,,,0,100,,3730,400,,,0,100,,3735,400,,,0,100,,3731,400,,,0,30,,3749,400,,,0,70,,3736,400,,,0,30,,3732,400,,,0,70,,3755,400,,,0,30,,3742,400,,,0,70,,3733,400,,,0,102,,3756,400,,,0,101,,3734,400,,,0,100,,3743,400,,,0,99,,3750,400,,,0,101,,3744,400,,,0,99,,3757,400,,,0
1400,'TM-E26-TM_GTFS-Week-end-01',644,,3758,400,,,0,100,,3763,400,,,0,99,,3761,400,,,0,100,,3775,400,,,0,100,,3770,400,,,0,100,,3768,400,,,0,99,,3771,400,,,0,100,,3769,400,,,0,100,,3772,400,,,0,100,,3776,400,,,0,100,,3773,400,,,0,100,,3777,400,,,0,100,,3774,400,,,0,100,,3760,400,,,0,100,,3764,400,,,0,100,,3767,400,,,0,100,,3765,400,,,0,101,,3762,400,,,0,100,,3766,400,,,0,100,,3759,400,,,0
1701,'TM-E26-TM_GTFS-Fête-1-01',635,,3917,610,,,0,101,,3908,610,,,0,100,,3899,610,,,0,100,,3909,610,,,0,101,,3900,610,,,0,100,,3910,610,,,0,100,,3901,610,,,0,100,,3911,610,,,0,100,,3902,610,,,0,100,,3912,610,,,0,99,,3903,610,,,0,99,,3913,610,,,0,100,,3904,610,,,0,100,,3914,610,,,0,99,,3905,610,,,0,100,,3915,610,,,0,99,,3906,610,,,0,100,,3916,610,,,0,100,,3907,610,,,0
1701,'TM-E26-TM_GTFS-Semaine-01',535,,3921,610,,,0,103,,3930,610,,,0,94,,3922,610,,,0,104,,3931,610,,,0,100,,3923,610,,,0,99,,3932,610,,,0,100,,3924,610,,,0,100,,3933,610,,,0,100,,3925,610,,,0,100,,3934,610,,,0,101,,3926,610,,,0,100,,3935,610,,,0,103,,3927,610,,,0,96,,3918,610,,,0,95,,3928,610,,,0,100,,3919,610,,,0,100,,3929,610,,,0,100,,3920,610,,,0,100,,3936,610,,,0,100,,3937,610,,,0
1701,'TM-E26-TM_GTFS-Week-end-01',635,,3956,610,,,0,101,,3947,610,,,0,100,,3938,610,,,0,100,,3948,610,,,0,101,,3939,610,,,0,100,,3949,610,,,0,100,,3940,610,,,0,100,,3950,610,,,0,100,,3941,610,,,0,100,,3951,610,,,0,99,,3942,610,,,0,99,,3952,610,,,0,100,,3943,610,,,0,100,,3953,610,,,0,99,,3944,610,,,0,100,,3954,610,,,0,99,,3945,610,,,0,100,,3955,610,,,0,100,,3946,610,,,0
2301,'TM-E26-TM_GTFS-Semaine-01',806,,4313,180,,,0,102,,4316,180,,,0,800,,4314,180,,,0,133,,4315,180,,,0
