1100,'TM-H26-TM_GTFS-Fête-1-01',618,,2558,,,0,100,,2568,,,0,100,,2559,,,0,100,,2560,,,0,100,,2569,,,0,101,,2561,,,0,100,,2570,,,0,100,,2562,,,0,100,,2571,,,0,100,,2563,,,0,100,,2572,,,0,100,,2564,,,0,100,,2573,,,0,100,,2565,,,0,100,,2574,,,0,99,,2566,,,0,100,,2575,,,0,100,,2567,,,0,100,,2576,,,0,100,,2577,,,0
1100,'TM-H26-TM_GTFS-Fête-2-02',547,,2578,,,0,70,,2600,,,0,30,,2589,,,0,70,,2585,,,0,30,,2579,,,0,70,,2601,,,0,30,,2590,,,0,71,,2593,,,0,100,,2597,,,0,100,,2594,,,0,100,,2598,,,0,100,,2595,,,0,101,,2599,,,0,100,,2606,,,0,30,,2586,,,0,70,,2588,,,0,30,,2591,,,0,70,,2580,,,0,30,,2587,,,0,70,,2602,,,0,30,,2592,,,0,69,,2581,,,0,28,,2596,,,0,70,,2603,,,0,100,,2582,,,0,100,,2604,,,0,100,,2583,,,0,100,,2605,,,0,100,,2584,,,0
1100,'TM-H26-TM_GTFS-Semaine-02',547,,2607,,,0,70,,2629,,,0,30,,2618,,,0,70,,2614,,,0,30,,2608,,,0,70,,2630,,,0,30,,2619,,,0,71,,2622,,,0,100,,2626,,,0,100,,2623,,,0,100,,2627,,,0,100,,2624,,,0,101,,2628,,,0,100,,2635,,,0,30,,2615,,,0,70,,2617,,,0,30,,2620,,,0,70,,2609,,,0,30,,2616,,,0,70,,2631,,,0,30,,2621,,,0,69,,2610,,,0,28,,2625,,,0,70,,2632,,,0,100,,2611,,,0,100,,2633,,,0,100,,2612,,,0,100,,2634,,,0,100,,2613,,,0
1100,'TM-H26-TM_GTFS-Week-end-02',618,,2636,,,0,100,,2646,,,0,100,,2637,,,0,100,,2638,,,0,100,,2647,,,0,101,,2639,,,0,100,,2648,,,0,100,,2640,,,0,100,,2649,,,0,100,,2641,,,0,100,,2650,,,0,100,,2642,,,0,100,,2651,,,0,100,,2643,,,0,100,,2652,,,0,99,,2644,,,0,100,,2653,,,0,100,,2645,,,0,100,,2654,,,0,100,,2655,,,0
4000,'TM-H26-TM_GTFS-Fête-1-01',718,,3930,,,0,396,,3931,,,0,500,,3932,,,0
4000,'TM-H26-TM_GTFS-Week-end-02',718,,3933,,,0,396,,3934,,,0,500,,3935,,,0
14001,'TM-H26-TM_GTFS-Fête-2-02',639,,3987,,,0,106,,3982,,,0,97,,3986,,,0,470,,3984,,,0,208,,3979,,,0,97,,3983,,,0,42,,3981,,,0,67,,3985,,,0,30,,3988,,,0,80,,3976,,,0,70,,3980,,,0,96,,3977,,,0,252,,3978,,,0
14001,'TM-H26-TM_GTFS-Semaine-02',639,,4000,,,0,106,,3995,,,0,97,,3999,,,0,470,,3997,,,0,208,,3992,,,0,97,,3996,,,0,42,,3994,,,0,67,,3998,,,0,30,,4001,,,0,80,,3989,,,0,70,,3993,,,0,96,,3990,,,0,252,,3991,,,0
2000001201,'TM-H26-TM_GTFS-Fête-2-02',806,,4241,,,0,100,,4242,,,0,315,,4243,,,0
2000001201,'TM-H26-TM_GTFS-Semaine-02',806,,4244,,,0,100,,4245,,,0,315,,4246,,,0
