300,'TM-E26-TM_GTFS-Fête-1-01',632,,3445,530,,,0,201,,3446,650,,,0,208,,3447,650,,,0,200,,3448,650,,,0,200,,3449,650,,,0,195,,3450,650,,,0,197,,3451,650,,,0,199,,3452,650,,,0,200,,3453,650,,,0,198,,3454,650,,,0
300,'TM-E26-TM_GTFS-Semaine-01',539,,3456,520,,,0,99,,3457,640,,,0,70,,3473,640,,,0,31,,3467,640,,,0,70,,3472,640,,,0,32,,3466,640,,,0,100,,3461,640,,,0,200,,3462,640,,,0,200,,3463,640,,,0,171,,3465,640,,,0,105,,3464,640,,,0,99,,3470,640,,,0,28,,3469,640,,,0,66,,3471,640,,,0,30,,3468,640,,,0,95,,3455,640,,,0,167,,3458,640,,,0,100,,3459,640,,,0,227,,3460,640,,,0
300,'TM-E26-TM_GTFS-Week-end-01',632,,3474,530,,,0,201,,3475,650,,,0,208,,3476,650,,,0,200,,3477,650,,,0,200,,3478,650,,,0,195,,3479,650,,,0,197,,3480,650,,,0,199,,3481,650,,,0,200,,3482,650,,,0,198,,3483,650,,,0
400,'TM-E26-TM_GTFS-Semaine-01',1700,,3488,420,,,0,50,,3484,420,,,0,100,,3485,420,,,0,294,,3486,420,,,0,275,,3487,420,,,0
401,'TM-E26-TM_GTFS-Semaine-01',607,,3490,490,,,0,101,,3492,490,,,0,100,,3491,490,,,0,101,,3489,490,,,0,1031,,3493,490,,,0
800,'TM-E26-TM_GTFS-Fête-1-01',703,,3498,220,,,0,100,,3499,220,,,0,100,,3500,220,,,0,101,,3501,220,,,0,100,,3502,220,,,0,100,,3503,220,,,0,100,,3504,220,,,0,100,,3505,220,,,0,100,,3506,220,,,0,100,,3507,220,,,0,100,,3508,220,,,0,99,,3509,220,,,0,100,,3510,220,,,0,100,,3511,220,,,0,100,,3512,220,,,0,100,,3513,220,,,0,100,,3514,220,,,0,100,,3515,220,,,0,99,,3516,220,0,16,0
800,'TM-E26-TM_GTFS-Semaine-01',603,,3528,220,,,0,102,,3523,220,,,0,100,,3519,220,,,0,100,,3520,220,,,0,100,,3526,220,,,0,100,,3527,220,,,0,100,,3517,220,,,0,100,,3518,220,,,0,100,,3524,220,,,0,100,,3529,220,,,0,100,,3525,220,,,0,100,,3521,220,,,0,99,,3522,220,,,0,100,,3530,220,,,0,100,,3531,220,,,0,100,,3532,220,,,0,100,,3533,220,,,0,100,,3534,220,,,0,100,,3535,220,,,0,98,,3536,220,0,16,0
800,'TM-E26-TM_GTFS-Week-end-01',703,,3538,220,,,0,100,,3539,220,,,0,100,,3540,220,,,0,101,,3541,220,,,0,100,,3542,220,,,0,100,,3543,220,,,0,100,,3544,220,,,0,100,,3545,220,,,0,100,,3546,220,,,0,100,,3547,220,,,0,100,,3548,220,,,0,99,,3549,220,,,0,100,,3550,220,,,0,100,,3551,220,,,0,100,,3552,220,,,0,100,,3553,220,,,0,100,,3554,220,,,0,100,,3555,220,,,0,99,,3556,220,0,16,0
1101,'TM-E26-TM_GTFS-Fête-1-01',638,,3656,660,,,0,100,,3646,660,,,0,100,,3657,660,,,0,101,,3647,660,,,0,101,,3648,660,,,0,100,,3658,660,,,0,100,,3649,660,,,0,100,,3659,660,,,0,100,,3650,660,,,0,100,,3660,660,,,0,100,,3651,660,,,0,100,,3661,660,,,0,99,,3652,660,,,0,98,,3662,660,,,0,100,,3653,660,,,0,99,,3663,660,,,0,100,,3654,660,,,0,100,,3664,660,,,0,100,,3655,660,,,0
1101,'TM-E26-TM_GTFS-Semaine-01',607,,3674,550,,,0,30,,3670,660,,,0,70,,3665,660,,,0,30,,3685,660,,,0,70,,3675,660,,,0,30,,3678,660,,,0,100,,3686,660,,,0,101,,3679,660,,,0,102,,3682,660,,,0,100,,3680,660,,,0,100,,3683,660,,,0,100,,3681,660,,,0,97,,3684,660,,,0,70,,3676,660,,,0,32,,3690,660,,,0,70,,3671,660,,,0,31,,3673,660,,,0,69,,3677,660,,,0,29,,3666,660,,,0,69,,3672,660,,,0,30,,3687,660,,,0,103,,3667,660,,,0,99,,3688,660,,,0,100,,3668,660,,,0,99,,3689,660,,,0,101,,3669,660,,,0
1101,'TM-E26-TM_GTFS-Week-end-01',638,,3701,660,,,0,100,,3691,660,,,0,100,,3702,660,,,0,101,,3692,660,,,0,101,,3693,660,,,0,100,,3703,660,,,0,100,,3694,660,,,0,100,,3704,660,,,0,100,,3695,660,,,0,100,,3705,660,,,0,100,,3696,660,,,0,100,,3706,660,,,0,99,,3697,660,,,0,98,,3707,660,,,0,100,,3698,660,,,0,99,,3708,660,,,0,100,,3699,660,,,0,100,,3709,660,,,0,100,,3700,660,,,0
2001,'TM-E26-TM_GTFS-Fête-1-01',636,,4243,290,,,0,102,,4244,290,,,0,101,,4245,290,,,0,100,,4246,290,,,0,101,,4237,290,,,0,101,,4238,290,,,0,100,,4247,290,,,0,101,,4248,290,,,0,100,,4249,290,,,0,99,,4239,290,,,0,100,,4240,290,,,0,99,,4241,290,,,0,98,,4242,290,,,0,100,,4250,290,,,0,100,,4251,290,,,0,100,,4252,290,,,0,99,,4253,290,,,0,100,,4254,290,,,0,100,,4255,290,,,0
2001,'TM-E26-TM_GTFS-Semaine-01',538,,4260,290,,,0,101,,4261,290,,,0,70,,4257,290,,,0,30,,4262,290,,,0,72,,4281,290,,,0,30,,4263,290,,,0,70,,4279,290,,,0,30,,4264,290,,,0,100,,4265,290,,,0,101,,4256,290,,,0,100,,4266,290,,,0,100,,4273,290,,,0,100,,4274,290,,,0,99,,4275,290,,,0,100,,4276,290,,,0,64,,4277,290,,,0,30,,4258,290,,,0,70,,4278,290,,,0,30,,4267,290,,,0,71,,4280,290,,,0,28,,4259,290,,,0,105,,4268,290,,,0,99,,4269,290,,,0,97,,4270,290,,,0,100,,4271,290,,,0,100,,4272,290,,,0
2001,'TM-E26-TM_GTFS-Week-end-01',636,,4288,290,,,0,102,,4289,290,,,0,101,,4290,290,,,0,100,,4291,290,,,0,101,,4282,290,,,0,101,,4283,290,,,0,100,,4292,290,,,0,101,,4293,290,,,0,100,,4294,290,,,0,99,,4284,290,,,0,100,,4285,290,,,0,99,,4286,290,,,0,98,,4287,290,,,0,100,,4295,290,,,0,100,,4296,290,,,0,100,,4297,290,,,0,99,,4298,290,,,0,100,,4299,290,,,0,100,,4300,290,,,0
2100,'TM-E26-TM_GTFS-Semaine-01',638,,4302,380,0,5,0,94,,4301,600,0,5,0,100,,4303,600,0,5,0,100,,4304,600,0,5,0
2101,'TM-E26-TM_GTFS-Semaine-01',1640,,4307,600,0,5,0,99,,4306,600,0,5,0,100,,4305,600,0,5,0
