200,'TM-H26-TM_GTFS-Fête-1-01',716,,1246,380,,,0,205,,1247,380,,,0,200,,1248,380,,,0,200,,1249,380,,,0,200,,1250,380,,,0,196,,1251,380,,,0,199,,1252,380,,,0,200,,1253,380,,,0,200,,1254,380,,,0,198,,1255,380,0,14 1 15,0
200,'TM-H26-TM_GTFS-Fête-2-02',548,,1257,190,,,0,67,,1274,360,,,0,32,,1268,360,,,0,70,,1275,360,,,0,32,,1269,360,,,0,70,,1276,360,,,0,30,,1270,360,,,0,170,,1264,360,,,0,200,,1265,360,,,0,200,,1266,360,,,0,101,,1263,360,,,0,104,,1272,360,,,0,30,,1271,360,,,0,70,,1273,360,,,0,30,,1267,360,,,0,97,,1256,360,,,0,170,,1262,360,,,0,94,,1259,360,,,0,100,,1258,360,,,0,100,,1260,360,,,0,197,,1261,360,0,14 1 15,0
200,'TM-H26-TM_GTFS-Semaine-02',548,,1278,190,,,0,67,,1295,360,,,0,32,,1289,360,,,0,70,,1296,360,,,0,32,,1290,360,,,0,70,,1297,360,,,0,30,,1291,360,,,0,170,,1285,360,,,0,200,,1286,360,,,0,200,,1287,360,0,8 5,0,101,,1284,360,,,0,104,,1293,360,,,0,30,,1292,360,,,0,70,,1294,360,,,0,30,,1288,360,,,0,97,,1277,360,,,0,170,,1283,360,,,0,94,,1280,360,,,0,100,,1279,360,,,0,100,,1281,360,,,0,197,,1282,360,0,14 1 15,0
200,'TM-H26-TM_GTFS-Week-end-02',716,,1298,380,,,0,205,,1299,380,,,0,200,,1300,380,,,0,200,,1301,380,,,0,200,,1302,380,,,0,196,,1303,380,,,0,199,,1304,380,,,0,200,,1305,380,,,0,200,,1306,380,,,0,198,,1307,380,0,14 1 15,0
2000,'TM-H26-TM_GTFS-Fête-1-01',706,,2435,240,,,0,100,,2436,240,,,0,101,,2437,240,,,0,102,,2426,240,,,0,100,,2427,240,,,0,100,,2428,240,,,0,101,,2429,240,,,0,100,,2430,240,,,0,100,,2431,240,,,0,100,,2432,240,,,0,99,,2433,240,,,0,100,,2434,240,,,0,98,,2438,240,,,0,100,,2439,240,,,0,100,,2440,240,,,0,100,,2441,240,,,0,99,,2442,240,,,0,100,,2443,240,,,0,99,,2444,240,,,0
2000,'TM-H26-TM_GTFS-Fête-2-02',606,,2451,240,,,0,30,,2446,240,,,0,70,,2452,240,,,0,31,,2470,240,,,0,70,,2453,240,,,0,30,,2468,240,,,0,71,,2454,240,,,0,100,,2455,240,,,0,100,,2456,240,,,0,100,,2457,240,,,0,102,,2461,240,,,0,100,,2445,240,,,0,100,,2460,240,,,0,100,,2447,240,,,0,30,,2449,240,,,0,70,,2448,240,,,0,29,,2467,240,,,0,70,,2458,240,,,0,29,,2469,240,,,0,70,,2450,240,,,0,99,,2459,240,,,0,100,,2462,240,,,0,100,,2463,240,,,0,98,,2464,240,,,0,100,,2465,240,,,0,100,,2466,240,,,0
2000,'TM-H26-TM_GTFS-Semaine-02',606,,2477,240,,,0,30,,2472,240,,,0,70,,2478,240,,,0,31,,2496,240,,,0,70,,2479,240,,,0,30,,2494,240,,,0,71,,2480,240,,,0,100,,2481,240,,,0,100,,2482,240,,,0,100,,2483,240,,,0,102,,2487,240,,,0,100,,2471,240,,,0,100,,2486,240,,,0,100,,2473,240,,,0,30,,2475,240,,,0,70,,2474,240,,,0,29,,2493,240,,,0,70,,2484,240,,,0,29,,2495,240,,,0,70,,2476,240,,,0,99,,2485,240,,,0,100,,2488,240,,,0,100,,2489,240,,,0,98,,2490,240,,,0,100,,2491,240,,,0,100,,2492,240,,,0
2000,'TM-H26-TM_GTFS-Week-end-02',706,,2506,240,,,0,100,,2507,240,,,0,101,,2508,240,,,0,102,,2497,240,,,0,100,,2498,240,,,0,100,,2499,240,,,0,101,,2500,240,,,0,100,,2501,240,,,0,100,,2502,240,,,0,100,,2503,240,,,0,99,,2504,240,,,0,100,,2505,240,,,0,98,,2509,240,,,0,100,,2510,240,,,0,100,,2511,240,,,0,100,,2512,240,,,0,99,,2513,240,,,0,100,,2514,240,,,0,99,,2515,240,,,0
2100,'TM-H26-TM_GTFS-Fête-2-02',705,,2606,210,0,16 1 5,0,100,,2608,210,0,16 1 5,0,100,,2609,210,0,16 1 5,0
2100,'TM-H26-TM_GTFS-Semaine-02',705,,2610,210,0,16 1 5,0,100,,2612,210,0,16 1 5,0,100,,2613,210,0,16 1 5,0
2201,'TM-H26-TM_GTFS-Semaine-02',1205,,2623,280,,,0,109,,2624,280,,,0,193,,2628,280,,,0,118,,2625,280,,,0,113,,2626,280,,,0,96,,2627,280,,,0
