200,'TM-E26-TM_GTFS-Fête-1-01',657,,3404,100,,,0,200,,3405,100,,,0,200,,3406,100,,,0,200,,3407,100,,,0,200,,3408,100,,,0,200,,3409,100,,,0,200,,3410,100,,,0,200,,3411,100,,,0,200,,3412,100,,,0,200,,3413,100,0,12,0
200,'TM-E26-TM_GTFS-Semaine-01',557,,3432,100,,,0,70,,3426,100,,,0,30,,3433,100,,,0,70,,3427,100,,,0,30,,3434,100,,,0,70,,3428,100,,,0,130,,3422,100,,,0,200,,3423,100,,,0,200,,3424,100,0,8 7,0,101,,3421,100,,,0,100,,3430,100,,,0,70,,3429,100,,,0,30,,3431,100,,,0,70,,3425,100,,,0,100,,3414,100,,,0,130,,3420,100,,,0,98,,3417,100,,,0,100,,3416,100,,,0,100,,3418,100,,,0,200,,3419,100,0,12,0
200,'TM-E26-TM_GTFS-Week-end-01',657,,3435,100,,,0,200,,3436,100,,,0,200,,3437,100,,,0,200,,3438,100,,,0,200,,3439,100,,,0,200,,3440,100,,,0,200,,3441,100,,,0,200,,3442,100,,,0,200,,3443,100,,,0,200,,3444,100,0,12,0
401,'TM-E26-TM_GTFS-Semaine-01',547,,3490,180,,,0,100,,3492,180,,,0,100,,3491,180,,,0,101,,3489,180,,,0,1074,,3493,180,,,0
1100,'TM-E26-TM_GTFS-Fête-1-01',556,,3577,100,,,0,100,,3587,100,,,0,100,,3578,100,,,0,100,,3579,100,,,0,100,,3588,100,,,0,101,,3580,100,,,0,100,,3589,100,,,0,100,,3581,100,,,0,100,,3590,100,,,0,100,,3582,100,,,0,100,,3591,100,,,0,100,,3583,100,,,0,100,,3592,100,,,0,100,,3584,100,,,0,100,,3593,100,,,0,100,,3585,100,,,0,100,,3594,100,,,0,100,,3586,100,,,0,100,,3595,100,,,0,100,,3596,100,,,0
1100,'TM-E26-TM_GTFS-Semaine-01',526,,3597,100,,,0,30,,3619,100,,,0,70,,3608,100,,,0,30,,3604,100,,,0,70,,3598,100,,,0,30,,3620,100,,,0,70,,3609,100,,,0,31,,3612,100,,,0,100,,3616,100,,,0,100,,3613,100,,,0,100,,3617,100,,,0,100,,3614,100,,,0,101,,3618,100,,,0,100,,3625,100,,,0,70,,3605,100,,,0,30,,3607,100,,,0,70,,3610,100,,,0,30,,3599,100,,,0,70,,3606,100,,,0,30,,3621,100,,,0,70,,3611,100,,,0,29,,3600,100,,,0,69,,3615,100,,,0,30,,3622,100,,,0,100,,3601,100,,,0,100,,3623,100,,,0,100,,3602,100,,,0,100,,3624,100,,,0,100,,3603,100,,,0
1100,'TM-E26-TM_GTFS-Week-end-01',556,,3626,100,,,0,100,,3636,100,,,0,100,,3627,100,,,0,100,,3628,100,,,0,100,,3637,100,,,0,101,,3629,100,,,0,100,,3638,100,,,0,100,,3630,100,,,0,100,,3639,100,,,0,100,,3631,100,,,0,100,,3640,100,,,0,100,,3632,100,,,0,100,,3641,100,,,0,100,,3633,100,,,0,100,,3642,100,,,0,100,,3634,100,,,0,100,,3643,100,,,0,100,,3635,100,,,0,100,,3644,100,,,0,100,,3645,100,,,0
2000,'TM-E26-TM_GTFS-Fête-1-01',656,,4182,100,,,0,100,,4183,100,,,0,101,,4184,100,,,0,100,,4173,100,,,0,100,,4174,100,,,0,100,,4175,100,,,0,100,,4176,100,,,0,100,,4177,100,,,0,100,,4178,100,,,0,100,,4179,100,,,0,100,,4180,100,,,0,100,,4181,100,,,0,100,,4185,100,,,0,100,,4186,100,,,0,100,,4187,100,,,0,100,,4188,100,,,0,99,,4189,100,,,0,100,,4190,100,,,0,100,,4191,100,,,0
2000,'TM-E26-TM_GTFS-Semaine-01',557,,4198,100,,,0,70,,4193,100,,,0,30,,4199,100,,,0,70,,4217,100,,,0,30,,4200,100,,,0,70,,4215,100,,,0,30,,4201,100,,,0,100,,4202,100,,,0,100,,4203,100,,,0,100,,4204,100,,,0,101,,4208,100,,,0,100,,4192,100,,,0,100,,4207,100,,,0,100,,4194,100,,,0,70,,4196,100,,,0,30,,4195,100,,,0,69,,4214,100,,,0,30,,4205,100,,,0,70,,4216,100,,,0,30,,4197,100,,,0,100,,4206,100,,,0,100,,4209,100,,,0,100,,4210,100,,,0,99,,4211,100,,,0,100,,4212,100,,,0,100,,4213,100,,,0
2000,'TM-E26-TM_GTFS-Week-end-01',656,,4227,100,,,0,100,,4228,100,,,0,101,,4229,100,,,0,100,,4218,100,,,0,100,,4219,100,,,0,100,,4220,100,,,0,100,,4221,100,,,0,100,,4222,100,,,0,100,,4223,100,,,0,100,,4224,100,,,0,100,,4225,100,,,0,100,,4226,100,,,0,100,,4230,100,,,0,100,,4231,100,,,0,100,,4232,100,,,0,100,,4233,100,,,0,99,,4234,100,,,0,100,,4235,100,,,0,100,,4236,100,,,0
2100,'TM-E26-TM_GTFS-Semaine-01',656,,4301,100,0,5,0,100,,4303,100,0,5,0,100,,4304,100,0,5,0
2101,'TM-E26-TM_GTFS-Semaine-01',1558,,4307,100,0,5,0,100,,4306,100,0,5,0,100,,4305,100,0,5,0
