200,'TM-E26-TM_GTFS-Fête-1-01',654,,3404,20,,,0,200,,3405,20,,,0,200,,3406,20,,,0,200,,3407,20,,,0,200,,3408,20,,,0,200,,3409,20,,,0,200,,3410,20,,,0,200,,3411,20,,,0,200,,3412,20,,,0,200,,3413,20,0,12,0
200,'TM-E26-TM_GTFS-Semaine-01',554,,3432,20,,,0,70,,3426,20,,,0,30,,3433,20,,,0,70,,3427,20,,,0,30,,3434,20,,,0,70,,3428,20,,,0,130,,3422,20,,,0,200,,3423,20,,,0,200,,3424,20,0,8 7,0,100,,3421,20,,,0,100,,3430,20,,,0,70,,3429,20,,,0,30,,3431,20,,,0,70,,3425,20,,,0,100,,3414,20,,,0,130,,3420,20,,,0,100,,3417,20,,,0,100,,3416,20,,,0,100,,3418,20,,,0,200,,3419,20,0,12,0
200,'TM-E26-TM_GTFS-Week-end-01',654,,3435,20,,,0,200,,3436,20,,,0,200,,3437,20,,,0,200,,3438,20,,,0,200,,3439,20,,,0,200,,3440,20,,,0,200,,3441,20,,,0,200,,3442,20,,,0,200,,3443,20,,,0,200,,3444,20,0,12,0
400,'TM-E26-TM_GTFS-Semaine-01',1636,,3488,20,,,0,93,,3484,20,,,0,100,,3485,20,,,0,295,,3486,20,,,0,235,,3487,20,,,0
401,'TM-E26-TM_GTFS-Semaine-01',544,,3490,100,,,0,100,,3492,100,,,0,100,,3491,100,,,0,101,,3489,100,,,0,1074,,3493,100,,,0
800,'TM-E26-TM_GTFS-Fête-1-01',624,,3497,250,,,0,99,,3498,550,,,0,100,,3499,550,,,0,100,,3500,550,,,0,101,,3501,550,,,0,100,,3502,550,,,0,100,,3503,550,,,0,100,,3504,550,,,0,100,,3505,550,,,0,100,,3506,550,,,0,100,,3507,550,,,0,100,,3508,550,,,0,99,,3509,550,,,0,100,,3510,550,,,0,100,,3511,550,,,0,100,,3512,550,,,0,100,,3513,550,,,0,100,,3514,550,,,0,100,,3515,550,,,0
800,'TM-E26-TM_GTFS-Semaine-01',624,,3528,550,,,0,102,,3523,550,,,0,100,,3519,550,,,0,99,,3520,550,,,0,100,,3526,550,,,0,100,,3527,550,,,0,100,,3517,550,,,0,100,,3518,550,,,0,100,,3524,550,,,0,102,,3529,550,,,0,100,,3525,550,,,0,100,,3521,550,,,0,97,,3522,550,,,0,100,,3530,550,,,0,100,,3531,550,,,0,100,,3532,550,,,0,100,,3533,550,,,0,100,,3534,550,,,0,99,,3535,550,,,0
800,'TM-E26-TM_GTFS-Week-end-01',624,,3537,250,,,0,99,,3538,550,,,0,100,,3539,550,,,0,100,,3540,550,,,0,101,,3541,550,,,0,100,,3542,550,,,0,100,,3543,550,,,0,100,,3544,550,,,0,100,,3545,550,,,0,100,,3546,550,,,0,100,,3547,550,,,0,100,,3548,550,,,0,99,,3549,550,,,0,100,,3550,550,,,0,100,,3551,550,,,0,100,,3552,550,,,0,100,,3553,550,,,0,100,,3554,550,,,0,100,,3555,550,,,0
1100,'TM-E26-TM_GTFS-Fête-1-01',553,,3577,20,,,0,100,,3587,20,,,0,100,,3578,20,,,0,100,,3579,20,,,0,100,,3588,20,,,0,101,,3580,20,,,0,100,,3589,20,,,0,100,,3581,20,,,0,100,,3590,20,,,0,100,,3582,20,,,0,100,,3591,20,,,0,100,,3583,20,,,0,100,,3592,20,,,0,100,,3584,20,,,0,100,,3593,20,,,0,100,,3585,20,,,0,100,,3594,20,,,0,100,,3586,20,,,0,100,,3595,20,,,0,100,,3596,20,,,0
1100,'TM-E26-TM_GTFS-Semaine-01',523,,3597,20,,,0,30,,3619,20,,,0,70,,3608,20,,,0,30,,3604,20,,,0,70,,3598,20,,,0,30,,3620,20,,,0,70,,3609,20,,,0,30,,3612,20,,,0,100,,3616,20,,,0,100,,3613,20,,,0,100,,3617,20,,,0,100,,3614,20,,,0,101,,3618,20,,,0,100,,3625,20,,,0,70,,3605,20,,,0,30,,3607,20,,,0,70,,3610,20,,,0,30,,3599,20,,,0,70,,3606,20,,,0,30,,3621,20,,,0,70,,3611,20,,,0,30,,3600,20,,,0,69,,3615,20,,,0,30,,3622,20,,,0,100,,3601,20,,,0,100,,3623,20,,,0,100,,3602,20,,,0,100,,3624,20,,,0,100,,3603,20,,,0
1100,'TM-E26-TM_GTFS-Week-end-01',553,,3626,20,,,0,100,,3636,20,,,0,100,,3627,20,,,0,100,,3628,20,,,0,100,,3637,20,,,0,101,,3629,20,,,0,100,,3638,20,,,0,100,,3630,20,,,0,100,,3639,20,,,0,100,,3631,20,,,0,100,,3640,20,,,0,100,,3632,20,,,0,100,,3641,20,,,0,100,,3633,20,,,0,100,,3642,20,,,0,100,,3634,20,,,0,100,,3643,20,,,0,100,,3635,20,,,0,100,,3644,20,,,0,100,,3645,20,,,0
2000,'TM-E26-TM_GTFS-Fête-1-01',654,,4182,20,,,0,100,,4183,20,,,0,100,,4184,20,,,0,100,,4173,20,,,0,100,,4174,20,,,0,100,,4175,20,,,0,100,,4176,20,,,0,100,,4177,20,,,0,100,,4178,20,,,0,100,,4179,20,,,0,100,,4180,20,,,0,100,,4181,20,,,0,100,,4185,20,,,0,100,,4186,20,,,0,100,,4187,20,,,0,100,,4188,20,,,0,100,,4189,20,,,0,100,,4190,20,,,0,100,,4191,20,,,0
2000,'TM-E26-TM_GTFS-Semaine-01',554,,4198,20,,,0,70,,4193,20,,,0,30,,4199,20,,,0,70,,4217,20,,,0,30,,4200,20,,,0,70,,4215,20,,,0,30,,4201,20,,,0,100,,4202,20,,,0,100,,4203,20,,,0,100,,4204,20,,,0,100,,4208,20,,,0,100,,4192,20,,,0,100,,4207,20,,,0,100,,4194,20,,,0,70,,4196,20,,,0,30,,4195,20,,,0,70,,4214,20,,,0,30,,4205,20,,,0,70,,4216,20,,,0,30,,4197,20,,,0,100,,4206,20,,,0,100,,4209,20,,,0,100,,4210,20,,,0,100,,4211,20,,,0,100,,4212,20,,,0,100,,4213,20,,,0
2000,'TM-E26-TM_GTFS-Week-end-01',654,,4227,20,,,0,100,,4228,20,,,0,100,,4229,20,,,0,100,,4218,20,,,0,100,,4219,20,,,0,100,,4220,20,,,0,100,,4221,20,,,0,100,,4222,20,,,0,100,,4223,20,,,0,100,,4224,20,,,0,100,,4225,20,,,0,100,,4226,20,,,0,100,,4230,20,,,0,100,,4231,20,,,0,100,,4232,20,,,0,100,,4233,20,,,0,100,,4234,20,,,0,100,,4235,20,,,0,100,,4236,20,,,0
2001,'TM-E26-TM_GTFS-Fête-1-01',637,,4243,300,,,0,102,,4244,300,,,0,101,,4245,300,,,0,100,,4246,300,,,0,101,,4237,300,,,0,101,,4238,300,,,0,100,,4247,300,,,0,101,,4248,300,,,0,100,,4249,300,,,0,99,,4239,300,,,0,100,,4240,300,,,0,99,,4241,300,,,0,98,,4242,300,,,0,100,,4250,300,,,0,100,,4251,300,,,0,100,,4252,300,,,0,99,,4253,300,,,0,100,,4254,300,,,0,100,,4255,300,,,0
2001,'TM-E26-TM_GTFS-Semaine-01',539,,4260,300,,,0,101,,4261,300,,,0,70,,4257,300,,,0,30,,4262,300,,,0,72,,4281,300,,,0,30,,4263,300,,,0,70,,4279,300,,,0,30,,4264,300,,,0,100,,4265,300,,,0,101,,4256,300,,,0,100,,4266,300,,,0,100,,4273,300,,,0,100,,4274,300,,,0,99,,4275,300,,,0,100,,4276,300,,,0,64,,4277,300,,,0,30,,4258,300,,,0,70,,4278,300,,,0,30,,4267,300,,,0,71,,4280,300,,,0,28,,4259,300,,,0,105,,4268,300,,,0,99,,4269,300,,,0,97,,4270,300,,,0,100,,4271,300,,,0,100,,4272,300,,,0
2001,'TM-E26-TM_GTFS-Week-end-01',637,,4288,300,,,0,102,,4289,300,,,0,101,,4290,300,,,0,100,,4291,300,,,0,101,,4282,300,,,0,101,,4283,300,,,0,100,,4292,300,,,0,101,,4293,300,,,0,100,,4294,300,,,0,99,,4284,300,,,0,100,,4285,300,,,0,99,,4286,300,,,0,98,,4287,300,,,0,100,,4295,300,,,0,100,,4296,300,,,0,100,,4297,300,,,0,99,,4298,300,,,0,100,,4299,300,,,0,100,,4300,300,,,0
2100,'TM-E26-TM_GTFS-Semaine-01',639,,4302,390,0,5,0,14,,4301,20,0,5,0,80,,4301,610,0,5,0,20,,4303,20,0,5,0,80,,4303,610,0,5,0,20,,4304,20,0,5,0,80,,4304,610,0,5,0
2101,'TM-E26-TM_GTFS-Semaine-01',1554,,4307,20,0,5,0,100,,4306,20,0,5,0,100,,4305,20,0,5,0
