900,'TM-H26-TM_GTFS-Fête-2-02',624,,2520,,,0,98,,2526,,,0,100,,2523,,,0,103,,2524,,,0,101,,2518,,,0,100,,2519,,,0,302,,2525,,,0,200,,2521,,,0,200,,2522,,,0
900,'TM-H26-TM_GTFS-Semaine-02',624,,2529,,,0,98,,2535,,,0,100,,2532,,,0,103,,2533,,,0,101,,2527,,,0,100,,2528,,,0,302,,2534,,,0,200,,2530,,,0,200,,2531,,,0
901,'TM-H26-TM_GTFS-Fête-2-02',739,,2546,0,9 1 10 11,0,170,,2544,0,9 1 10 11,0,99,,2545,0,9 1 10 11,0,202,,2536,,,0,100,,2537,0,9 1 10 11,0,200,,2543,,,0,101,,2538,,,0,99,,2541,,,0,100,,2540,,,0,98,,2542,,,0,300,,2539,,,0
901,'TM-H26-TM_GTFS-Semaine-02',739,,2557,0,9 1 10 11,0,170,,2555,0,9 1 10 11,0,99,,2556,0,9 1 10 11,0,202,,2547,,,0,100,,2548,0,9 1 10 11,0,200,,2554,,,0,101,,2549,,,0,99,,2552,,,0,100,,2551,,,0,98,,2553,,,0,300,,2550,,,0
1800,'TM-H26-TM_GTFS-Fête-1-01',715,,3091,,,0,100,,3092,,,0,100,,3093,,,0,400,,3094,,,0,200,,3088,,,0,100,,3089,,,0,100,,3090,,,0,300,,3095,,,0
1800,'TM-H26-TM_GTFS-Fête-2-02',545,,3096,,,0,102,,3105,,,0,100,,3097,,,0,70,,3101,,,0,29,,3098,,,0,170,,3102,,,0,200,,3103,,,0,200,,3104,,,0,130,,3099,,,0,100,,3108,,,0,100,,3109,,,0,71,,3106,,,0,98,,3107,,,0,200,,3100,,,0
1800,'TM-H26-TM_GTFS-Semaine-02',545,,3110,,,0,102,,3119,,,0,100,,3111,,,0,70,,3115,,,0,29,,3112,,,0,170,,3116,,,0,200,,3117,,,0,200,,3118,,,0,130,,3113,,,0,100,,3122,,,0,100,,3123,,,0,71,,3120,,,0,98,,3121,,,0,200,,3114,,,0
1800,'TM-H26-TM_GTFS-Week-end-02',715,,3127,,,0,100,,3128,,,0,100,,3129,,,0,400,,3130,,,0,200,,3124,,,0,100,,3125,,,0,100,,3126,,,0,300,,3131,,,0
1801,'TM-H26-TM_GTFS-Fête-2-02',623,,3134,0,5 1 6 7 5,0,100,,3135,0,5 1 6 7 5,0,93,,3143,0,5 1 6 7 5,0,107,,3136,0,5 1 6 7 5,0,200,,3137,0,5 1 6 7 5,0,200,,3138,0,5 1 6 7 5,0,200,,3139,0,5 1 6 7 5,0,104,,3133,0,5 1 6 7 5,0,100,,3141,0,5 1 6 7 5,0,96,,3140,0,5 1 6 7 5,0,197,,3132,0,5 1 6 7 5,0,200,,3142,0,5 1 6 7 5,0
1801,'TM-H26-TM_GTFS-Semaine-02',623,,3147,0,5 1 6 7 5,0,100,,3148,0,5 1 6 7 5,0,93,,3156,0,5 1 6 7 5,0,107,,3149,0,5 1 6 7 5,0,200,,3150,0,5 1 6 7 5,0,200,,3151,0,5 1 6 7 5,0,200,,3152,0,5 1 6 7 5,0,104,,3146,0,5 1 6 7 5,0,100,,3154,0,5 1 6 7 5,0,96,,3153,0,5 1 6 7 5,0,197,,3145,0,5 1 6 7 5,0,200,,3155,0,5 1 6 7 5,0
2201,'TM-H26-TM_GTFS-Semaine-02',1147,,3669,,,0,109,,3670,,,0,191,,3674,,,0,153,,3671,,,0,116,,3672,,,0,101,,3673,,,0
2701,'TM-H26-TM_GTFS-Semaine-02',836,,3779,,,0,766,,3775,,,0,103,,3776,,,0,103,,3780,,,0
2000001300,'TM-H26-TM_GTFS-Fête-2-02',1215,,4250,,,0,400,,4247,,,0,100,,4251,,,0,30,,4248,,,0,70,,4249,,,0
2000001300,'TM-H26-TM_GTFS-Semaine-02',1215,,4255,,,0,400,,4252,,,0,100,,4256,,,0,30,,4253,,,0,70,,4254,,,0
2000001500,'TM-H26-TM_GTFS-Fête-2-02',1216,,4265,,,0,400,,4266,,,0,100,,4267,,,0,100,,4268,,,0
2000001500,'TM-H26-TM_GTFS-Semaine-02',1216,,4269,,,0,400,,4270,,,0,100,,4271,,,0,100,,4272,,,0
