1400,'TM-H26-TM_GTFS-Fête-2-02',630,,2782,0,20 7 17 21,0,70,,2798,0,20 7 17 21,0,30,,2820,0,20 7 17 21,0,70,,2784,0,20 7 17 21,0,30,,2800,0,20 7 17 21,0,70,,2780,0,20 7 17 21,0,30,,2786,0,20 7 17 21,0,70,,2802,0,20 7 17 21,0,30,,2788,0,20 7 17 21,0,100,,2808,0,20 7 17 21,0,100,,2812,0,20 7 17 21,0,100,,2810,0,20 7 17 21,0,102,,2767,0,20 7 17 21,0,100,,2777,0,20 7 17 21,0,102,,2769,0,20 7 17 21,0,70,,2813,0,20 7 17 21,0,30,,2789,0,20 7 17 21,0,70,,2771,0,20 7 17 21,0,27,,2815,0,20 7 17 21,0,70,,2791,0,20 7 17 21,0,30,,2773,0,20 7 17 21,0,100,,2817,0,20 7 17 21,0,100,,2775,0,20 7 17 21,0,98,,2793,0,20 7 17 21,0,100,,2805,0,20 7 17 21,0,100,,2795,0,20 7 17 21,0,100,,2819,0,20 7 17 21,0
1400,'TM-H26-TM_GTFS-Semaine-02',630,,2837,0,20 7 17 21,0,70,,2853,0,20 7 17 21,0,30,,2875,0,20 7 17 21,0,70,,2839,0,20 7 17 21,0,30,,2855,0,20 7 17 21,0,70,,2835,0,20 7 17 21,0,30,,2841,0,20 7 17 21,0,70,,2857,0,20 7 17 21,0,30,,2843,0,20 7 17 21,0,100,,2863,0,20 7 17 21,0,100,,2867,0,20 7 17 21,0,100,,2865,0,20 7 17 21,0,102,,2822,0,20 7 17 21,0,100,,2832,0,20 7 17 21,0,102,,2824,0,20 7 17 21,0,70,,2868,0,20 7 17 21,0,30,,2844,0,20 7 17 21,0,70,,2826,0,20 7 17 21,0,27,,2870,0,20 7 17 21,0,70,,2846,0,20 7 17 21,0,30,,2828,0,20 7 17 21,0,100,,2872,0,20 7 17 21,0,100,,2830,0,20 7 17 21,0,98,,2848,0,20 7 17 21,0,100,,2860,0,20 7 17 21,0,100,,2850,0,20 7 17 21,0,100,,2874,0,20 7 17 21,0
1401,'TM-H26-TM_GTFS-Fête-1-01',757,,2901,,,0,143,,2898,,,0,101,,2912,,,0,100,,2908,,,0,100,,2906,,,0,100,,2909,,,0,101,,2907,,,0,99,,2910,,,0,100,,2913,,,0,100,,2911,,,0,100,,2896,,,0,99,,2899,,,0,100,,2897,,,0,100,,2902,,,0,57,,2905,,,0,143,,2903,,,0,59,,2900,,,0,100,,2904,,,0
1401,'TM-H26-TM_GTFS-Week-end-02',757,,2919,,,0,143,,2916,,,0,101,,2930,,,0,100,,2926,,,0,100,,2924,,,0,100,,2927,,,0,101,,2925,,,0,99,,2928,,,0,100,,2931,,,0,100,,2929,,,0,100,,2914,,,0,99,,2917,,,0,100,,2915,,,0,100,,2920,,,0,57,,2923,,,0,143,,2921,,,0,59,,2918,,,0,100,,2922,,,0
1700,'TM-H26-TM_GTFS-Fête-1-01',659,,2932,,,0,100,,2942,,,0,100,,2933,,,0,141,,2943,,,0,100,,2934,,,0,101,,2944,,,0,100,,2935,,,0,100,,2945,,,0,100,,2936,,,0,100,,2946,,,0,100,,2937,,,0,100,,2947,,,0,99,,2938,,,0,100,,2948,,,0,100,,2939,,,0,100,,2949,,,0,59,,2940,,,0,100,,2950,,,0,100,,2941,,,0
1700,'TM-H26-TM_GTFS-Fête-2-02',559,,2955,,,0,141,,2963,,,0,100,,2956,,,0,100,,2964,,,0,101,,2957,,,0,100,,2951,,,0,100,,2958,,,0,100,,2965,,,0,101,,2959,,,0,101,,2966,,,0,101,,2960,,,0,100,,2952,,,0,98,,2961,,,0,99,,2953,,,0,99,,2962,,,0,100,,2954,,,0,100,,2968,,,0,59,,2970,,,0,100,,2969,,,0,99,,2967,,,0
1700,'TM-H26-TM_GTFS-Semaine-02',559,,2975,,,0,141,,2983,,,0,100,,2976,,,0,100,,2984,,,0,101,,2977,,,0,100,,2971,,,0,100,,2978,,,0,100,,2985,,,0,101,,2979,,,0,101,,2986,,,0,101,,2980,,,0,100,,2972,,,0,98,,2981,,,0,99,,2973,,,0,99,,2982,,,0,100,,2974,,,0,100,,2988,,,0,59,,2990,,,0,100,,2989,,,0,99,,2987,,,0
1700,'TM-H26-TM_GTFS-Week-end-02',659,,2991,,,0,100,,3001,,,0,100,,2992,,,0,141,,3002,,,0,100,,2993,,,0,101,,3003,,,0,100,,2994,,,0,100,,3004,,,0,100,,2995,,,0,100,,3005,,,0,100,,2996,,,0,100,,3006,,,0,99,,2997,,,0,100,,3007,,,0,100,,2998,,,0,100,,3008,,,0,59,,2999,,,0,100,,3009,,,0,100,,3000,,,0
1801,'TM-H26-TM_GTFS-Fête-2-02',605,,3134,0,5 1 6 7 5,0,100,,3135,0,5 1 6 7 5,0,53,,3143,0,5 1 6 7 5,0,147,,3136,0,5 1 6 7 5,0,200,,3137,0,5 1 6 7 5,0,200,,3138,0,5 1 6 7 5,0,200,,3139,0,5 1 6 7 5,0,102,,3133,0,5 1 6 7 5,0,100,,3141,0,5 1 6 7 5,0,99,,3140,0,5 1 6 7 5,0,198,,3132,0,5 1 6 7 5,0,200,,3142,0,5 1 6 7 5,0
1801,'TM-H26-TM_GTFS-Semaine-02',605,,3147,0,5 1 6 7 5,0,100,,3148,0,5 1 6 7 5,0,53,,3156,0,5 1 6 7 5,0,147,,3149,0,5 1 6 7 5,0,200,,3150,0,5 1 6 7 5,0,200,,3151,0,5 1 6 7 5,0,200,,3152,0,5 1 6 7 5,0,102,,3146,0,5 1 6 7 5,0,100,,3154,0,5 1 6 7 5,0,99,,3153,0,5 1 6 7 5,0,198,,3145,0,5 1 6 7 5,0,200,,3155,0,5 1 6 7 5,0
2200,'TM-H26-TM_GTFS-Semaine-02',719,,3666,,,0,109,,3667,,,0,409,,3668,,,0
