1901,'TM-H26-TM_GTFS-Fête-1-01',637,,3315,,,0,100,,3316,,,0,100,,3317,,,0,100,,3318,,,0,100,,3319,,,0,100,,3320,,,0,101,,3321,,,0,100,,3322,,,0,100,,3323,,,0,100,,3324,,,0,100,,3325,,,0,100,,3326,,,0,99,,3327,,,0,100,,3328,,,0,100,,3329,,,0,100,,3330,,,0,100,,3331,,,0,100,,3332,,,0,100,,3333,,,0,100,,3334,,,0
1901,'TM-H26-TM_GTFS-Fête-2-02',540,,3378,,,0,65,,3336,,,0,20,,3337,,,0,79,,3345,,,0,29,,3351,,,0,13,,3377,,,0,62,,3338,,,0,13,,3335,,,0,20,,3352,,,0,71,,3370,,,0,27,,3357,,,0,70,,3371,,,0,30,,3358,,,0,70,,3372,,,0,30,,3353,,,0,70,,3346,,,0,30,,3354,,,0,70,,3347,,,0,30,,3355,,,0,70,,3348,,,0,32,,3356,,,0,72,,3349,,,0,19,,3342,,,0,71,,3375,,,0,16,,3373,,,0,16,,3379,,,0,15,,3339,,,0,52,,3365,,,0,12,,3350,,,0,12,,3340,,,0,8,,3380,,,0,12,,3341,,,0,12,,3343,,,0,52,,3381,,,0,12,,3374,,,0,10,,3382,,,0,70,,3376,,,0,35,,3344,,,0,70,,3366,,,0,30,,3359,,,0,70,,3367,,,0,30,,3360,,,0,70,,3368,,,0,30,,3361,,,0,70,,3369,,,0,30,,3362,,,0,100,,3363,,,0,103,,3364,,,0
1901,'TM-H26-TM_GTFS-Semaine-02',540,,3441,,,0,14,,3442,,,0,51,,3385,,,0,10,,3443,,,0,10,,3386,,,0,9,,3408,,,0,22,,3444,,,0,48,,3401,,,0,29,,3409,,,0,5,,3388,,,0,8,,3440,,,0,10,,3402,,,0,52,,3389,,,0,13,,3384,,,0,7,,3387,,,0,13,,3410,,,0,71,,3430,,,0,27,,3417,,,0,70,,3431,,,0,30,,3418,,,0,70,,3432,,,0,30,,3411,,,0,70,,3403,,,0,30,,3412,,,0,70,,3404,,,0,30,,3413,,,0,70,,3405,,,0,32,,3414,,,0,72,,3406,,,0,19,,3397,,,0,15,,3415,,,0,56,,3436,,,0,10,,3437,,,0,6,,3433,,,0,6,,3396,,,0,10,,3446,,,0,6,,3416,,,0,9,,3393,,,0,6,,3390,,,0,46,,3425,,,0,6,,3447,,,0,6,,3407,,,0,6,,3383,,,0,6,,3394,,,0,6,,3391,,,0,2,,3448,,,0,6,,3434,,,0,6,,3395,,,0,6,,3438,,,0,6,,3398,,,0,42,,3392,,,0,10,,3449,,,0,10,,3451,,,0,2,,3435,,,0,10,,3450,,,0,15,,3400,,,0,55,,3439,,,0,15,,3445,,,0,20,,3399,,,0,70,,3426,,,0,30,,3419,,,0,70,,3427,,,0,30,,3420,,,0,70,,3428,,,0,30,,3421,,,0,70,,3429,,,0,30,,3422,,,0,100,,3423,,,0,103,,3424,,,0
1901,'TM-H26-TM_GTFS-Week-end-02',637,,3452,,,0,100,,3453,,,0,100,,3454,,,0,100,,3455,,,0,100,,3456,,,0,100,,3457,,,0,101,,3458,,,0,100,,3459,,,0,100,,3460,,,0,100,,3461,,,0,100,,3462,,,0,100,,3463,,,0,99,,3464,,,0,100,,3465,,,0,100,,3466,,,0,100,,3467,,,0,100,,3468,,,0,100,,3469,,,0,100,,3470,,,0,100,,3471,,,0
2501,'TM-H26-TM_GTFS-Fête-2-02',704,,3733,,,0,30,,3738,,,0,101,,3740,,,0,101,,3741,,,0,70,,3742,,,0,100,,3743,,,0,100,,3744,,,0,100,,3745,,,0,134,,3746,,,0,101,,3734,,,0,67,,3747,,,0,33,,3736,,,0,67,,3735,,,0,33,,3748,,,0,68,,3737,,,0,31,,3739,,,0,66,,3749,,,0
2501,'TM-H26-TM_GTFS-Semaine-02',704,,3750,,,0,30,,3755,,,0,101,,3757,,,0,101,,3758,,,0,70,,3759,,,0,100,,3760,,,0,100,,3761,,,0,100,,3762,,,0,134,,3763,,,0,101,,3751,,,0,67,,3764,,,0,33,,3753,,,0,67,,3752,,,0,33,,3765,,,0,68,,3754,,,0,31,,3756,,,0,66,,3766,,,0
3001,'TM-H26-TM_GTFS-Fête-1-01',735,,3858,0,8 5,0,100,,3859,0,8 5,0,901,,3860,0,8 5,0,200,,3861,0,8 5,0
3001,'TM-H26-TM_GTFS-Fête-2-02',618,,3863,,,0,25,,3872,0,8 5,0,71,,3874,,,0,94,,3865,,,0,30,,3864,0,8 5,0,99,,3862,0,8 5,0,102,,3871,0,8 5,0,100,,3868,0,8 5,0,100,,3879,0,8 5,0,100,,3869,0,8 5,0,100,,3870,0,8 5,0,92,,3884,,,0,23,,3882,,,0,61,,3876,,,0,20,,3885,,,0,10,,3875,,,0,59,,3873,,,0,20,,3881,,,0,18,,3886,,,0,60,,3877,,,0,18,,3878,,,0,30,,3866,,,0,91,,3883,0,8 5,0,99,,3867,0,8 5,0,100,,3880,0,8 5,0
3001,'TM-H26-TM_GTFS-Semaine-02',618,,3889,,,0,25,,3899,0,8 5,0,60,,3925,,,0,11,,3901,,,0,9,,3888,0,8 5,0,85,,3891,,,0,30,,3890,0,8 5,0,99,,3887,0,8 5,0,102,,3898,0,8 5,0,100,,3895,0,8 5,0,100,,3912,0,8 5,0,100,,3896,0,8 5,0,100,,3897,0,8 5,0,68,,3905,0,8 5,0,24,,3922,,,0,12,,3906,,,0,11,,3916,,,0,51,,3910,,,0,10,,3907,,,0,10,,3918,,,0,10,,3904,0,8 5,0,10,,3902,,,0,9,,3917,,,0,50,,3900,,,0,10,,3921,,,0,10,,3915,,,0,10,,3903,,,0,8,,3924,,,0,10,,3920,,,0,50,,3908,,,0,8,,3913,,,0,10,,3911,,,0,15,,3909,,,0,15,,3892,,,0,54,,3893,,,0,37,,3919,0,8 5,0,99,,3894,0,8 5,0,100,,3914,0,8 5,0
3001,'TM-H26-TM_GTFS-Week-end-02',735,,3926,0,8 5,0,100,,3927,0,8 5,0,901,,3928,0,8 5,0,200,,3929,0,8 5,0
2002501,'TM-H26-TM_GTFS-Fête-1-01',741,,4172,,,0,98,,4154,,,0,100,,4156,,,0,100,,4161,,,0,100,,4160,,,0,100,,4158,,,0,100,,4157,,,0,100,,4155,,,0,100,,4159,,,0,100,,4162,,,0,100,,4163,,,0,100,,4165,,,0,100,,4166,,,0,100,,4164,,,0,100,,4171,,,0,100,,4168,,,0,100,,4167,,,0,100,,4169,,,0,100,,4170,,,0
2002501,'TM-H26-TM_GTFS-Fête-2-02',1939,,4174,,,0,100,,4175,,,0,100,,4176,,,0,100,,4177,,,0,100,,4178,,,0,100,,4179,,,0,95,,4173,,,0
2002501,'TM-H26-TM_GTFS-Semaine-02',1939,,4181,,,0,100,,4182,,,0,100,,4183,,,0,100,,4184,,,0,100,,4185,,,0,100,,4186,,,0,95,,4180,,,0
2002501,'TM-H26-TM_GTFS-Week-end-02',741,,4205,,,0,98,,4187,,,0,100,,4189,,,0,100,,4194,,,0,100,,4193,,,0,100,,4191,,,0,100,,4190,,,0,100,,4188,,,0,100,,4192,,,0,100,,4195,,,0,100,,4196,,,0,100,,4198,,,0,100,,4199,,,0,100,,4197,,,0,100,,4204,,,0,100,,4201,,,0,100,,4200,,,0,100,,4202,,,0,100,,4203,,,0
