1400,'TM-H26-TM_GTFS-Fête-2-02',635,,1736,170,0,20 7 17 21,0,71,,1752,170,0,20 7 17 21,0,30,,1774,170,0,20 7 17 21,0,70,,1738,170,0,20 7 17 21,0,30,,1754,170,0,20 7 17 21,0,70,,1734,170,0,20 7 17 21,0,30,,1740,170,0,20 7 17 21,0,70,,1756,170,0,20 7 17 21,0,30,,1742,170,0,20 7 17 21,0,100,,1762,170,0,20 7 17 21,0,100,,1766,170,0,20 7 17 21,0,100,,1764,170,0,20 7 17 21,0,102,,1721,170,0,20 7 17 21,0,100,,1731,170,0,20 7 17 21,0,103,,1723,170,0,20 7 17 21,0,70,,1767,170,0,20 7 17 21,0,30,,1743,170,0,20 7 17 21,0,70,,1725,170,0,20 7 17 21,0,24,,1769,170,0,20 7 17 21,0,70,,1745,170,0,20 7 17 21,0,30,,1727,170,0,20 7 17 21,0,100,,1771,170,0,20 7 17 21,0,100,,1729,170,0,20 7 17 21,0,97,,1747,170,0,20 7 17 21,0,100,,1759,170,0,20 7 17 21,0,100,,1749,170,0,20 7 17 21,0,100,,1773,170,0,20 7 17 21,0
1400,'TM-H26-TM_GTFS-Semaine-02',635,,1791,170,0,20 7 17 21,0,71,,1807,170,0,20 7 17 21,0,30,,1829,170,0,20 7 17 21,0,70,,1793,170,0,20 7 17 21,0,30,,1809,170,0,20 7 17 21,0,70,,1789,170,0,20 7 17 21,0,30,,1795,170,0,20 7 17 21,0,70,,1811,170,0,20 7 17 21,0,30,,1797,170,0,20 7 17 21,0,100,,1817,170,0,20 7 17 21,0,100,,1821,170,0,20 7 17 21,0,100,,1819,170,0,20 7 17 21,0,102,,1776,170,0,20 7 17 21,0,100,,1786,170,0,20 7 17 21,0,103,,1778,170,0,20 7 17 21,0,70,,1822,170,0,20 7 17 21,0,30,,1798,170,0,20 7 17 21,0,70,,1780,170,0,20 7 17 21,0,24,,1824,170,0,20 7 17 21,0,70,,1800,170,0,20 7 17 21,0,30,,1782,170,0,20 7 17 21,0,100,,1826,170,0,20 7 17 21,0,100,,1784,170,0,20 7 17 21,0,97,,1802,170,0,20 7 17 21,0,100,,1814,170,0,20 7 17 21,0,100,,1804,170,0,20 7 17 21,0,100,,1828,170,0,20 7 17 21,0
1401,'TM-H26-TM_GTFS-Fête-1-01',800,,1855,170,,,0,103,,1852,170,,,0,101,,1866,170,,,0,101,,1862,170,,,0,101,,1860,170,,,0,100,,1863,170,,,0,101,,1861,170,,,0,100,,1864,170,,,0,100,,1867,170,,,0,99,,1865,170,,,0,100,,1850,170,,,0,99,,1853,170,,,0,99,,1851,170,,,0,100,,1856,170,,,0,97,,1859,170,,,0,103,,1857,170,,,0,99,,1854,170,,,0,100,,1858,170,,,0
1401,'TM-H26-TM_GTFS-Week-end-02',800,,1873,170,,,0,103,,1870,170,,,0,101,,1884,170,,,0,101,,1880,170,,,0,101,,1878,170,,,0,100,,1881,170,,,0,101,,1879,170,,,0,100,,1882,170,,,0,100,,1885,170,,,0,99,,1883,170,,,0,100,,1868,170,,,0,99,,1871,170,,,0,99,,1869,170,,,0,100,,1874,170,,,0,97,,1877,170,,,0,103,,1875,170,,,0,99,,1872,170,,,0,100,,1876,170,,,0
1700,'TM-H26-TM_GTFS-Fête-1-01',702,,1886,170,,,0,100,,1896,170,,,0,101,,1887,170,,,0,101,,1897,170,,,0,100,,1888,170,,,0,101,,1898,170,,,0,100,,1889,170,,,0,101,,1899,170,,,0,100,,1890,170,,,0,100,,1900,170,,,0,100,,1891,170,,,0,99,,1901,170,,,0,99,,1892,170,,,0,100,,1902,170,,,0,100,,1893,170,,,0,100,,1903,170,,,0,99,,1894,170,,,0,99,,1904,170,,,0,100,,1895,170,,,0
1700,'TM-H26-TM_GTFS-Fête-2-02',603,,1909,170,,,0,101,,1917,170,,,0,100,,1910,170,,,0,100,,1918,170,,,0,101,,1911,170,,,0,100,,1905,170,,,0,100,,1912,170,,,0,100,,1919,170,,,0,101,,1913,170,,,0,102,,1920,170,,,0,103,,1914,170,,,0,100,,1906,170,,,0,96,,1915,170,,,0,98,,1907,170,,,0,99,,1916,170,,,0,100,,1908,170,,,0,100,,1922,170,,,0,99,,1924,170,,,0,100,,1923,170,,,0,98,,1921,170,,,0
1700,'TM-H26-TM_GTFS-Semaine-02',603,,1929,170,,,0,101,,1937,170,,,0,100,,1930,170,,,0,100,,1938,170,,,0,101,,1931,170,,,0,100,,1925,170,,,0,100,,1932,170,,,0,100,,1939,170,,,0,101,,1933,170,,,0,102,,1940,170,,,0,103,,1934,170,,,0,100,,1926,170,,,0,96,,1935,170,,,0,98,,1927,170,,,0,99,,1936,170,,,0,100,,1928,170,,,0,100,,1942,170,,,0,99,,1944,170,,,0,100,,1943,170,,,0,98,,1941,170,,,0
1700,'TM-H26-TM_GTFS-Week-end-02',702,,1945,170,,,0,100,,1955,170,,,0,101,,1946,170,,,0,101,,1956,170,,,0,100,,1947,170,,,0,101,,1957,170,,,0,100,,1948,170,,,0,101,,1958,170,,,0,100,,1949,170,,,0,100,,1959,170,,,0,100,,1950,170,,,0,99,,1960,170,,,0,99,,1951,170,,,0,100,,1961,170,,,0,100,,1952,170,,,0,100,,1962,170,,,0,99,,1953,170,,,0,99,,1963,170,,,0,100,,1954,170,,,0
2000001500,'TM-H26-TM_GTFS-Fête-2-02',1227,,3219,100,,,0,400,,3220,100,,,0,100,,3221,100,,,0,100,,3222,100,,,0
2000001500,'TM-H26-TM_GTFS-Semaine-02',1227,,3223,100,,,0,400,,3224,100,,,0,100,,3225,100,,,0,100,,3226,100,,,0
