100,'TM-H26-TM_GTFS-Fête-1-01',629,,2190,,,0,96,,2191,,,0,100,,2192,,,0,101,,2193,,,0,100,,2194,,,0,100,,2195,,,0,100,,2196,,,0,100,,2197,,,0,104,,2198,,,0,100,,2199,,,0,100,,2200,,,0,100,,2201,,,0,99,,2202,,,0,100,,2203,,,0,99,,2204,,,0,100,,2205,,,0,99,,2206,,,0,100,,2207,,,0,100,,2208,,,0,100,,2209,4,,0
100,'TM-H26-TM_GTFS-Fête-2-02',459,,2211,,,0,70,,2212,,,0,28,,2210,,,0,70,,2238,,,0,30,,2236,,,0,70,,2228,,,0,30,,2237,,,0,70,,2216,,,0,30,,2233,,,0,70,,2217,,,0,100,,2218,,,0,100,,2219,,,0,100,,2220,,,0,100,,2221,,,0,100,,2222,,,0,100,,2223,,,0,30,,2234,,,0,71,,2224,,,0,30,,2235,,,0,70,,2226,,,0,28,,2214,,,0,70,,2225,,,0,29,,2213,,,0,69,,2227,,,0,30,,2215,,,0,70,,2229,,,0,100,,2239,,,0,100,,2240,,,0,100,,2230,,,0,100,,2231,,,0,100,,2232,4,,0
100,'TM-H26-TM_GTFS-Semaine-02',459,,2242,,,0,70,,2243,,,0,28,,2241,,,0,70,,2269,,,0,30,,2267,,,0,70,,2259,,,0,30,,2268,,,0,70,,2247,,,0,30,,2264,,,0,70,,2248,,,0,100,,2249,,,0,100,,2250,,,0,100,,2251,,,0,100,,2252,,,0,100,,2253,,,0,100,,2254,,,0,30,,2265,,,0,71,,2255,,,0,30,,2266,,,0,70,,2257,,,0,28,,2245,,,0,70,,2256,,,0,29,,2244,,,0,69,,2258,,,0,30,,2246,,,0,70,,2260,,,0,100,,2270,,,0,100,,2271,,,0,100,,2261,,,0,100,,2262,,,0,100,,2263,4,,0
100,'TM-H26-TM_GTFS-Week-end-02',629,,2272,,,0,96,,2273,,,0,100,,2274,,,0,101,,2275,,,0,100,,2276,,,0,100,,2277,,,0,100,,2278,,,0,100,,2279,,,0,104,,2280,,,0,100,,2281,,,0,100,,2282,,,0,100,,2283,,,0,99,,2284,,,0,100,,2285,,,0,99,,2286,,,0,100,,2287,,,0,99,,2288,,,0,100,,2289,,,0,100,,2290,,,0,100,,2291,4,,0
1400,'TM-H26-TM_GTFS-Fête-1-01',640,,2746,0,8 5,0,100,,2751,0,8 5,0,99,,2749,0,8 5,0,99,,2763,0,8 5,0,99,,2758,0,8 5,0,100,,2756,0,8 5,0,99,,2759,0,8 5,0,100,,2757,0,8 5,0,100,,2760,0,8 5,0,102,,2764,0,8 5,0,100,,2761,0,8 5,0,100,,2765,0,8 5,0,100,,2762,0,8 5,0,100,,2748,0,8 5,0,100,,2752,0,8 5,0,100,,2755,0,8 5,0,100,,2753,0,8 5,0,101,,2750,0,8 5,0,100,,2754,0,8 5,0,100,,2747,0,8 5,0
1400,'TM-H26-TM_GTFS-Fête-2-02',530,,2796,0,8 5,0,71,,2781,0,8 5,0,31,,2797,0,8 5,0,72,,2806,0,8 5,0,27,,2783,0,8 5,0,70,,2799,0,8 5,0,30,,2779,0,8 5,0,71,,2785,0,8 5,0,30,,2801,0,8 5,0,72,,2787,0,8 5,0,100,,2807,0,8 5,0,100,,2811,0,8 5,0,100,,2809,0,8 5,0,100,,2766,0,8 5,0,100,,2776,0,8 5,0,99,,2768,0,8 5,0,30,,2803,0,8 5,0,70,,2778,0,8 5,0,30,,2770,0,8 5,0,70,,2814,0,8 5,0,32,,2790,0,8 5,0,70,,2772,0,8 5,0,102,,2816,0,8 5,0,101,,2774,0,8 5,0,100,,2792,0,8 5,0,100,,2804,0,8 5,0,101,,2794,0,8 5,0,99,,2818,0,8 5,0
1400,'TM-H26-TM_GTFS-Semaine-02',530,,2851,0,8 5,0,71,,2836,0,8 5,0,31,,2852,0,8 5,0,72,,2861,0,8 5,0,27,,2838,0,8 5,0,70,,2854,0,8 5,0,30,,2834,0,8 5,0,71,,2840,0,8 5,0,30,,2856,0,8 5,0,72,,2842,0,8 5,0,100,,2862,0,8 5,0,100,,2866,0,8 5,0,100,,2864,0,8 5,0,100,,2821,0,8 5,0,100,,2831,0,8 5,0,99,,2823,0,8 5,0,30,,2858,0,8 5,0,70,,2833,0,8 5,0,30,,2825,0,8 5,0,70,,2869,0,8 5,0,32,,2845,0,8 5,0,70,,2827,0,8 5,0,102,,2871,0,8 5,0,101,,2829,0,8 5,0,100,,2847,0,8 5,0,100,,2859,0,8 5,0,101,,2849,0,8 5,0,99,,2873,0,8 5,0
1400,'TM-H26-TM_GTFS-Week-end-02',640,,2876,0,8 5,0,100,,2881,0,8 5,0,99,,2879,0,8 5,0,99,,2893,0,8 5,0,99,,2888,0,8 5,0,100,,2886,0,8 5,0,99,,2889,0,8 5,0,100,,2887,0,8 5,0,100,,2890,0,8 5,0,102,,2894,0,8 5,0,100,,2891,0,8 5,0,100,,2895,0,8 5,0,100,,2892,0,8 5,0,100,,2878,0,8 5,0,100,,2882,0,8 5,0,100,,2885,0,8 5,0,100,,2883,0,8 5,0,101,,2880,0,8 5,0,100,,2884,0,8 5,0,100,,2877,0,8 5,0
1701,'TM-H26-TM_GTFS-Fête-1-01',630,,3028,,,0,101,,3019,,,0,100,,3010,,,0,100,,3020,,,0,100,,3011,,,0,100,,3021,,,0,100,,3012,,,0,100,,3022,,,0,100,,3013,,,0,100,,3023,,,0,100,,3014,,,0,99,,3024,,,0,100,,3015,,,0,100,,3025,,,0,99,,3016,,,0,100,,3026,,,0,100,,3017,,,0,100,,3027,,,0,100,,3018,,,0
1701,'TM-H26-TM_GTFS-Fête-2-02',531,,3032,,,0,102,,3041,,,0,94,,3033,,,0,104,,3042,,,0,99,,3034,,,0,99,,3043,,,0,100,,3035,,,0,100,,3044,,,0,100,,3036,,,0,100,,3045,,,0,101,,3037,,,0,100,,3046,,,0,104,,3038,,,0,97,,3029,,,0,95,,3039,,,0,100,,3030,,,0,100,,3040,,,0,100,,3031,,,0,100,,3047,,,0,100,,3048,,,0
1701,'TM-H26-TM_GTFS-Semaine-02',531,,3052,,,0,102,,3061,,,0,94,,3053,,,0,104,,3062,,,0,99,,3054,,,0,99,,3063,,,0,100,,3055,,,0,100,,3064,,,0,100,,3056,,,0,100,,3065,,,0,101,,3057,,,0,100,,3066,,,0,104,,3058,,,0,97,,3049,,,0,95,,3059,,,0,100,,3050,,,0,100,,3060,,,0,100,,3051,,,0,100,,3067,,,0,100,,3068,,,0
1701,'TM-H26-TM_GTFS-Week-end-02',630,,3087,,,0,101,,3078,,,0,100,,3069,,,0,100,,3079,,,0,100,,3070,,,0,100,,3080,,,0,100,,3071,,,0,100,,3081,,,0,100,,3072,,,0,100,,3082,,,0,100,,3073,,,0,99,,3083,,,0,100,,3074,,,0,100,,3084,,,0,99,,3075,,,0,100,,3085,,,0,100,,3076,,,0,100,,3086,,,0,100,,3077,,,0
1800,'TM-H26-TM_GTFS-Fête-1-01',723,,3091,,,0,100,,3092,,,0,100,,3093,,,0,399,,3094,,,0,201,,3088,,,0,100,,3089,,,0,100,,3090,,,0,299,,3095,,,0
1800,'TM-H26-TM_GTFS-Fête-2-02',553,,3096,,,0,102,,3105,,,0,100,,3097,,,0,70,,3101,,,0,29,,3098,,,0,170,,3102,,,0,200,,3103,,,0,200,,3104,,,0,129,,3099,,,0,100,,3108,,,0,100,,3109,,,0,71,,3106,,,0,98,,3107,,,0,200,,3100,,,0
1800,'TM-H26-TM_GTFS-Semaine-02',553,,3110,,,0,102,,3119,,,0,100,,3111,,,0,70,,3115,,,0,29,,3112,,,0,170,,3116,,,0,200,,3117,,,0,200,,3118,,,0,129,,3113,,,0,100,,3122,,,0,100,,3123,,,0,71,,3120,,,0,98,,3121,,,0,200,,3114,,,0
1800,'TM-H26-TM_GTFS-Week-end-02',723,,3127,,,0,100,,3128,,,0,100,,3129,,,0,399,,3130,,,0,201,,3124,,,0,100,,3125,,,0,100,,3126,,,0,299,,3131,,,0
2301,'TM-H26-TM_GTFS-Fête-2-02',759,,3689,,,0,142,,3692,,,0,356,,3694,,,0,200,,3693,,,0,243,,3690,,,0,135,,3691,,,0
2301,'TM-H26-TM_GTFS-Semaine-02',759,,3695,,,0,142,,3698,,,0,356,,3700,,,0,200,,3699,,,0,243,,3696,,,0,135,,3697,,,0
