1400,'TM-H26-TM_GTFS-Fête-1-01',623,,2746,0,8 5,0,100,,2751,0,8 5,0,98,,2749,0,8 5,0,99,,2763,0,8 5,0,99,,2758,0,8 5,0,100,,2756,0,8 5,0,100,,2759,0,8 5,0,100,,2757,0,8 5,0,100,,2760,0,8 5,0,102,,2764,0,8 5,0,100,,2761,0,8 5,0,100,,2765,0,8 5,0,100,,2762,0,8 5,0,99,,2748,0,8 5,0,100,,2752,0,8 5,0,100,,2755,0,8 5,0,101,,2753,0,8 5,0,102,,2750,0,8 5,0,100,,2754,0,8 5,0,100,,2747,0,8 5,0
1400,'TM-H26-TM_GTFS-Fête-2-02',510,,2796,0,8 5,0,30,,2781,0,8 5,0,70,,2797,0,8 5,0,30,,2806,0,8 5,0,67,,2783,0,8 5,0,32,,2799,0,8 5,0,70,,2779,0,8 5,0,34,,2785,0,8 5,0,70,,2801,0,8 5,0,32,,2787,0,8 5,0,100,,2807,0,8 5,0,100,,2811,0,8 5,0,100,,2809,0,8 5,0,100,,2766,0,8 5,0,100,,2776,0,8 5,0,101,,2768,0,8 5,0,70,,2803,0,8 5,0,30,,2778,0,8 5,0,70,,2770,0,8 5,0,30,,2814,0,8 5,0,72,,2790,0,8 5,0,30,,2772,0,8 5,0,102,,2816,0,8 5,0,101,,2774,0,8 5,0,100,,2792,0,8 5,0,102,,2804,0,8 5,0,101,,2794,0,8 5,0,99,,2818,0,8 5,0
1400,'TM-H26-TM_GTFS-Semaine-02',510,,2851,0,8 5,0,30,,2836,0,8 5,0,70,,2852,0,8 5,0,30,,2861,0,8 5,0,67,,2838,0,8 5,0,32,,2854,0,8 5,0,70,,2834,0,8 5,0,34,,2840,0,8 5,0,70,,2856,0,8 5,0,32,,2842,0,8 5,0,100,,2862,0,8 5,0,100,,2866,0,8 5,0,100,,2864,0,8 5,0,100,,2821,0,8 5,0,100,,2831,0,8 5,0,101,,2823,0,8 5,0,70,,2858,0,8 5,0,30,,2833,0,8 5,0,70,,2825,0,8 5,0,30,,2869,0,8 5,0,72,,2845,0,8 5,0,30,,2827,0,8 5,0,102,,2871,0,8 5,0,101,,2829,0,8 5,0,100,,2847,0,8 5,0,102,,2859,0,8 5,0,101,,2849,0,8 5,0,99,,2873,0,8 5,0
1400,'TM-H26-TM_GTFS-Week-end-02',623,,2876,0,8 5,0,100,,2881,0,8 5,0,98,,2879,0,8 5,0,99,,2893,0,8 5,0,99,,2888,0,8 5,0,100,,2886,0,8 5,0,100,,2889,0,8 5,0,100,,2887,0,8 5,0,100,,2890,0,8 5,0,102,,2894,0,8 5,0,100,,2891,0,8 5,0,100,,2895,0,8 5,0,100,,2892,0,8 5,0,99,,2878,0,8 5,0,100,,2882,0,8 5,0,100,,2885,0,8 5,0,101,,2883,0,8 5,0,102,,2880,0,8 5,0,100,,2884,0,8 5,0,100,,2877,0,8 5,0
1701,'TM-H26-TM_GTFS-Fête-1-01',612,,3028,,,0,100,,3019,,,0,100,,3010,,,0,100,,3020,,,0,100,,3011,,,0,100,,3021,,,0,100,,3012,,,0,100,,3022,,,0,100,,3013,,,0,100,,3023,,,0,100,,3014,,,0,100,,3024,,,0,100,,3015,,,0,100,,3025,,,0,100,,3016,,,0,100,,3026,,,0,100,,3017,,,0,100,,3027,,,0,100,,3018,,,0
1701,'TM-H26-TM_GTFS-Fête-2-02',510,,3032,,,0,100,,3041,,,0,94,,3033,,,0,106,,3042,,,0,100,,3034,,,0,100,,3043,,,0,100,,3035,,,0,100,,3044,,,0,100,,3036,,,0,100,,3045,,,0,100,,3037,,,0,100,,3046,,,0,104,,3038,,,0,100,,3029,,,0,95,,3039,,,0,100,,3030,,,0,100,,3040,,,0,100,,3031,,,0,100,,3047,,,0,100,,3048,,,0
1701,'TM-H26-TM_GTFS-Semaine-02',510,,3052,,,0,100,,3061,,,0,94,,3053,,,0,106,,3062,,,0,100,,3054,,,0,100,,3063,,,0,100,,3055,,,0,100,,3064,,,0,100,,3056,,,0,100,,3065,,,0,100,,3057,,,0,100,,3066,,,0,104,,3058,,,0,100,,3049,,,0,95,,3059,,,0,100,,3050,,,0,100,,3060,,,0,100,,3051,,,0,100,,3067,,,0,100,,3068,,,0
1701,'TM-H26-TM_GTFS-Week-end-02',612,,3087,,,0,100,,3078,,,0,100,,3069,,,0,100,,3079,,,0,100,,3070,,,0,100,,3080,,,0,100,,3071,,,0,100,,3081,,,0,100,,3072,,,0,100,,3082,,,0,100,,3073,,,0,100,,3083,,,0,100,,3074,,,0,100,,3084,,,0,100,,3075,,,0,100,,3085,,,0,100,,3076,,,0,100,,3086,,,0,100,,3077,,,0
41700,'TM-H26-TM_GTFS-Fête-2-02',540,,4003,,,0,73,,4005,,,0,40,,4002,,,0,99,,4004,,,0
41700,'TM-H26-TM_GTFS-Semaine-02',540,,4007,,,0,73,,4009,,,0,40,,4006,,,0,99,,4008,,,0
2000001501,'TM-H26-TM_GTFS-Fête-2-02',703,,4273,,,0,110,,4274,,,0,90,,4275,,,0,315,,4276,,,0
2000001501,'TM-H26-TM_GTFS-Semaine-02',703,,4277,,,0,110,,4278,,,0,90,,4279,,,0,315,,4280,,,0
2000041700,'TM-H26-TM_GTFS-Fête-2-02',1257,,4375,,,0
2000041700,'TM-H26-TM_GTFS-Semaine-02',1257,,4376,,,0
