300,'TM-E26-TM_GTFS-Fête-1-01',630,,3445,480,,,0,201,,3446,600,,,0,207,,3447,600,,,0,200,,3448,600,,,0,200,,3449,600,,,0,197,,3450,600,,,0,197,,3451,600,,,0,199,,3452,600,,,0,200,,3453,600,,,0,198,,3454,600,,,0
300,'TM-E26-TM_GTFS-Semaine-01',537,,3456,470,,,0,98,,3457,590,,,0,70,,3473,590,,,0,31,,3467,590,,,0,70,,3472,590,,,0,32,,3466,590,,,0,100,,3461,590,,,0,200,,3462,590,,,0,200,,3463,590,,,0,171,,3465,590,,,0,105,,3464,590,,,0,99,,3470,590,,,0,28,,3469,590,,,0,66,,3471,590,,,0,30,,3468,590,,,0,95,,3455,590,,,0,168,,3458,590,,,0,100,,3459,590,,,0,227,,3460,590,,,0
300,'TM-E26-TM_GTFS-Week-end-01',630,,3474,480,,,0,201,,3475,600,,,0,207,,3476,600,,,0,200,,3477,600,,,0,200,,3478,600,,,0,197,,3479,600,,,0,197,,3480,600,,,0,199,,3481,600,,,0,200,,3482,600,,,0,198,,3483,600,,,0
400,'TM-E26-TM_GTFS-Semaine-01',1657,,3488,370,,,0,91,,3484,370,,,0,100,,3485,370,,,0,294,,3486,370,,,0,275,,3487,370,,,0
401,'TM-E26-TM_GTFS-Semaine-01',605,,3490,440,,,0,100,,3492,440,,,0,100,,3491,440,,,0,101,,3489,440,,,0,1031,,3493,440,,,0
800,'TM-E26-TM_GTFS-Fête-1-01',701,,3498,170,,,0,100,,3499,170,,,0,100,,3500,170,,,0,100,,3501,170,,,0,100,,3502,170,,,0,100,,3503,170,,,0,100,,3504,170,,,0,100,,3505,170,,,0,100,,3506,170,,,0,100,,3507,170,,,0,100,,3508,170,,,0,100,,3509,170,,,0,100,,3510,170,,,0,100,,3511,170,,,0,100,,3512,170,,,0,100,,3513,170,,,0,100,,3514,170,,,0,100,,3515,170,,,0,99,,3516,170,0,16,0
800,'TM-E26-TM_GTFS-Semaine-01',601,,3528,170,,,0,101,,3523,170,,,0,100,,3519,170,,,0,100,,3520,170,,,0,100,,3526,170,,,0,100,,3527,170,,,0,100,,3517,170,,,0,100,,3518,170,,,0,100,,3524,170,,,0,100,,3529,170,,,0,100,,3525,170,,,0,100,,3521,170,,,0,99,,3522,170,,,0,100,,3530,170,,,0,100,,3531,170,,,0,100,,3532,170,,,0,100,,3533,170,,,0,100,,3534,170,,,0,100,,3535,170,,,0,99,,3536,170,0,16,0
800,'TM-E26-TM_GTFS-Week-end-01',701,,3538,170,,,0,100,,3539,170,,,0,100,,3540,170,,,0,100,,3541,170,,,0,100,,3542,170,,,0,100,,3543,170,,,0,100,,3544,170,,,0,100,,3545,170,,,0,100,,3546,170,,,0,100,,3547,170,,,0,100,,3548,170,,,0,100,,3549,170,,,0,100,,3550,170,,,0,100,,3551,170,,,0,100,,3552,170,,,0,100,,3553,170,,,0,100,,3554,170,,,0,100,,3555,170,,,0,99,,3556,170,0,16,0
1101,'TM-E26-TM_GTFS-Fête-1-01',636,,3656,610,,,0,100,,3646,610,,,0,100,,3657,610,,,0,101,,3647,610,,,0,101,,3648,610,,,0,100,,3658,610,,,0,100,,3649,610,,,0,100,,3659,610,,,0,100,,3650,610,,,0,100,,3660,610,,,0,100,,3651,610,,,0,100,,3661,610,,,0,99,,3652,610,,,0,98,,3662,610,,,0,100,,3653,610,,,0,99,,3663,610,,,0,100,,3654,610,,,0,100,,3664,610,,,0,100,,3655,610,,,0
1101,'TM-E26-TM_GTFS-Semaine-01',605,,3674,500,,,0,30,,3670,610,,,0,70,,3665,610,,,0,30,,3685,610,,,0,70,,3675,610,,,0,30,,3678,610,,,0,100,,3686,610,,,0,100,,3679,610,,,0,102,,3682,610,,,0,100,,3680,610,,,0,100,,3683,610,,,0,100,,3681,610,,,0,97,,3684,610,,,0,70,,3676,610,,,0,32,,3690,610,,,0,70,,3671,610,,,0,31,,3673,610,,,0,69,,3677,610,,,0,30,,3666,610,,,0,69,,3672,610,,,0,30,,3687,610,,,0,103,,3667,610,,,0,99,,3688,610,,,0,100,,3668,610,,,0,99,,3689,610,,,0,101,,3669,610,,,0
1101,'TM-E26-TM_GTFS-Week-end-01',636,,3701,610,,,0,100,,3691,610,,,0,100,,3702,610,,,0,101,,3692,610,,,0,101,,3693,610,,,0,100,,3703,610,,,0,100,,3694,610,,,0,100,,3704,610,,,0,100,,3695,610,,,0,100,,3705,610,,,0,100,,3696,610,,,0,100,,3706,610,,,0,99,,3697,610,,,0,98,,3707,610,,,0,100,,3698,610,,,0,99,,3708,610,,,0,100,,3699,610,,,0,100,,3709,610,,,0,100,,3700,610,,,0
2001,'TM-E26-TM_GTFS-Fête-1-01',634,,4243,240,,,0,102,,4244,240,,,0,101,,4245,240,,,0,100,,4246,240,,,0,101,,4237,240,,,0,101,,4238,240,,,0,100,,4247,240,,,0,101,,4248,240,,,0,100,,4249,240,,,0,99,,4239,240,,,0,100,,4240,240,,,0,99,,4241,240,,,0,98,,4242,240,,,0,100,,4250,240,,,0,100,,4251,240,,,0,100,,4252,240,,,0,99,,4253,240,,,0,100,,4254,240,,,0,100,,4255,240,,,0
2001,'TM-E26-TM_GTFS-Semaine-01',536,,4260,240,,,0,101,,4261,240,,,0,70,,4257,240,,,0,30,,4262,240,,,0,72,,4281,240,,,0,30,,4263,240,,,0,70,,4279,240,,,0,30,,4264,240,,,0,100,,4265,240,,,0,101,,4256,240,,,0,100,,4266,240,,,0,100,,4273,240,,,0,99,,4274,240,,,0,99,,4275,240,,,0,100,,4276,240,,,0,64,,4277,240,,,0,30,,4258,240,,,0,70,,4278,240,,,0,30,,4267,240,,,0,71,,4280,240,,,0,29,,4259,240,,,0,105,,4268,240,,,0,99,,4269,240,,,0,98,,4270,240,,,0,100,,4271,240,,,0,100,,4272,240,,,0
2001,'TM-E26-TM_GTFS-Week-end-01',634,,4288,240,,,0,102,,4289,240,,,0,101,,4290,240,,,0,100,,4291,240,,,0,101,,4282,240,,,0,101,,4283,240,,,0,100,,4292,240,,,0,101,,4293,240,,,0,100,,4294,240,,,0,99,,4284,240,,,0,100,,4285,240,,,0,99,,4286,240,,,0,98,,4287,240,,,0,100,,4295,240,,,0,100,,4296,240,,,0,100,,4297,240,,,0,99,,4298,240,,,0,100,,4299,240,,,0,100,,4300,240,,,0
2100,'TM-E26-TM_GTFS-Semaine-01',636,,4302,330,0,5,0,94,,4301,550,0,5,0,100,,4303,550,0,5,0,100,,4304,550,0,5,0
2101,'TM-E26-TM_GTFS-Semaine-01',1637,,4307,550,0,5,0,100,,4306,550,0,5,0,100,,4305,550,0,5,0
