1101,'TM-H26-TM_GTFS-Fête-1-01',557,,2666,,,0,100,,2656,,,0,100,,2667,,,0,100,,2657,,,0,100,,2658,,,0,100,,2668,,,0,100,,2659,,,0,100,,2669,,,0,100,,2660,,,0,100,,2670,,,0,100,,2661,,,0,100,,2671,,,0,100,,2662,,,0,100,,2672,,,0,100,,2663,,,0,100,,2673,,,0,100,,2664,,,0,100,,2674,,,0,100,,2665,,,0
1101,'TM-H26-TM_GTFS-Fête-2-02',554,,2680,,,0,70,,2675,,,0,30,,2695,,,0,70,,2685,,,0,30,,2688,,,0,100,,2696,,,0,97,,2689,,,0,102,,2692,,,0,100,,2690,,,0,100,,2693,,,0,100,,2691,,,0,97,,2694,,,0,70,,2686,,,0,34,,2700,,,0,70,,2681,,,0,32,,2683,,,0,69,,2687,,,0,30,,2676,,,0,69,,2682,,,0,32,,2697,,,0,103,,2677,,,0,99,,2698,,,0,101,,2678,,,0,99,,2699,,,0,101,,2679,,,0
1101,'TM-H26-TM_GTFS-Semaine-02',554,,2706,,,0,70,,2701,,,0,30,,2721,,,0,70,,2711,,,0,30,,2714,,,0,100,,2722,,,0,97,,2715,,,0,102,,2718,,,0,100,,2716,,,0,100,,2719,,,0,100,,2717,,,0,97,,2720,,,0,70,,2712,,,0,34,,2726,,,0,70,,2707,,,0,32,,2709,,,0,69,,2713,,,0,30,,2702,,,0,69,,2708,,,0,32,,2723,,,0,103,,2703,,,0,99,,2724,,,0,101,,2704,,,0,99,,2725,,,0,101,,2705,,,0
1101,'TM-H26-TM_GTFS-Week-end-02',557,,2737,,,0,100,,2727,,,0,100,,2738,,,0,100,,2728,,,0,100,,2729,,,0,100,,2739,,,0,100,,2730,,,0,100,,2740,,,0,100,,2731,,,0,100,,2741,,,0,100,,2732,,,0,100,,2742,,,0,100,,2733,,,0,100,,2743,,,0,100,,2734,,,0,100,,2744,,,0,100,,2735,,,0,100,,2745,,,0,100,,2736,,,0
4000,'TM-H26-TM_GTFS-Fête-1-01',716,,3930,,,0,396,,3931,,,0,500,,3932,,,0
4000,'TM-H26-TM_GTFS-Week-end-02',716,,3933,,,0,396,,3934,,,0,500,,3935,,,0
4001,'TM-H26-TM_GTFS-Fête-1-01',807,,3936,,,0,401,,3937,,,0,499,,3938,,,0
4001,'TM-H26-TM_GTFS-Week-end-02',807,,3939,,,0,401,,3940,,,0,499,,3941,,,0
14000,'TM-H26-TM_GTFS-Fête-2-02',519,,3958,,,0,40,,3950,,,0,60,,3952,,,0,20,,3961,,,0,20,,3948,,,0,60,,3957,,,0,25,,3959,,,0,71,,3956,,,0,389,,3960,,,0,108,,3954,,,0,219,,3953,,,0,189,,3951,,,0,135,,3955,,,0,293,,3949,,,0
14000,'TM-H26-TM_GTFS-Semaine-02',519,,3972,,,0,40,,3964,,,0,60,,3966,,,0,20,,3975,,,0,20,,3962,,,0,60,,3971,,,0,25,,3973,,,0,71,,3970,,,0,389,,3974,,,0,108,,3968,,,0,219,,3967,,,0,189,,3965,,,0,135,,3969,,,0,293,,3963,,,0
14001,'TM-H26-TM_GTFS-Fête-2-02',637,,3987,,,0,106,,3982,,,0,97,,3986,,,0,470,,3984,,,0,208,,3979,,,0,97,,3983,,,0,42,,3981,,,0,67,,3985,,,0,30,,3988,,,0,80,,3976,,,0,70,,3980,,,0,97,,3977,,,0,252,,3978,,,0
14001,'TM-H26-TM_GTFS-Semaine-02',637,,4000,,,0,106,,3995,,,0,97,,3999,,,0,470,,3997,,,0,208,,3992,,,0,97,,3996,,,0,42,,3994,,,0,67,,3998,,,0,30,,4001,,,0,80,,3989,,,0,70,,3993,,,0,97,,3990,,,0,252,,3991,,,0
3001100,'TM-H26-TM_GTFS-Semaine-02',707,,4206,,,0
2000001201,'TM-H26-TM_GTFS-Fête-2-02',805,,4241,,,0,100,,4242,,,0,315,,4243,,,0
2000001201,'TM-H26-TM_GTFS-Semaine-02',805,,4244,,,0,100,,4245,,,0,315,,4246,,,0
