200,'TM-E26-TM_GTFS-Fête-1-01',656,,3404,80,,,0,200,,3405,80,,,0,200,,3406,80,,,0,200,,3407,80,,,0,200,,3408,80,,,0,200,,3409,80,,,0,200,,3410,80,,,0,200,,3411,80,,,0,200,,3412,80,,,0,200,,3413,80,0,12,0
200,'TM-E26-TM_GTFS-Semaine-01',556,,3432,80,,,0,70,,3426,80,,,0,30,,3433,80,,,0,70,,3427,80,,,0,30,,3434,80,,,0,70,,3428,80,,,0,130,,3422,80,,,0,200,,3423,80,,,0,200,,3424,80,0,8 7,0,100,,3421,80,,,0,101,,3430,80,,,0,70,,3429,80,,,0,30,,3431,80,,,0,70,,3425,80,,,0,99,,3414,80,,,0,130,,3420,80,,,0,99,,3417,80,,,0,100,,3416,80,,,0,100,,3418,80,,,0,200,,3419,80,0,12,0
200,'TM-E26-TM_GTFS-Week-end-01',656,,3435,80,,,0,200,,3436,80,,,0,200,,3437,80,,,0,200,,3438,80,,,0,200,,3439,80,,,0,200,,3440,80,,,0,200,,3441,80,,,0,200,,3442,80,,,0,200,,3443,80,,,0,200,,3444,80,0,12,0
400,'TM-E26-TM_GTFS-Semaine-01',1638,,3488,80,,,0,93,,3484,80,,,0,100,,3485,80,,,0,295,,3486,80,,,0,275,,3487,80,,,0
401,'TM-E26-TM_GTFS-Semaine-01',546,,3490,160,,,0,100,,3492,160,,,0,100,,3491,160,,,0,101,,3489,160,,,0,1074,,3493,160,,,0
800,'TM-E26-TM_GTFS-Fête-1-01',627,,3497,310,,,0,99,,3498,610,,,0,100,,3499,610,,,0,100,,3500,610,,,0,101,,3501,610,,,0,100,,3502,610,,,0,100,,3503,610,,,0,100,,3504,610,,,0,100,,3505,610,,,0,100,,3506,610,,,0,100,,3507,610,,,0,100,,3508,610,,,0,99,,3509,610,,,0,100,,3510,610,,,0,100,,3511,610,,,0,100,,3512,610,,,0,100,,3513,610,,,0,100,,3514,610,,,0,100,,3515,610,,,0
800,'TM-E26-TM_GTFS-Semaine-01',627,,3528,610,,,0,102,,3523,610,,,0,100,,3519,610,,,0,99,,3520,610,,,0,100,,3526,610,,,0,100,,3527,610,,,0,100,,3517,610,,,0,100,,3518,610,,,0,100,,3524,610,,,0,102,,3529,610,,,0,100,,3525,610,,,0,100,,3521,610,,,0,96,,3522,610,,,0,100,,3530,610,,,0,100,,3531,610,,,0,100,,3532,610,,,0,100,,3533,610,,,0,100,,3534,610,,,0,99,,3535,610,,,0
800,'TM-E26-TM_GTFS-Week-end-01',627,,3537,310,,,0,99,,3538,610,,,0,100,,3539,610,,,0,100,,3540,610,,,0,101,,3541,610,,,0,100,,3542,610,,,0,100,,3543,610,,,0,100,,3544,610,,,0,100,,3545,610,,,0,100,,3546,610,,,0,100,,3547,610,,,0,100,,3548,610,,,0,99,,3549,610,,,0,100,,3550,610,,,0,100,,3551,610,,,0,100,,3552,610,,,0,100,,3553,610,,,0,100,,3554,610,,,0,100,,3555,610,,,0
1100,'TM-E26-TM_GTFS-Fête-1-01',555,,3577,80,,,0,100,,3587,80,,,0,100,,3578,80,,,0,100,,3579,80,,,0,100,,3588,80,,,0,101,,3580,80,,,0,100,,3589,80,,,0,100,,3581,80,,,0,100,,3590,80,,,0,100,,3582,80,,,0,100,,3591,80,,,0,100,,3583,80,,,0,100,,3592,80,,,0,100,,3584,80,,,0,100,,3593,80,,,0,100,,3585,80,,,0,100,,3594,80,,,0,100,,3586,80,,,0,100,,3595,80,,,0,100,,3596,80,,,0
1100,'TM-E26-TM_GTFS-Semaine-01',525,,3597,80,,,0,30,,3619,80,,,0,70,,3608,80,,,0,30,,3604,80,,,0,70,,3598,80,,,0,30,,3620,80,,,0,70,,3609,80,,,0,30,,3612,80,,,0,100,,3616,80,,,0,100,,3613,80,,,0,100,,3617,80,,,0,100,,3614,80,,,0,101,,3618,80,,,0,100,,3625,80,,,0,70,,3605,80,,,0,30,,3607,80,,,0,70,,3610,80,,,0,30,,3599,80,,,0,70,,3606,80,,,0,30,,3621,80,,,0,70,,3611,80,,,0,30,,3600,80,,,0,69,,3615,80,,,0,30,,3622,80,,,0,100,,3601,80,,,0,100,,3623,80,,,0,100,,3602,80,,,0,100,,3624,80,,,0,100,,3603,80,,,0
1100,'TM-E26-TM_GTFS-Week-end-01',555,,3626,80,,,0,100,,3636,80,,,0,100,,3627,80,,,0,100,,3628,80,,,0,100,,3637,80,,,0,101,,3629,80,,,0,100,,3638,80,,,0,100,,3630,80,,,0,100,,3639,80,,,0,100,,3631,80,,,0,100,,3640,80,,,0,100,,3632,80,,,0,100,,3641,80,,,0,100,,3633,80,,,0,100,,3642,80,,,0,100,,3634,80,,,0,100,,3643,80,,,0,100,,3635,80,,,0,100,,3644,80,,,0,100,,3645,80,,,0
2000,'TM-E26-TM_GTFS-Fête-1-01',656,,4182,80,,,0,100,,4183,80,,,0,100,,4184,80,,,0,100,,4173,80,,,0,100,,4174,80,,,0,100,,4175,80,,,0,100,,4176,80,,,0,100,,4177,80,,,0,100,,4178,80,,,0,100,,4179,80,,,0,100,,4180,80,,,0,100,,4181,80,,,0,100,,4185,80,,,0,100,,4186,80,,,0,100,,4187,80,,,0,100,,4188,80,,,0,100,,4189,80,,,0,100,,4190,80,,,0,100,,4191,80,,,0
2000,'TM-E26-TM_GTFS-Semaine-01',556,,4198,80,,,0,70,,4193,80,,,0,30,,4199,80,,,0,70,,4217,80,,,0,30,,4200,80,,,0,70,,4215,80,,,0,30,,4201,80,,,0,100,,4202,80,,,0,100,,4203,80,,,0,100,,4204,80,,,0,100,,4208,80,,,0,100,,4192,80,,,0,100,,4207,80,,,0,100,,4194,80,,,0,70,,4196,80,,,0,30,,4195,80,,,0,70,,4214,80,,,0,30,,4205,80,,,0,70,,4216,80,,,0,30,,4197,80,,,0,100,,4206,80,,,0,100,,4209,80,,,0,100,,4210,80,,,0,100,,4211,80,,,0,100,,4212,80,,,0,100,,4213,80,,,0
2000,'TM-E26-TM_GTFS-Week-end-01',656,,4227,80,,,0,100,,4228,80,,,0,100,,4229,80,,,0,100,,4218,80,,,0,100,,4219,80,,,0,100,,4220,80,,,0,100,,4221,80,,,0,100,,4222,80,,,0,100,,4223,80,,,0,100,,4224,80,,,0,100,,4225,80,,,0,100,,4226,80,,,0,100,,4230,80,,,0,100,,4231,80,,,0,100,,4232,80,,,0,100,,4233,80,,,0,100,,4234,80,,,0,100,,4235,80,,,0,100,,4236,80,,,0
2100,'TM-E26-TM_GTFS-Semaine-01',655,,4301,80,0,5,0,100,,4303,80,0,5,0,100,,4304,80,0,5,0
2101,'TM-E26-TM_GTFS-Semaine-01',1556,,4307,80,0,5,0,100,,4306,80,0,5,0,100,,4305,80,0,5,0
