200,'TM-H26-TM_GTFS-Fête-1-01',718,,1246,410,,,0,205,,1247,410,,,0,200,,1248,410,,,0,200,,1249,410,,,0,200,,1250,410,,,0,196,,1251,410,,,0,199,,1252,410,,,0,200,,1253,410,,,0,200,,1254,410,,,0,198,,1255,410,0,14 1 15,0
200,'TM-H26-TM_GTFS-Fête-2-02',550,,1257,220,,,0,67,,1274,390,,,0,32,,1268,390,,,0,70,,1275,390,,,0,33,,1269,390,,,0,70,,1276,390,,,0,30,,1270,390,,,0,170,,1264,390,,,0,200,,1265,390,,,0,200,,1266,390,,,0,101,,1263,390,,,0,104,,1272,390,,,0,30,,1271,390,,,0,70,,1273,390,,,0,30,,1267,390,,,0,96,,1256,390,,,0,170,,1262,390,,,0,94,,1259,390,,,0,100,,1258,390,,,0,100,,1260,390,,,0,197,,1261,390,0,14 1 15,0
200,'TM-H26-TM_GTFS-Semaine-02',550,,1278,220,,,0,67,,1295,390,,,0,32,,1289,390,,,0,70,,1296,390,,,0,33,,1290,390,,,0,70,,1297,390,,,0,30,,1291,390,,,0,170,,1285,390,,,0,200,,1286,390,,,0,200,,1287,390,0,8 5,0,101,,1284,390,,,0,104,,1293,390,,,0,30,,1292,390,,,0,70,,1294,390,,,0,30,,1288,390,,,0,96,,1277,390,,,0,170,,1283,390,,,0,94,,1280,390,,,0,100,,1279,390,,,0,100,,1281,390,,,0,197,,1282,390,0,14 1 15,0
200,'TM-H26-TM_GTFS-Week-end-02',718,,1298,410,,,0,205,,1299,410,,,0,200,,1300,410,,,0,200,,1301,410,,,0,200,,1302,410,,,0,196,,1303,410,,,0,199,,1304,410,,,0,200,,1305,410,,,0,200,,1306,410,,,0,198,,1307,410,0,14 1 15,0
2100,'TM-H26-TM_GTFS-Fête-2-02',616,,2607,20,0,16 1 5,0,91,,2606,240,0,16 1 5,0,100,,2608,240,0,16 1 5,0,100,,2609,240,0,16 1 5,0
2100,'TM-H26-TM_GTFS-Semaine-02',616,,2611,20,0,16 1 5,0,91,,2610,240,0,16 1 5,0,100,,2612,240,0,16 1 5,0,100,,2613,240,0,16 1 5,0
41701,'TM-H26-TM_GTFS-Fête-2-02',1723,,2964,120,,,0,88,,2966,120,,,0,37,,2967,120,,,0,78,,2965,120,,,0
41701,'TM-H26-TM_GTFS-Semaine-02',1723,,2968,120,,,0,88,,2970,120,,,0,37,,2971,120,,,0,78,,2969,120,,,0
2000041701,'TM-H26-TM_GTFS-Fête-2-02',1329,,3331,120,,,0
2000041701,'TM-H26-TM_GTFS-Semaine-02',1329,,3332,120,,,0
