300,'TM-H26-TM_GTFS-Fête-1-01',611,,1308,190,,,0,199,,1309,310,,,0,204,,1310,310,,,0,200,,1311,310,,,0,200,,1312,310,,,0,200,,1313,310,,,0,198,,1314,310,,,0,199,,1315,310,,,0,200,,1316,310,,,0,199,,1317,310,,,0
300,'TM-H26-TM_GTFS-Fête-2-02',516,,1319,190,,,0,96,,1320,310,,,0,30,,1336,310,,,0,71,,1330,310,,,0,30,,1335,310,,,0,71,,1329,310,,,0,100,,1324,310,,,0,201,,1325,310,,,0,200,,1326,310,,,0,130,,1328,310,,,0,105,,1327,310,,,0,97,,1333,310,,,0,68,,1332,310,,,0,30,,1334,310,,,0,70,,1331,310,,,0,97,,1318,310,,,0,128,,1321,310,,,0,100,,1322,310,,,0,269,,1323,310,,,0
300,'TM-H26-TM_GTFS-Semaine-02',516,,1338,190,,,0,96,,1339,310,,,0,30,,1355,310,,,0,71,,1349,310,,,0,30,,1354,310,,,0,71,,1348,310,,,0,100,,1343,310,,,0,201,,1344,310,,,0,200,,1345,310,,,0,130,,1347,310,,,0,105,,1346,310,,,0,97,,1352,310,,,0,68,,1351,310,,,0,30,,1353,310,,,0,70,,1350,310,,,0,97,,1337,310,,,0,128,,1340,310,,,0,100,,1341,310,,,0,269,,1342,310,,,0
300,'TM-H26-TM_GTFS-Week-end-02',611,,1356,190,,,0,199,,1357,310,,,0,204,,1358,310,,,0,200,,1359,310,,,0,200,,1360,310,,,0,200,,1361,310,,,0,198,,1362,310,,,0,199,,1363,310,,,0,200,,1364,310,,,0,199,,1365,310,,,0
2101,'TM-H26-TM_GTFS-Fête-2-02',1622,,2616,400,0,16 1 5,0,101,,2615,400,0,16 1 5,0,100,,2614,400,0,16 1 5,0
2101,'TM-H26-TM_GTFS-Semaine-02',1622,,2619,400,0,16 1 5,0,101,,2618,400,0,16 1 5,0,100,,2617,400,0,16 1 5,0
41700,'TM-H26-TM_GTFS-Fête-2-02',559,,2957,300,,,0,73,,2959,300,,,0,80,,2956,300,,,0,100,,2958,300,,,0
41700,'TM-H26-TM_GTFS-Semaine-02',559,,2961,300,,,0,73,,2963,300,,,0,80,,2960,300,,,0,100,,2962,300,,,0
2000041700,'TM-H26-TM_GTFS-Fête-2-02',1317,,3329,300,,,0
2000041700,'TM-H26-TM_GTFS-Semaine-02',1317,,3330,300,,,0
