300,'TM-E26-TM_GTFS-Fête-1-01',630,,3445,500,,,0,201,,3446,620,,,0,208,,3447,620,,,0,200,,3448,620,,,0,200,,3449,620,,,0,196,,3450,620,,,0,197,,3451,620,,,0,199,,3452,620,,,0,200,,3453,620,,,0,198,,3454,620,,,0
300,'TM-E26-TM_GTFS-Semaine-01',537,,3456,490,,,0,99,,3457,610,,,0,70,,3473,610,,,0,31,,3467,610,,,0,70,,3472,610,,,0,32,,3466,610,,,0,100,,3461,610,,,0,200,,3462,610,,,0,200,,3463,610,,,0,171,,3465,610,,,0,105,,3464,610,,,0,99,,3470,610,,,0,28,,3469,610,,,0,66,,3471,610,,,0,30,,3468,610,,,0,95,,3455,610,,,0,167,,3458,610,,,0,100,,3459,610,,,0,227,,3460,610,,,0
300,'TM-E26-TM_GTFS-Week-end-01',630,,3474,500,,,0,201,,3475,620,,,0,208,,3476,620,,,0,200,,3477,620,,,0,200,,3478,620,,,0,196,,3479,620,,,0,197,,3480,620,,,0,199,,3481,620,,,0,200,,3482,620,,,0,198,,3483,620,,,0
400,'TM-E26-TM_GTFS-Semaine-01',1658,,3488,390,,,0,91,,3484,390,,,0,100,,3485,390,,,0,294,,3486,390,,,0,275,,3487,390,,,0
401,'TM-E26-TM_GTFS-Semaine-01',605,,3490,460,,,0,101,,3492,460,,,0,100,,3491,460,,,0,101,,3489,460,,,0,1031,,3493,460,,,0
800,'TM-E26-TM_GTFS-Fête-1-01',702,,3498,190,,,0,100,,3499,190,,,0,100,,3500,190,,,0,100,,3501,190,,,0,100,,3502,190,,,0,100,,3503,190,,,0,100,,3504,190,,,0,100,,3505,190,,,0,100,,3506,190,,,0,100,,3507,190,,,0,100,,3508,190,,,0,100,,3509,190,,,0,100,,3510,190,,,0,100,,3511,190,,,0,100,,3512,190,,,0,100,,3513,190,,,0,100,,3514,190,,,0,100,,3515,190,,,0,99,,3516,190,0,16,0
800,'TM-E26-TM_GTFS-Semaine-01',602,,3528,190,,,0,101,,3523,190,,,0,100,,3519,190,,,0,100,,3520,190,,,0,100,,3526,190,,,0,100,,3527,190,,,0,100,,3517,190,,,0,100,,3518,190,,,0,100,,3524,190,,,0,100,,3529,190,,,0,100,,3525,190,,,0,100,,3521,190,,,0,99,,3522,190,,,0,100,,3530,190,,,0,100,,3531,190,,,0,100,,3532,190,,,0,100,,3533,190,,,0,100,,3534,190,,,0,100,,3535,190,,,0,99,,3536,190,0,16,0
800,'TM-E26-TM_GTFS-Week-end-01',702,,3538,190,,,0,100,,3539,190,,,0,100,,3540,190,,,0,100,,3541,190,,,0,100,,3542,190,,,0,100,,3543,190,,,0,100,,3544,190,,,0,100,,3545,190,,,0,100,,3546,190,,,0,100,,3547,190,,,0,100,,3548,190,,,0,100,,3549,190,,,0,100,,3550,190,,,0,100,,3551,190,,,0,100,,3552,190,,,0,100,,3553,190,,,0,100,,3554,190,,,0,100,,3555,190,,,0,99,,3556,190,0,16,0
1101,'TM-E26-TM_GTFS-Fête-1-01',637,,3656,630,,,0,100,,3646,630,,,0,100,,3657,630,,,0,101,,3647,630,,,0,101,,3648,630,,,0,100,,3658,630,,,0,100,,3649,630,,,0,100,,3659,630,,,0,100,,3650,630,,,0,100,,3660,630,,,0,100,,3651,630,,,0,100,,3661,630,,,0,99,,3652,630,,,0,98,,3662,630,,,0,100,,3653,630,,,0,99,,3663,630,,,0,100,,3654,630,,,0,100,,3664,630,,,0,100,,3655,630,,,0
1101,'TM-E26-TM_GTFS-Semaine-01',606,,3674,520,,,0,30,,3670,630,,,0,70,,3665,630,,,0,30,,3685,630,,,0,70,,3675,630,,,0,30,,3678,630,,,0,100,,3686,630,,,0,100,,3679,630,,,0,102,,3682,630,,,0,100,,3680,630,,,0,100,,3683,630,,,0,100,,3681,630,,,0,97,,3684,630,,,0,70,,3676,630,,,0,32,,3690,630,,,0,70,,3671,630,,,0,31,,3673,630,,,0,69,,3677,630,,,0,30,,3666,630,,,0,69,,3672,630,,,0,30,,3687,630,,,0,103,,3667,630,,,0,99,,3688,630,,,0,100,,3668,630,,,0,99,,3689,630,,,0,101,,3669,630,,,0
1101,'TM-E26-TM_GTFS-Week-end-01',637,,3701,630,,,0,100,,3691,630,,,0,100,,3702,630,,,0,101,,3692,630,,,0,101,,3693,630,,,0,100,,3703,630,,,0,100,,3694,630,,,0,100,,3704,630,,,0,100,,3695,630,,,0,100,,3705,630,,,0,100,,3696,630,,,0,100,,3706,630,,,0,99,,3697,630,,,0,98,,3707,630,,,0,100,,3698,630,,,0,99,,3708,630,,,0,100,,3699,630,,,0,100,,3709,630,,,0,100,,3700,630,,,0
2001,'TM-E26-TM_GTFS-Fête-1-01',635,,4243,260,,,0,102,,4244,260,,,0,101,,4245,260,,,0,100,,4246,260,,,0,101,,4237,260,,,0,101,,4238,260,,,0,100,,4247,260,,,0,101,,4248,260,,,0,100,,4249,260,,,0,99,,4239,260,,,0,100,,4240,260,,,0,99,,4241,260,,,0,98,,4242,260,,,0,100,,4250,260,,,0,100,,4251,260,,,0,100,,4252,260,,,0,99,,4253,260,,,0,100,,4254,260,,,0,100,,4255,260,,,0
2001,'TM-E26-TM_GTFS-Semaine-01',537,,4260,260,,,0,101,,4261,260,,,0,70,,4257,260,,,0,30,,4262,260,,,0,72,,4281,260,,,0,30,,4263,260,,,0,70,,4279,260,,,0,30,,4264,260,,,0,100,,4265,260,,,0,101,,4256,260,,,0,100,,4266,260,,,0,100,,4273,260,,,0,99,,4274,260,,,0,99,,4275,260,,,0,100,,4276,260,,,0,64,,4277,260,,,0,30,,4258,260,,,0,70,,4278,260,,,0,30,,4267,260,,,0,71,,4280,260,,,0,29,,4259,260,,,0,105,,4268,260,,,0,99,,4269,260,,,0,97,,4270,260,,,0,100,,4271,260,,,0,100,,4272,260,,,0
2001,'TM-E26-TM_GTFS-Week-end-01',635,,4288,260,,,0,102,,4289,260,,,0,101,,4290,260,,,0,100,,4291,260,,,0,101,,4282,260,,,0,101,,4283,260,,,0,100,,4292,260,,,0,101,,4293,260,,,0,100,,4294,260,,,0,99,,4284,260,,,0,100,,4285,260,,,0,99,,4286,260,,,0,98,,4287,260,,,0,100,,4295,260,,,0,100,,4296,260,,,0,100,,4297,260,,,0,99,,4298,260,,,0,100,,4299,260,,,0,100,,4300,260,,,0
2100,'TM-E26-TM_GTFS-Semaine-01',637,,4302,350,0,5,0,94,,4301,570,0,5,0,100,,4303,570,0,5,0,100,,4304,570,0,5,0
2101,'TM-E26-TM_GTFS-Semaine-01',1638,,4307,570,0,5,0,100,,4306,570,0,5,0,100,,4305,570,0,5,0
