100,'TM-E26-TM_GTFS-Fête-1-01',652,,3334,20,,,0,100,,3335,20,,,0,100,,3336,20,,,0,100,,3337,20,,,0,100,,3338,20,,,0,100,,3339,20,,,0,100,,3340,20,,,0,100,,3341,20,,,0,100,,3342,20,,,0,100,,3343,20,,,0,100,,3344,20,,,0,100,,3345,20,,,0,100,,3346,20,,,0,100,,3347,20,,,0,100,,3348,20,,,0,100,,3349,20,,,0,100,,3350,20,,,0,100,,3351,20,,,0,100,,3352,20,0,13 3 14,0
100,'TM-E26-TM_GTFS-Semaine-01',522,,3353,20,,,0,30,,3381,20,,,0,70,,3379,20,,,0,30,,3371,20,,,0,70,,3380,20,,,0,30,,3359,20,,,0,70,,3376,20,,,0,30,,3360,20,,,0,100,,3361,20,,,0,100,,3362,20,,,0,100,,3363,20,,,0,100,,3364,20,,,0,100,,3365,20,,,0,100,,3366,20,,,0,70,,3377,20,,,0,30,,3367,20,,,0,70,,3378,20,,,0,30,,3369,20,,,0,70,,3357,20,,,0,30,,3368,20,,,0,70,,3356,20,,,0,30,,3370,20,,,0,70,,3358,20,,,0,30,,3372,20,,,0,100,,3382,20,,,0,100,,3383,20,,,0,100,,3373,20,,,0,100,,3374,20,,,0,100,,3375,20,0,13 3 14,0
100,'TM-E26-TM_GTFS-Week-end-01',652,,3385,20,,,0,100,,3386,20,,,0,100,,3387,20,,,0,100,,3388,20,,,0,100,,3389,20,,,0,100,,3390,20,,,0,100,,3391,20,,,0,100,,3392,20,,,0,100,,3393,20,,,0,100,,3394,20,,,0,100,,3395,20,,,0,100,,3396,20,,,0,100,,3397,20,,,0,100,,3398,20,,,0,100,,3399,20,,,0,100,,3400,20,,,0,100,,3401,20,,,0,100,,3402,20,,,0,100,,3403,20,0,13 3 14,0
400,'TM-E26-TM_GTFS-Semaine-01',1704,,3488,440,,,0,50,,3484,440,,,0,100,,3485,440,,,0,293,,3486,440,,,0,275,,3487,440,,,0
800,'TM-E26-TM_GTFS-Fête-1-01',706,,3498,240,,,0,100,,3499,240,,,0,100,,3500,240,,,0,101,,3501,240,,,0,100,,3502,240,,,0,100,,3503,240,,,0,100,,3504,240,,,0,100,,3505,240,,,0,100,,3506,240,,,0,100,,3507,240,,,0,100,,3508,240,,,0,99,,3509,240,,,0,100,,3510,240,,,0,100,,3511,240,,,0,100,,3512,240,,,0,100,,3513,240,,,0,100,,3514,240,,,0,100,,3515,240,,,0,99,,3516,240,0,16,0
800,'TM-E26-TM_GTFS-Semaine-01',606,,3528,240,,,0,102,,3523,240,,,0,100,,3519,240,,,0,100,,3520,240,,,0,100,,3526,240,,,0,100,,3527,240,,,0,100,,3517,240,,,0,100,,3518,240,,,0,100,,3524,240,,,0,101,,3529,240,,,0,100,,3525,240,,,0,100,,3521,240,,,0,98,,3522,240,,,0,100,,3530,240,,,0,100,,3531,240,,,0,100,,3532,240,,,0,100,,3533,240,,,0,100,,3534,240,,,0,100,,3535,240,,,0,98,,3536,240,0,16,0
800,'TM-E26-TM_GTFS-Week-end-01',706,,3538,240,,,0,100,,3539,240,,,0,100,,3540,240,,,0,101,,3541,240,,,0,100,,3542,240,,,0,100,,3543,240,,,0,100,,3544,240,,,0,100,,3545,240,,,0,100,,3546,240,,,0,100,,3547,240,,,0,100,,3548,240,,,0,99,,3549,240,,,0,100,,3550,240,,,0,100,,3551,240,,,0,100,,3552,240,,,0,100,,3553,240,,,0,100,,3554,240,,,0,100,,3555,240,,,0,99,,3556,240,0,16,0
1800,'TM-E26-TM_GTFS-Fête-1-01',652,,3960,20,,,0,100,,3961,20,,,0,100,,3962,20,,,0,400,,3963,20,,,0,200,,3957,20,,,0,100,,3958,20,,,0,100,,3959,20,,,0,300,,3964,20,,,0
1800,'TM-E26-TM_GTFS-Semaine-01',622,,3974,20,,,0,100,,3966,20,,,0,30,,3970,20,,,0,70,,3967,20,,,0,130,,3971,20,,,0,200,,3972,20,,,0,200,,3973,20,,,0,170,,3968,20,,,0,100,,3977,20,,,0,100,,3978,20,,,0,130,,3976,20,,,0,200,,3969,20,,,0
1800,'TM-E26-TM_GTFS-Week-end-01',652,,3982,20,,,0,100,,3983,20,,,0,100,,3984,20,,,0,400,,3985,20,,,0,200,,3979,20,,,0,100,,3980,20,,,0,100,,3981,20,,,0,300,,3986,20,,,0
