300,'TM-H26-TM_GTFS-Fête-1-01',756,,1309,40,,,0,201,,1310,40,,,0,200,,1311,40,,,0,200,,1312,40,,,0,200,,1313,40,,,0,199,,1314,40,,,0,200,,1315,40,,,0,200,,1316,40,,,0,199,,1317,40,,,0
300,'TM-H26-TM_GTFS-Fête-2-02',557,,1320,40,,,0,70,,1336,40,,,0,30,,1330,40,,,0,70,,1335,40,,,0,30,,1329,40,,,0,100,,1324,40,,,0,201,,1325,40,,,0,200,,1326,40,,,0,170,,1328,40,,,0,105,,1327,40,,,0,96,,1333,40,,,0,29,,1332,40,,,0,70,,1334,40,,,0,30,,1331,40,,,0,99,,1318,40,,,0,169,,1321,40,,,0,100,,1322,40,,,0,230,,1323,40,,,0
300,'TM-H26-TM_GTFS-Semaine-02',557,,1339,40,,,0,70,,1355,40,,,0,30,,1349,40,,,0,70,,1354,40,,,0,30,,1348,40,,,0,100,,1343,40,,,0,201,,1344,40,,,0,200,,1345,40,,,0,170,,1347,40,,,0,105,,1346,40,,,0,96,,1352,40,,,0,29,,1351,40,,,0,70,,1353,40,,,0,30,,1350,40,,,0,99,,1337,40,,,0,169,,1340,40,,,0,100,,1341,40,,,0,230,,1342,40,,,0
300,'TM-H26-TM_GTFS-Week-end-02',756,,1357,40,,,0,201,,1358,40,,,0,200,,1359,40,,,0,200,,1360,40,,,0,200,,1361,40,,,0,199,,1362,40,,,0,200,,1363,40,,,0,200,,1364,40,,,0,199,,1365,40,,,0
1400,'TM-H26-TM_GTFS-Fête-2-02',626,,1736,40,0,20 7 17 21,0,30,,1752,40,0,20 7 17 21,0,70,,1774,40,0,20 7 17 21,0,30,,1738,40,0,20 7 17 21,0,70,,1754,40,0,20 7 17 21,0,30,,1734,40,0,20 7 17 21,0,70,,1740,40,0,20 7 17 21,0,30,,1756,40,0,20 7 17 21,0,70,,1742,40,0,20 7 17 21,0,100,,1762,40,0,20 7 17 21,0,100,,1766,40,0,20 7 17 21,0,100,,1764,40,0,20 7 17 21,0,102,,1721,40,0,20 7 17 21,0,100,,1731,40,0,20 7 17 21,0,100,,1723,40,0,20 7 17 21,0,30,,1767,40,0,20 7 17 21,0,70,,1743,40,0,20 7 17 21,0,30,,1725,40,0,20 7 17 21,0,69,,1769,40,0,20 7 17 21,0,30,,1745,40,0,20 7 17 21,0,70,,1727,40,0,20 7 17 21,0,100,,1771,40,0,20 7 17 21,0,100,,1729,40,0,20 7 17 21,0,99,,1747,40,0,20 7 17 21,0,100,,1759,40,0,20 7 17 21,0,100,,1749,40,0,20 7 17 21,0,100,,1773,40,0,20 7 17 21,0
1400,'TM-H26-TM_GTFS-Semaine-02',626,,1791,40,0,20 7 17 21,0,30,,1807,40,0,20 7 17 21,0,70,,1829,40,0,20 7 17 21,0,30,,1793,40,0,20 7 17 21,0,70,,1809,40,0,20 7 17 21,0,30,,1789,40,0,20 7 17 21,0,70,,1795,40,0,20 7 17 21,0,30,,1811,40,0,20 7 17 21,0,70,,1797,40,0,20 7 17 21,0,100,,1817,40,0,20 7 17 21,0,100,,1821,40,0,20 7 17 21,0,100,,1819,40,0,20 7 17 21,0,102,,1776,40,0,20 7 17 21,0,100,,1786,40,0,20 7 17 21,0,100,,1778,40,0,20 7 17 21,0,30,,1822,40,0,20 7 17 21,0,70,,1798,40,0,20 7 17 21,0,30,,1780,40,0,20 7 17 21,0,69,,1824,40,0,20 7 17 21,0,30,,1800,40,0,20 7 17 21,0,70,,1782,40,0,20 7 17 21,0,100,,1826,40,0,20 7 17 21,0,100,,1784,40,0,20 7 17 21,0,99,,1802,40,0,20 7 17 21,0,100,,1814,40,0,20 7 17 21,0,100,,1804,40,0,20 7 17 21,0,100,,1828,40,0,20 7 17 21,0
1401,'TM-H26-TM_GTFS-Fête-1-01',753,,1855,40,,,0,103,,1852,40,,,0,101,,1866,40,,,0,100,,1862,40,,,0,100,,1860,40,,,0,100,,1863,40,,,0,101,,1861,40,,,0,99,,1864,40,,,0,100,,1867,40,,,0,100,,1865,40,,,0,100,,1850,40,,,0,100,,1853,40,,,0,100,,1851,40,,,0,100,,1856,40,,,0,97,,1859,40,,,0,103,,1857,40,,,0,99,,1854,40,,,0,100,,1858,40,,,0
1401,'TM-H26-TM_GTFS-Week-end-02',753,,1873,40,,,0,103,,1870,40,,,0,101,,1884,40,,,0,100,,1880,40,,,0,100,,1878,40,,,0,100,,1881,40,,,0,101,,1879,40,,,0,99,,1882,40,,,0,100,,1885,40,,,0,100,,1883,40,,,0,100,,1868,40,,,0,100,,1871,40,,,0,100,,1869,40,,,0,100,,1874,40,,,0,97,,1877,40,,,0,103,,1875,40,,,0,99,,1872,40,,,0,100,,1876,40,,,0
1700,'TM-H26-TM_GTFS-Fête-1-01',656,,1886,40,,,0,100,,1896,40,,,0,100,,1887,40,,,0,101,,1897,40,,,0,100,,1888,40,,,0,100,,1898,40,,,0,100,,1889,40,,,0,100,,1899,40,,,0,100,,1890,40,,,0,100,,1900,40,,,0,100,,1891,40,,,0,100,,1901,40,,,0,99,,1892,40,,,0,100,,1902,40,,,0,100,,1893,40,,,0,100,,1903,40,,,0,100,,1894,40,,,0,100,,1904,40,,,0,100,,1895,40,,,0
1700,'TM-H26-TM_GTFS-Fête-2-02',556,,1909,40,,,0,101,,1917,40,,,0,100,,1910,40,,,0,100,,1918,40,,,0,100,,1911,40,,,0,100,,1905,40,,,0,100,,1912,40,,,0,100,,1919,40,,,0,100,,1913,40,,,0,100,,1920,40,,,0,101,,1914,40,,,0,100,,1906,40,,,0,99,,1915,40,,,0,100,,1907,40,,,0,100,,1916,40,,,0,100,,1908,40,,,0,100,,1922,40,,,0,99,,1924,40,,,0,100,,1923,40,,,0,100,,1921,40,,,0
1700,'TM-H26-TM_GTFS-Semaine-02',556,,1929,40,,,0,101,,1937,40,,,0,100,,1930,40,,,0,100,,1938,40,,,0,100,,1931,40,,,0,100,,1925,40,,,0,100,,1932,40,,,0,100,,1939,40,,,0,100,,1933,40,,,0,100,,1940,40,,,0,101,,1934,40,,,0,100,,1926,40,,,0,99,,1935,40,,,0,100,,1927,40,,,0,100,,1936,40,,,0,100,,1928,40,,,0,100,,1942,40,,,0,99,,1944,40,,,0,100,,1943,40,,,0,100,,1941,40,,,0
1700,'TM-H26-TM_GTFS-Week-end-02',656,,1945,40,,,0,100,,1955,40,,,0,100,,1946,40,,,0,101,,1956,40,,,0,100,,1947,40,,,0,100,,1957,40,,,0,100,,1948,40,,,0,100,,1958,40,,,0,100,,1949,40,,,0,100,,1959,40,,,0,100,,1950,40,,,0,100,,1960,40,,,0,99,,1951,40,,,0,100,,1961,40,,,0,100,,1952,40,,,0,100,,1962,40,,,0,100,,1953,40,,,0,100,,1963,40,,,0,100,,1954,40,,,0
2300,'TM-H26-TM_GTFS-Fête-2-02',555,,2629,40,,,0,101,,2630,40,,,0,100,,2632,40,,,0,100,,2635,40,,,0,300,,2634,40,,,0,200,,2633,40,,,0,382,,2631,40,,,0
2300,'TM-H26-TM_GTFS-Semaine-02',555,,2636,40,,,0,101,,2637,40,,,0,100,,2639,40,,,0,100,,2642,40,,,0,300,,2641,40,,,0,200,,2640,40,,,0,382,,2638,40,,,0
