200,'TM-H26-TM_GTFS-Fête-1-01',655,,1246,50,,,0,200,,1247,50,,,0,200,,1248,50,,,0,200,,1249,50,,,0,200,,1250,50,,,0,200,,1251,50,,,0,200,,1252,50,,,0,200,,1253,50,,,0,200,,1254,50,,,0,200,,1255,50,0,14 1 15,0
200,'TM-H26-TM_GTFS-Fête-2-02',555,,1274,50,,,0,70,,1268,50,,,0,30,,1275,50,,,0,70,,1269,50,,,0,30,,1276,50,,,0,70,,1270,50,,,0,130,,1264,50,,,0,200,,1265,50,,,0,200,,1266,50,,,0,100,,1263,50,,,0,100,,1272,50,,,0,70,,1271,50,,,0,30,,1273,50,,,0,70,,1267,50,,,0,100,,1256,50,,,0,130,,1262,50,,,0,100,,1259,50,,,0,100,,1258,50,,,0,100,,1260,50,,,0,199,,1261,50,0,14 1 15,0
200,'TM-H26-TM_GTFS-Semaine-02',555,,1295,50,,,0,70,,1289,50,,,0,30,,1296,50,,,0,70,,1290,50,,,0,30,,1297,50,,,0,70,,1291,50,,,0,130,,1285,50,,,0,200,,1286,50,,,0,200,,1287,50,0,8 5,0,100,,1284,50,,,0,100,,1293,50,,,0,70,,1292,50,,,0,30,,1294,50,,,0,70,,1288,50,,,0,100,,1277,50,,,0,130,,1283,50,,,0,100,,1280,50,,,0,100,,1279,50,,,0,100,,1281,50,,,0,199,,1282,50,0,14 1 15,0
200,'TM-H26-TM_GTFS-Week-end-02',655,,1298,50,,,0,200,,1299,50,,,0,200,,1300,50,,,0,200,,1301,50,,,0,200,,1302,50,,,0,200,,1303,50,,,0,200,,1304,50,,,0,200,,1305,50,,,0,200,,1306,50,,,0,200,,1307,50,0,14 1 15,0
400,'TM-H26-TM_GTFS-Fête-2-02',1637,,1370,50,,,0,93,,1366,50,,,0,100,,1367,50,,,0,295,,1368,50,,,0,275,,1369,50,,,0
400,'TM-H26-TM_GTFS-Semaine-02',1637,,1375,50,,,0,93,,1371,50,,,0,100,,1372,50,,,0,295,,1373,50,,,0,275,,1374,50,,,0
401,'TM-H26-TM_GTFS-Fête-2-02',545,,1377,130,,,0,100,,1379,130,,,0,100,,1378,130,,,0,101,,1376,130,,,0,1074,,1380,130,,,0
401,'TM-H26-TM_GTFS-Semaine-02',545,,1382,130,,,0,100,,1384,130,,,0,100,,1383,130,,,0,101,,1381,130,,,0,1074,,1385,130,,,0
800,'TM-H26-TM_GTFS-Fête-1-01',625,,1392,280,,,0,99,,1393,580,,,0,100,,1394,580,,,0,100,,1395,580,,,0,101,,1396,580,,,0,100,,1397,580,,,0,100,,1398,580,,,0,100,,1399,580,,,0,100,,1400,580,,,0,100,,1401,580,,,0,100,,1402,580,,,0,100,,1403,580,,,0,99,,1404,580,,,0,100,,1405,580,,,0,100,,1406,580,,,0,100,,1407,580,,,0,100,,1408,580,,,0,100,,1409,580,,,0,100,,1410,580,,,0
800,'TM-H26-TM_GTFS-Fête-2-02',625,,1423,580,0,16 1 8 5,0,102,,1418,580,,,0,100,,1414,580,,,0,99,,1415,580,,,0,100,,1421,580,,,0,100,,1422,580,,,0,100,,1412,580,,,0,100,,1413,580,,,0,100,,1419,580,,,0,102,,1424,580,,,0,100,,1420,580,,,0,100,,1416,580,,,0,97,,1417,580,,,0,100,,1425,580,,,0,100,,1426,580,,,0,100,,1427,580,,,0,100,,1428,580,,,0,100,,1429,580,,,0,99,,1430,580,,,0
800,'TM-H26-TM_GTFS-Semaine-02',625,,1443,580,,,0,102,,1438,580,,,0,100,,1434,580,,,0,99,,1435,580,,,0,100,,1441,580,,,0,100,,1442,580,,,0,100,,1432,580,,,0,100,,1433,580,,,0,100,,1439,580,,,0,102,,1444,580,,,0,100,,1440,580,,,0,100,,1436,580,,,0,97,,1437,580,,,0,100,,1445,580,,,0,100,,1446,580,,,0,100,,1447,580,,,0,100,,1448,580,,,0,100,,1449,580,,,0,99,,1450,580,,,0
800,'TM-H26-TM_GTFS-Week-end-02',625,,1452,280,,,0,99,,1453,580,,,0,100,,1454,580,,,0,100,,1455,580,,,0,101,,1456,580,,,0,100,,1457,580,,,0,100,,1458,580,,,0,100,,1459,580,,,0,100,,1460,580,,,0,100,,1461,580,,,0,100,,1462,580,,,0,100,,1463,580,,,0,99,,1464,580,,,0,100,,1465,580,,,0,100,,1466,580,,,0,100,,1467,580,,,0,100,,1468,580,,,0,100,,1469,580,,,0,100,,1470,580,,,0
1100,'TM-H26-TM_GTFS-Fête-1-01',554,,1512,50,,,0,100,,1522,50,,,0,100,,1513,50,,,0,100,,1514,50,,,0,100,,1523,50,,,0,101,,1515,50,,,0,100,,1524,50,,,0,100,,1516,50,,,0,100,,1525,50,,,0,100,,1517,50,,,0,100,,1526,50,,,0,100,,1518,50,,,0,100,,1527,50,,,0,100,,1519,50,,,0,100,,1528,50,,,0,100,,1520,50,,,0,100,,1529,50,,,0,100,,1521,50,,,0,100,,1530,50,,,0,100,,1531,50,,,0
1100,'TM-H26-TM_GTFS-Fête-2-02',524,,1532,50,,,0,30,,1554,50,,,0,70,,1543,50,,,0,30,,1539,50,,,0,70,,1533,50,,,0,30,,1555,50,,,0,70,,1544,50,,,0,30,,1547,50,,,0,100,,1551,50,,,0,100,,1548,50,,,0,100,,1552,50,,,0,100,,1549,50,,,0,101,,1553,50,,,0,100,,1560,50,,,0,70,,1540,50,,,0,30,,1542,50,,,0,70,,1545,50,,,0,30,,1534,50,,,0,70,,1541,50,,,0,30,,1556,50,,,0,70,,1546,50,,,0,30,,1535,50,,,0,69,,1550,50,,,0,30,,1557,50,,,0,100,,1536,50,,,0,100,,1558,50,,,0,100,,1537,50,,,0,100,,1559,50,,,0,100,,1538,50,,,0
1100,'TM-H26-TM_GTFS-Semaine-02',524,,1561,50,,,0,30,,1583,50,,,0,70,,1572,50,,,0,30,,1568,50,,,0,70,,1562,50,,,0,30,,1584,50,,,0,70,,1573,50,,,0,30,,1576,50,,,0,100,,1580,50,,,0,100,,1577,50,,,0,100,,1581,50,,,0,100,,1578,50,,,0,101,,1582,50,,,0,100,,1589,50,,,0,70,,1569,50,,,0,30,,1571,50,,,0,70,,1574,50,,,0,30,,1563,50,,,0,70,,1570,50,,,0,30,,1585,50,,,0,70,,1575,50,,,0,30,,1564,50,,,0,69,,1579,50,,,0,30,,1586,50,,,0,100,,1565,50,,,0,100,,1587,50,,,0,100,,1566,50,,,0,100,,1588,50,,,0,100,,1567,50,,,0
1100,'TM-H26-TM_GTFS-Week-end-02',554,,1590,50,,,0,100,,1600,50,,,0,100,,1591,50,,,0,100,,1592,50,,,0,100,,1601,50,,,0,101,,1593,50,,,0,100,,1602,50,,,0,100,,1594,50,,,0,100,,1603,50,,,0,100,,1595,50,,,0,100,,1604,50,,,0,100,,1596,50,,,0,100,,1605,50,,,0,100,,1597,50,,,0,100,,1606,50,,,0,100,,1598,50,,,0,100,,1607,50,,,0,100,,1599,50,,,0,100,,1608,50,,,0,100,,1609,50,,,0
2000,'TM-H26-TM_GTFS-Fête-1-01',655,,2435,50,,,0,100,,2436,50,,,0,100,,2437,50,,,0,100,,2426,50,,,0,100,,2427,50,,,0,100,,2428,50,,,0,100,,2429,50,,,0,100,,2430,50,,,0,100,,2431,50,,,0,100,,2432,50,,,0,100,,2433,50,,,0,100,,2434,50,,,0,100,,2438,50,,,0,100,,2439,50,,,0,100,,2440,50,,,0,100,,2441,50,,,0,100,,2442,50,,,0,100,,2443,50,,,0,100,,2444,50,,,0
2000,'TM-H26-TM_GTFS-Fête-2-02',555,,2451,50,,,0,70,,2446,50,,,0,30,,2452,50,,,0,70,,2470,50,,,0,30,,2453,50,,,0,70,,2468,50,,,0,30,,2454,50,,,0,100,,2455,50,,,0,100,,2456,50,,,0,100,,2457,50,,,0,100,,2461,50,,,0,100,,2445,50,,,0,100,,2460,50,,,0,100,,2447,50,,,0,70,,2449,50,,,0,30,,2448,50,,,0,70,,2467,50,,,0,30,,2458,50,,,0,70,,2469,50,,,0,30,,2450,50,,,0,100,,2459,50,,,0,100,,2462,50,,,0,100,,2463,50,,,0,100,,2464,50,,,0,100,,2465,50,,,0,100,,2466,50,,,0
2000,'TM-H26-TM_GTFS-Semaine-02',555,,2477,50,,,0,70,,2472,50,,,0,30,,2478,50,,,0,70,,2496,50,,,0,30,,2479,50,,,0,70,,2494,50,,,0,30,,2480,50,,,0,100,,2481,50,,,0,100,,2482,50,,,0,100,,2483,50,,,0,100,,2487,50,,,0,100,,2471,50,,,0,100,,2486,50,,,0,100,,2473,50,,,0,70,,2475,50,,,0,30,,2474,50,,,0,70,,2493,50,,,0,30,,2484,50,,,0,70,,2495,50,,,0,30,,2476,50,,,0,100,,2485,50,,,0,100,,2488,50,,,0,100,,2489,50,,,0,100,,2490,50,,,0,100,,2491,50,,,0,100,,2492,50,,,0
2000,'TM-H26-TM_GTFS-Week-end-02',655,,2506,50,,,0,100,,2507,50,,,0,100,,2508,50,,,0,100,,2497,50,,,0,100,,2498,50,,,0,100,,2499,50,,,0,100,,2500,50,,,0,100,,2501,50,,,0,100,,2502,50,,,0,100,,2503,50,,,0,100,,2504,50,,,0,100,,2505,50,,,0,100,,2509,50,,,0,100,,2510,50,,,0,100,,2511,50,,,0,100,,2512,50,,,0,100,,2513,50,,,0,100,,2514,50,,,0,100,,2515,50,,,0
2100,'TM-H26-TM_GTFS-Fête-2-02',654,,2606,50,0,16 1 5,0,100,,2608,50,0,16 1 5,0,100,,2609,50,0,16 1 5,0
2100,'TM-H26-TM_GTFS-Semaine-02',654,,2610,50,0,16 1 5,0,100,,2612,50,0,16 1 5,0,100,,2613,50,0,16 1 5,0
2101,'TM-H26-TM_GTFS-Fête-2-02',1555,,2616,50,0,16 1 5,0,100,,2615,50,0,16 1 5,0,100,,2614,50,0,16 1 5,0
2101,'TM-H26-TM_GTFS-Semaine-02',1555,,2619,50,0,16 1 5,0,100,,2618,50,0,16 1 5,0,100,,2617,50,0,16 1 5,0
2700,'TM-H26-TM_GTFS-Semaine-02',719,,2726,50,,,0,100,,2721,50,,,0,706,,2724,50,,,0,100,,2725,50,,,0,100,,2723,50,,,0,100,,2722,50,,,0,100,,2727,50,,,0
