200,'TM-E26-TM_GTFS-Fête-1-01',655,,3404,70,,,0,201,,3405,70,,,0,200,,3406,70,,,0,200,,3407,70,,,0,200,,3408,70,,,0,199,,3409,70,,,0,200,,3410,70,,,0,200,,3411,70,,,0,200,,3412,70,,,0,200,,3413,70,0,12,0
200,'TM-E26-TM_GTFS-Semaine-01',555,,3432,70,,,0,70,,3426,70,,,0,30,,3433,70,,,0,71,,3427,70,,,0,30,,3434,70,,,0,70,,3428,70,,,0,130,,3422,70,,,0,200,,3423,70,,,0,200,,3424,70,0,8 7,0,100,,3421,70,,,0,100,,3430,70,,,0,70,,3429,70,,,0,30,,3431,70,,,0,70,,3425,70,,,0,100,,3414,70,,,0,130,,3420,70,,,0,99,,3417,70,,,0,100,,3416,70,,,0,100,,3418,70,,,0,200,,3419,70,0,12,0
200,'TM-E26-TM_GTFS-Week-end-01',655,,3435,70,,,0,201,,3436,70,,,0,200,,3437,70,,,0,200,,3438,70,,,0,200,,3439,70,,,0,199,,3440,70,,,0,200,,3441,70,,,0,200,,3442,70,,,0,200,,3443,70,,,0,200,,3444,70,0,12,0
400,'TM-E26-TM_GTFS-Semaine-01',1637,,3488,70,,,0,93,,3484,70,,,0,100,,3485,70,,,0,295,,3486,70,,,0,275,,3487,70,,,0
401,'TM-E26-TM_GTFS-Semaine-01',546,,3490,150,,,0,100,,3492,150,,,0,100,,3491,150,,,0,101,,3489,150,,,0,1074,,3493,150,,,0
800,'TM-E26-TM_GTFS-Fête-1-01',626,,3497,300,,,0,99,,3498,600,,,0,100,,3499,600,,,0,100,,3500,600,,,0,101,,3501,600,,,0,100,,3502,600,,,0,100,,3503,600,,,0,100,,3504,600,,,0,100,,3505,600,,,0,100,,3506,600,,,0,100,,3507,600,,,0,100,,3508,600,,,0,99,,3509,600,,,0,100,,3510,600,,,0,100,,3511,600,,,0,100,,3512,600,,,0,100,,3513,600,,,0,100,,3514,600,,,0,100,,3515,600,,,0
800,'TM-E26-TM_GTFS-Semaine-01',626,,3528,600,,,0,102,,3523,600,,,0,100,,3519,600,,,0,99,,3520,600,,,0,100,,3526,600,,,0,100,,3527,600,,,0,100,,3517,600,,,0,100,,3518,600,,,0,100,,3524,600,,,0,102,,3529,600,,,0,100,,3525,600,,,0,100,,3521,600,,,0,97,,3522,600,,,0,100,,3530,600,,,0,100,,3531,600,,,0,100,,3532,600,,,0,100,,3533,600,,,0,100,,3534,600,,,0,99,,3535,600,,,0
800,'TM-E26-TM_GTFS-Week-end-01',626,,3537,300,,,0,99,,3538,600,,,0,100,,3539,600,,,0,100,,3540,600,,,0,101,,3541,600,,,0,100,,3542,600,,,0,100,,3543,600,,,0,100,,3544,600,,,0,100,,3545,600,,,0,100,,3546,600,,,0,100,,3547,600,,,0,100,,3548,600,,,0,99,,3549,600,,,0,100,,3550,600,,,0,100,,3551,600,,,0,100,,3552,600,,,0,100,,3553,600,,,0,100,,3554,600,,,0,100,,3555,600,,,0
1100,'TM-E26-TM_GTFS-Fête-1-01',555,,3577,70,,,0,100,,3587,70,,,0,100,,3578,70,,,0,100,,3579,70,,,0,100,,3588,70,,,0,101,,3580,70,,,0,100,,3589,70,,,0,100,,3581,70,,,0,100,,3590,70,,,0,100,,3582,70,,,0,100,,3591,70,,,0,100,,3583,70,,,0,100,,3592,70,,,0,100,,3584,70,,,0,100,,3593,70,,,0,100,,3585,70,,,0,100,,3594,70,,,0,100,,3586,70,,,0,100,,3595,70,,,0,100,,3596,70,,,0
1100,'TM-E26-TM_GTFS-Semaine-01',525,,3597,70,,,0,30,,3619,70,,,0,70,,3608,70,,,0,30,,3604,70,,,0,70,,3598,70,,,0,30,,3620,70,,,0,70,,3609,70,,,0,30,,3612,70,,,0,100,,3616,70,,,0,100,,3613,70,,,0,100,,3617,70,,,0,100,,3614,70,,,0,101,,3618,70,,,0,100,,3625,70,,,0,70,,3605,70,,,0,30,,3607,70,,,0,70,,3610,70,,,0,30,,3599,70,,,0,70,,3606,70,,,0,30,,3621,70,,,0,70,,3611,70,,,0,30,,3600,70,,,0,69,,3615,70,,,0,30,,3622,70,,,0,100,,3601,70,,,0,100,,3623,70,,,0,100,,3602,70,,,0,100,,3624,70,,,0,100,,3603,70,,,0
1100,'TM-E26-TM_GTFS-Week-end-01',555,,3626,70,,,0,100,,3636,70,,,0,100,,3627,70,,,0,100,,3628,70,,,0,100,,3637,70,,,0,101,,3629,70,,,0,100,,3638,70,,,0,100,,3630,70,,,0,100,,3639,70,,,0,100,,3631,70,,,0,100,,3640,70,,,0,100,,3632,70,,,0,100,,3641,70,,,0,100,,3633,70,,,0,100,,3642,70,,,0,100,,3634,70,,,0,100,,3643,70,,,0,100,,3635,70,,,0,100,,3644,70,,,0,100,,3645,70,,,0
2000,'TM-E26-TM_GTFS-Fête-1-01',655,,4182,70,,,0,100,,4183,70,,,0,101,,4184,70,,,0,100,,4173,70,,,0,100,,4174,70,,,0,100,,4175,70,,,0,100,,4176,70,,,0,100,,4177,70,,,0,100,,4178,70,,,0,100,,4179,70,,,0,100,,4180,70,,,0,100,,4181,70,,,0,100,,4185,70,,,0,100,,4186,70,,,0,100,,4187,70,,,0,100,,4188,70,,,0,99,,4189,70,,,0,100,,4190,70,,,0,100,,4191,70,,,0
2000,'TM-E26-TM_GTFS-Semaine-01',556,,4198,70,,,0,70,,4193,70,,,0,30,,4199,70,,,0,70,,4217,70,,,0,30,,4200,70,,,0,70,,4215,70,,,0,30,,4201,70,,,0,100,,4202,70,,,0,100,,4203,70,,,0,100,,4204,70,,,0,100,,4208,70,,,0,100,,4192,70,,,0,100,,4207,70,,,0,100,,4194,70,,,0,70,,4196,70,,,0,30,,4195,70,,,0,70,,4214,70,,,0,30,,4205,70,,,0,70,,4216,70,,,0,30,,4197,70,,,0,100,,4206,70,,,0,100,,4209,70,,,0,100,,4210,70,,,0,99,,4211,70,,,0,100,,4212,70,,,0,100,,4213,70,,,0
2000,'TM-E26-TM_GTFS-Week-end-01',655,,4227,70,,,0,100,,4228,70,,,0,101,,4229,70,,,0,100,,4218,70,,,0,100,,4219,70,,,0,100,,4220,70,,,0,100,,4221,70,,,0,100,,4222,70,,,0,100,,4223,70,,,0,100,,4224,70,,,0,100,,4225,70,,,0,100,,4226,70,,,0,100,,4230,70,,,0,100,,4231,70,,,0,100,,4232,70,,,0,100,,4233,70,,,0,99,,4234,70,,,0,100,,4235,70,,,0,100,,4236,70,,,0
2100,'TM-E26-TM_GTFS-Semaine-01',655,,4301,70,0,5,0,100,,4303,70,0,5,0,100,,4304,70,0,5,0
2101,'TM-E26-TM_GTFS-Semaine-01',1556,,4307,70,0,5,0,100,,4306,70,0,5,0,100,,4305,70,0,5,0
