1400,'TM-H26-TM_GTFS-Fête-2-02',635,,1736,160,0,20 7 17 21,0,71,,1752,160,0,20 7 17 21,0,30,,1774,160,0,20 7 17 21,0,70,,1738,160,0,20 7 17 21,0,30,,1754,160,0,20 7 17 21,0,70,,1734,160,0,20 7 17 21,0,30,,1740,160,0,20 7 17 21,0,70,,1756,160,0,20 7 17 21,0,30,,1742,160,0,20 7 17 21,0,100,,1762,160,0,20 7 17 21,0,100,,1766,160,0,20 7 17 21,0,100,,1764,160,0,20 7 17 21,0,102,,1721,160,0,20 7 17 21,0,100,,1731,160,0,20 7 17 21,0,103,,1723,160,0,20 7 17 21,0,70,,1767,160,0,20 7 17 21,0,30,,1743,160,0,20 7 17 21,0,70,,1725,160,0,20 7 17 21,0,24,,1769,160,0,20 7 17 21,0,70,,1745,160,0,20 7 17 21,0,30,,1727,160,0,20 7 17 21,0,100,,1771,160,0,20 7 17 21,0,100,,1729,160,0,20 7 17 21,0,97,,1747,160,0,20 7 17 21,0,100,,1759,160,0,20 7 17 21,0,100,,1749,160,0,20 7 17 21,0,100,,1773,160,0,20 7 17 21,0
1400,'TM-H26-TM_GTFS-Semaine-02',635,,1791,160,0,20 7 17 21,0,71,,1807,160,0,20 7 17 21,0,30,,1829,160,0,20 7 17 21,0,70,,1793,160,0,20 7 17 21,0,30,,1809,160,0,20 7 17 21,0,70,,1789,160,0,20 7 17 21,0,30,,1795,160,0,20 7 17 21,0,70,,1811,160,0,20 7 17 21,0,30,,1797,160,0,20 7 17 21,0,100,,1817,160,0,20 7 17 21,0,100,,1821,160,0,20 7 17 21,0,100,,1819,160,0,20 7 17 21,0,102,,1776,160,0,20 7 17 21,0,100,,1786,160,0,20 7 17 21,0,103,,1778,160,0,20 7 17 21,0,70,,1822,160,0,20 7 17 21,0,30,,1798,160,0,20 7 17 21,0,70,,1780,160,0,20 7 17 21,0,24,,1824,160,0,20 7 17 21,0,70,,1800,160,0,20 7 17 21,0,30,,1782,160,0,20 7 17 21,0,100,,1826,160,0,20 7 17 21,0,100,,1784,160,0,20 7 17 21,0,97,,1802,160,0,20 7 17 21,0,100,,1814,160,0,20 7 17 21,0,100,,1804,160,0,20 7 17 21,0,100,,1828,160,0,20 7 17 21,0
1401,'TM-H26-TM_GTFS-Fête-1-01',800,,1855,160,,,0,103,,1852,160,,,0,101,,1866,160,,,0,101,,1862,160,,,0,101,,1860,160,,,0,100,,1863,160,,,0,101,,1861,160,,,0,100,,1864,160,,,0,100,,1867,160,,,0,99,,1865,160,,,0,100,,1850,160,,,0,99,,1853,160,,,0,99,,1851,160,,,0,100,,1856,160,,,0,97,,1859,160,,,0,103,,1857,160,,,0,99,,1854,160,,,0,100,,1858,160,,,0
1401,'TM-H26-TM_GTFS-Week-end-02',800,,1873,160,,,0,103,,1870,160,,,0,101,,1884,160,,,0,101,,1880,160,,,0,101,,1878,160,,,0,100,,1881,160,,,0,101,,1879,160,,,0,100,,1882,160,,,0,100,,1885,160,,,0,99,,1883,160,,,0,100,,1868,160,,,0,99,,1871,160,,,0,99,,1869,160,,,0,100,,1874,160,,,0,97,,1877,160,,,0,103,,1875,160,,,0,99,,1872,160,,,0,100,,1876,160,,,0
1700,'TM-H26-TM_GTFS-Fête-1-01',702,,1886,160,,,0,100,,1896,160,,,0,101,,1887,160,,,0,101,,1897,160,,,0,100,,1888,160,,,0,101,,1898,160,,,0,100,,1889,160,,,0,101,,1899,160,,,0,100,,1890,160,,,0,100,,1900,160,,,0,100,,1891,160,,,0,99,,1901,160,,,0,99,,1892,160,,,0,100,,1902,160,,,0,100,,1893,160,,,0,100,,1903,160,,,0,99,,1894,160,,,0,99,,1904,160,,,0,100,,1895,160,,,0
1700,'TM-H26-TM_GTFS-Fête-2-02',603,,1909,160,,,0,101,,1917,160,,,0,100,,1910,160,,,0,100,,1918,160,,,0,101,,1911,160,,,0,100,,1905,160,,,0,100,,1912,160,,,0,100,,1919,160,,,0,101,,1913,160,,,0,102,,1920,160,,,0,102,,1914,160,,,0,100,,1906,160,,,0,97,,1915,160,,,0,98,,1907,160,,,0,99,,1916,160,,,0,100,,1908,160,,,0,100,,1922,160,,,0,99,,1924,160,,,0,100,,1923,160,,,0,98,,1921,160,,,0
1700,'TM-H26-TM_GTFS-Semaine-02',603,,1929,160,,,0,101,,1937,160,,,0,100,,1930,160,,,0,100,,1938,160,,,0,101,,1931,160,,,0,100,,1925,160,,,0,100,,1932,160,,,0,100,,1939,160,,,0,101,,1933,160,,,0,102,,1940,160,,,0,102,,1934,160,,,0,100,,1926,160,,,0,97,,1935,160,,,0,98,,1927,160,,,0,99,,1936,160,,,0,100,,1928,160,,,0,100,,1942,160,,,0,99,,1944,160,,,0,100,,1943,160,,,0,98,,1941,160,,,0
1700,'TM-H26-TM_GTFS-Week-end-02',702,,1945,160,,,0,100,,1955,160,,,0,101,,1946,160,,,0,101,,1956,160,,,0,100,,1947,160,,,0,101,,1957,160,,,0,100,,1948,160,,,0,101,,1958,160,,,0,100,,1949,160,,,0,100,,1959,160,,,0,100,,1950,160,,,0,99,,1960,160,,,0,99,,1951,160,,,0,100,,1961,160,,,0,100,,1952,160,,,0,100,,1962,160,,,0,99,,1953,160,,,0,99,,1963,160,,,0,100,,1954,160,,,0
2000001500,'TM-H26-TM_GTFS-Fête-2-02',1227,,3219,90,,,0,400,,3220,90,,,0,100,,3221,90,,,0,100,,3222,90,,,0
2000001500,'TM-H26-TM_GTFS-Semaine-02',1227,,3223,90,,,0,400,,3224,90,,,0,100,,3225,90,,,0,100,,3226,90,,,0
