100,'TM-H26-TM_GTFS-Fête-1-01',647,,2190,,,0,97,,2191,,,0,100,,2192,,,0,102,,2193,,,0,100,,2194,,,0,100,,2195,,,0,100,,2196,,,0,100,,2197,,,0,98,,2198,,,0,100,,2199,,,0,100,,2200,,,0,100,,2201,,,0,99,,2202,,,0,100,,2203,,,0,99,,2204,,,0,100,,2205,,,0,99,,2206,,,0,100,,2207,,,0,100,,2208,,,0
100,'TM-H26-TM_GTFS-Fête-2-02',514,,2211,,,0,30,,2212,,,0,68,,2210,,,0,30,,2238,,,0,70,,2236,,,0,30,,2228,,,0,70,,2237,,,0,30,,2216,,,0,70,,2233,,,0,30,,2217,,,0,100,,2218,,,0,100,,2219,,,0,100,,2220,,,0,100,,2221,,,0,100,,2222,,,0,100,,2223,,,0,70,,2234,,,0,30,,2224,,,0,70,,2235,,,0,30,,2226,,,0,68,,2214,,,0,30,,2225,,,0,69,,2213,,,0,29,,2227,,,0,70,,2215,,,0,30,,2229,,,0,100,,2239,,,0,100,,2240,,,0,100,,2230,,,0,100,,2231,,,0
100,'TM-H26-TM_GTFS-Semaine-02',514,,2242,,,0,30,,2243,,,0,68,,2241,,,0,30,,2269,,,0,70,,2267,,,0,30,,2259,,,0,70,,2268,,,0,30,,2247,,,0,70,,2264,,,0,30,,2248,,,0,100,,2249,,,0,100,,2250,,,0,100,,2251,,,0,100,,2252,,,0,100,,2253,,,0,100,,2254,,,0,70,,2265,,,0,30,,2255,,,0,70,,2266,,,0,30,,2257,,,0,68,,2245,,,0,30,,2256,,,0,69,,2244,,,0,29,,2258,,,0,70,,2246,,,0,30,,2260,,,0,100,,2270,,,0,100,,2271,,,0,100,,2261,,,0,100,,2262,,,0
100,'TM-H26-TM_GTFS-Week-end-02',647,,2272,,,0,97,,2273,,,0,100,,2274,,,0,102,,2275,,,0,100,,2276,,,0,100,,2277,,,0,100,,2278,,,0,100,,2279,,,0,98,,2280,,,0,100,,2281,,,0,100,,2282,,,0,100,,2283,,,0,99,,2284,,,0,100,,2285,,,0,99,,2286,,,0,100,,2287,,,0,99,,2288,,,0,100,,2289,,,0,100,,2290,,,0
401,'TM-H26-TM_GTFS-Fête-2-02',542,,2423,,,0,100,,2425,,,0,100,,2424,,,0,101,,2422,,,0,1074,,2426,,,0
401,'TM-H26-TM_GTFS-Semaine-02',542,,2428,,,0,100,,2430,,,0,100,,2429,,,0,101,,2427,,,0,1074,,2431,,,0
800,'TM-H26-TM_GTFS-Fête-1-01',622,,2438,,,0,99,,2439,,,0,100,,2440,,,0,100,,2441,,,0,101,,2442,,,0,100,,2443,,,0,100,,2444,,,0,100,,2445,,,0,100,,2446,,,0,100,,2447,,,0,100,,2448,,,0,100,,2449,,,0,99,,2450,,,0,100,,2451,,,0,100,,2452,,,0,100,,2453,,,0,100,,2454,,,0,100,,2455,,,0,100,,2456,,,0
800,'TM-H26-TM_GTFS-Fête-2-02',622,,2469,0,16 1 8 5,0,102,,2464,,,0,100,,2460,,,0,99,,2461,,,0,100,,2467,,,0,100,,2468,,,0,100,,2458,,,0,100,,2459,,,0,100,,2465,,,0,102,,2470,,,0,100,,2466,,,0,100,,2462,,,0,97,,2463,,,0,100,,2471,,,0,100,,2472,,,0,100,,2473,,,0,100,,2474,,,0,100,,2475,,,0,99,,2476,,,0
800,'TM-H26-TM_GTFS-Semaine-02',622,,2489,,,0,102,,2484,,,0,100,,2480,,,0,99,,2481,,,0,100,,2487,,,0,100,,2488,,,0,100,,2478,,,0,100,,2479,,,0,100,,2485,,,0,102,,2490,,,0,100,,2486,,,0,100,,2482,,,0,97,,2483,,,0,100,,2491,,,0,100,,2492,,,0,100,,2493,,,0,100,,2494,,,0,100,,2495,,,0,99,,2496,,,0
800,'TM-H26-TM_GTFS-Week-end-02',622,,2498,,,0,99,,2499,,,0,100,,2500,,,0,100,,2501,,,0,101,,2502,,,0,100,,2503,,,0,100,,2504,,,0,100,,2505,,,0,100,,2506,,,0,100,,2507,,,0,100,,2508,,,0,100,,2509,,,0,99,,2510,,,0,100,,2511,,,0,100,,2512,,,0,100,,2513,,,0,100,,2514,,,0,100,,2515,,,0,100,,2516,,,0
1801,'TM-H26-TM_GTFS-Fête-2-02',641,,3134,0,5 1 6 7 5,0,100,,3135,0,5 1 6 7 5,0,93,,3143,0,5 1 6 7 5,0,107,,3136,0,5 1 6 7 5,0,200,,3137,0,5 1 6 7 5,0,200,,3138,0,5 1 6 7 5,0,200,,3139,0,5 1 6 7 5,0,103,,3133,0,5 1 6 7 5,0,100,,3141,0,5 1 6 7 5,0,95,,3140,0,5 1 6 7 5,0,197,,3132,0,5 1 6 7 5,0,200,,3142,0,5 1 6 7 5,0
1801,'TM-H26-TM_GTFS-Semaine-02',641,,3147,0,5 1 6 7 5,0,100,,3148,0,5 1 6 7 5,0,93,,3156,0,5 1 6 7 5,0,107,,3149,0,5 1 6 7 5,0,200,,3150,0,5 1 6 7 5,0,200,,3151,0,5 1 6 7 5,0,200,,3152,0,5 1 6 7 5,0,103,,3146,0,5 1 6 7 5,0,100,,3154,0,5 1 6 7 5,0,95,,3153,0,5 1 6 7 5,0,197,,3145,0,5 1 6 7 5,0,200,,3155,0,5 1 6 7 5,0
