300,'TM-E26-TM_GTFS-Fête-1-01',631,,3445,520,,,0,201,,3446,640,,,0,208,,3447,640,,,0,200,,3448,640,,,0,200,,3449,640,,,0,196,,3450,640,,,0,197,,3451,640,,,0,199,,3452,640,,,0,200,,3453,640,,,0,198,,3454,640,,,0
300,'TM-E26-TM_GTFS-Semaine-01',538,,3456,510,,,0,99,,3457,630,,,0,70,,3473,630,,,0,31,,3467,630,,,0,70,,3472,630,,,0,32,,3466,630,,,0,100,,3461,630,,,0,200,,3462,630,,,0,200,,3463,630,,,0,171,,3465,630,,,0,105,,3464,630,,,0,99,,3470,630,,,0,28,,3469,630,,,0,66,,3471,630,,,0,30,,3468,630,,,0,95,,3455,630,,,0,167,,3458,630,,,0,100,,3459,630,,,0,227,,3460,630,,,0
300,'TM-E26-TM_GTFS-Week-end-01',631,,3474,520,,,0,201,,3475,640,,,0,208,,3476,640,,,0,200,,3477,640,,,0,200,,3478,640,,,0,196,,3479,640,,,0,197,,3480,640,,,0,199,,3481,640,,,0,200,,3482,640,,,0,198,,3483,640,,,0
400,'TM-E26-TM_GTFS-Semaine-01',1659,,3488,410,,,0,91,,3484,410,,,0,100,,3485,410,,,0,294,,3486,410,,,0,275,,3487,410,,,0
401,'TM-E26-TM_GTFS-Semaine-01',606,,3490,480,,,0,101,,3492,480,,,0,100,,3491,480,,,0,101,,3489,480,,,0,1031,,3493,480,,,0
800,'TM-E26-TM_GTFS-Fête-1-01',703,,3498,210,,,0,100,,3499,210,,,0,100,,3500,210,,,0,100,,3501,210,,,0,100,,3502,210,,,0,100,,3503,210,,,0,100,,3504,210,,,0,100,,3505,210,,,0,100,,3506,210,,,0,100,,3507,210,,,0,100,,3508,210,,,0,100,,3509,210,,,0,100,,3510,210,,,0,100,,3511,210,,,0,100,,3512,210,,,0,100,,3513,210,,,0,100,,3514,210,,,0,100,,3515,210,,,0,99,,3516,210,0,16,0
800,'TM-E26-TM_GTFS-Semaine-01',603,,3528,210,,,0,101,,3523,210,,,0,100,,3519,210,,,0,100,,3520,210,,,0,100,,3526,210,,,0,100,,3527,210,,,0,100,,3517,210,,,0,100,,3518,210,,,0,100,,3524,210,,,0,100,,3529,210,,,0,100,,3525,210,,,0,100,,3521,210,,,0,99,,3522,210,,,0,100,,3530,210,,,0,100,,3531,210,,,0,100,,3532,210,,,0,100,,3533,210,,,0,100,,3534,210,,,0,100,,3535,210,,,0,99,,3536,210,0,16,0
800,'TM-E26-TM_GTFS-Week-end-01',703,,3538,210,,,0,100,,3539,210,,,0,100,,3540,210,,,0,100,,3541,210,,,0,100,,3542,210,,,0,100,,3543,210,,,0,100,,3544,210,,,0,100,,3545,210,,,0,100,,3546,210,,,0,100,,3547,210,,,0,100,,3548,210,,,0,100,,3549,210,,,0,100,,3550,210,,,0,100,,3551,210,,,0,100,,3552,210,,,0,100,,3553,210,,,0,100,,3554,210,,,0,100,,3555,210,,,0,99,,3556,210,0,16,0
1101,'TM-E26-TM_GTFS-Fête-1-01',638,,3656,650,,,0,100,,3646,650,,,0,100,,3657,650,,,0,101,,3647,650,,,0,101,,3648,650,,,0,100,,3658,650,,,0,100,,3649,650,,,0,100,,3659,650,,,0,100,,3650,650,,,0,100,,3660,650,,,0,100,,3651,650,,,0,100,,3661,650,,,0,99,,3652,650,,,0,98,,3662,650,,,0,100,,3653,650,,,0,99,,3663,650,,,0,100,,3654,650,,,0,100,,3664,650,,,0,100,,3655,650,,,0
1101,'TM-E26-TM_GTFS-Semaine-01',607,,3674,540,,,0,30,,3670,650,,,0,70,,3665,650,,,0,30,,3685,650,,,0,70,,3675,650,,,0,30,,3678,650,,,0,100,,3686,650,,,0,100,,3679,650,,,0,102,,3682,650,,,0,100,,3680,650,,,0,100,,3683,650,,,0,100,,3681,650,,,0,97,,3684,650,,,0,70,,3676,650,,,0,32,,3690,650,,,0,70,,3671,650,,,0,31,,3673,650,,,0,69,,3677,650,,,0,30,,3666,650,,,0,69,,3672,650,,,0,30,,3687,650,,,0,103,,3667,650,,,0,99,,3688,650,,,0,100,,3668,650,,,0,99,,3689,650,,,0,101,,3669,650,,,0
1101,'TM-E26-TM_GTFS-Week-end-01',638,,3701,650,,,0,100,,3691,650,,,0,100,,3702,650,,,0,101,,3692,650,,,0,101,,3693,650,,,0,100,,3703,650,,,0,100,,3694,650,,,0,100,,3704,650,,,0,100,,3695,650,,,0,100,,3705,650,,,0,100,,3696,650,,,0,100,,3706,650,,,0,99,,3697,650,,,0,98,,3707,650,,,0,100,,3698,650,,,0,99,,3708,650,,,0,100,,3699,650,,,0,100,,3709,650,,,0,100,,3700,650,,,0
2001,'TM-E26-TM_GTFS-Fête-1-01',635,,4243,280,,,0,102,,4244,280,,,0,101,,4245,280,,,0,100,,4246,280,,,0,101,,4237,280,,,0,101,,4238,280,,,0,100,,4247,280,,,0,101,,4248,280,,,0,100,,4249,280,,,0,99,,4239,280,,,0,100,,4240,280,,,0,99,,4241,280,,,0,98,,4242,280,,,0,100,,4250,280,,,0,100,,4251,280,,,0,100,,4252,280,,,0,99,,4253,280,,,0,100,,4254,280,,,0,100,,4255,280,,,0
2001,'TM-E26-TM_GTFS-Semaine-01',537,,4260,280,,,0,101,,4261,280,,,0,70,,4257,280,,,0,30,,4262,280,,,0,72,,4281,280,,,0,30,,4263,280,,,0,70,,4279,280,,,0,30,,4264,280,,,0,100,,4265,280,,,0,101,,4256,280,,,0,100,,4266,280,,,0,100,,4273,280,,,0,100,,4274,280,,,0,99,,4275,280,,,0,100,,4276,280,,,0,64,,4277,280,,,0,30,,4258,280,,,0,70,,4278,280,,,0,30,,4267,280,,,0,71,,4280,280,,,0,28,,4259,280,,,0,105,,4268,280,,,0,99,,4269,280,,,0,97,,4270,280,,,0,100,,4271,280,,,0,100,,4272,280,,,0
2001,'TM-E26-TM_GTFS-Week-end-01',635,,4288,280,,,0,102,,4289,280,,,0,101,,4290,280,,,0,100,,4291,280,,,0,101,,4282,280,,,0,101,,4283,280,,,0,100,,4292,280,,,0,101,,4293,280,,,0,100,,4294,280,,,0,99,,4284,280,,,0,100,,4285,280,,,0,99,,4286,280,,,0,98,,4287,280,,,0,100,,4295,280,,,0,100,,4296,280,,,0,100,,4297,280,,,0,99,,4298,280,,,0,100,,4299,280,,,0,100,,4300,280,,,0
2100,'TM-E26-TM_GTFS-Semaine-01',637,,4302,370,0,5,0,94,,4301,590,0,5,0,100,,4303,590,0,5,0,100,,4304,590,0,5,0
2101,'TM-E26-TM_GTFS-Semaine-01',1639,,4307,590,0,5,0,100,,4306,590,0,5,0,100,,4305,590,0,5,0
