300,'TM-E26-TM_GTFS-Fête-1-01',757,,3446,60,,,0,201,,3447,60,,,0,200,,3448,60,,,0,200,,3449,60,,,0,200,,3450,60,,,0,199,,3451,60,,,0,200,,3452,60,,,0,200,,3453,60,,,0,199,,3454,60,,,0
300,'TM-E26-TM_GTFS-Semaine-01',558,,3457,60,,,0,70,,3473,60,,,0,30,,3467,60,,,0,70,,3472,60,,,0,31,,3466,60,,,0,100,,3461,60,,,0,241,,3462,60,,,0,200,,3463,60,,,0,130,,3465,60,,,0,105,,3464,60,,,0,96,,3470,60,,,0,69,,3469,60,,,0,30,,3471,60,,,0,70,,3468,60,,,0,58,,3455,60,,,0,169,,3458,60,,,0,100,,3459,60,,,0,230,,3460,60,,,0
300,'TM-E26-TM_GTFS-Week-end-01',757,,3475,60,,,0,201,,3476,60,,,0,200,,3477,60,,,0,200,,3478,60,,,0,200,,3479,60,,,0,199,,3480,60,,,0,200,,3481,60,,,0,200,,3482,60,,,0,199,,3483,60,,,0
1401,'TM-E26-TM_GTFS-Fête-1-01',755,,3783,60,,,0,103,,3780,60,,,0,101,,3794,60,,,0,100,,3790,60,,,0,100,,3788,60,,,0,100,,3791,60,,,0,141,,3789,60,,,0,59,,3792,60,,,0,100,,3795,60,,,0,100,,3793,60,,,0,100,,3778,60,,,0,99,,3781,60,,,0,100,,3779,60,,,0,100,,3784,60,,,0,97,,3787,60,,,0,103,,3785,60,,,0,99,,3782,60,,,0,100,,3786,60,,,0
1401,'TM-E26-TM_GTFS-Semaine-01',628,,3803,60,,,0,30,,3811,60,,,0,70,,3822,60,,,0,30,,3804,60,,,0,70,,3812,60,,,0,30,,3802,60,,,0,70,,3805,60,,,0,30,,3813,60,,,0,70,,3806,60,,,0,100,,3815,60,,,0,101,,3817,60,,,0,100,,3816,60,,,0,101,,3796,60,,,0,100,,3801,60,,,0,100,,3797,60,,,0,70,,3818,60,,,0,30,,3807,60,,,0,70,,3798,60,,,0,29,,3819,60,,,0,30,,3808,60,,,0,69,,3799,60,,,0,100,,3820,60,,,0,100,,3800,60,,,0,100,,3809,60,,,0,99,,3814,60,,,0,100,,3810,60,,,0,100,,3821,60,,,0
1401,'TM-E26-TM_GTFS-Week-end-01',755,,3828,60,,,0,103,,3825,60,,,0,101,,3839,60,,,0,100,,3835,60,,,0,100,,3833,60,,,0,100,,3836,60,,,0,141,,3834,60,,,0,59,,3837,60,,,0,100,,3840,60,,,0,100,,3838,60,,,0,100,,3823,60,,,0,99,,3826,60,,,0,100,,3824,60,,,0,100,,3829,60,,,0,97,,3832,60,,,0,103,,3830,60,,,0,99,,3827,60,,,0,100,,3831,60,,,0
1700,'TM-E26-TM_GTFS-Fête-1-01',657,,3841,60,,,0,100,,3851,60,,,0,100,,3842,60,,,0,101,,3852,60,,,0,100,,3843,60,,,0,101,,3853,60,,,0,100,,3844,60,,,0,100,,3854,60,,,0,100,,3845,60,,,0,100,,3855,60,,,0,100,,3846,60,,,0,100,,3856,60,,,0,99,,3847,60,,,0,100,,3857,60,,,0,100,,3848,60,,,0,100,,3858,60,,,0,99,,3849,60,,,0,100,,3859,60,,,0,100,,3850,60,,,0
1700,'TM-E26-TM_GTFS-Semaine-01',557,,3864,60,,,0,101,,3872,60,,,0,100,,3865,60,,,0,100,,3873,60,,,0,100,,3866,60,,,0,100,,3860,60,,,0,100,,3867,60,,,0,100,,3874,60,,,0,101,,3868,60,,,0,100,,3875,60,,,0,141,,3869,60,,,0,100,,3861,60,,,0,59,,3870,60,,,0,100,,3862,60,,,0,99,,3871,60,,,0,100,,3863,60,,,0,100,,3877,60,,,0,99,,3879,60,,,0,100,,3878,60,,,0,100,,3876,60,,,0
1700,'TM-E26-TM_GTFS-Week-end-01',657,,3880,60,,,0,100,,3890,60,,,0,100,,3881,60,,,0,101,,3891,60,,,0,100,,3882,60,,,0,101,,3892,60,,,0,100,,3883,60,,,0,100,,3893,60,,,0,100,,3884,60,,,0,100,,3894,60,,,0,100,,3885,60,,,0,100,,3895,60,,,0,99,,3886,60,,,0,100,,3896,60,,,0,100,,3887,60,,,0,100,,3897,60,,,0,99,,3888,60,,,0,100,,3898,60,,,0,100,,3889,60,,,0
1801,'TM-E26-TM_GTFS-Semaine-01',602,,3989,150,0,6 7,0,100,,3990,150,0,6 7,0,53,,3998,150,0,6 7,0,147,,3991,150,0,6 7,0,200,,3992,150,0,6 7,0,200,,3993,150,0,6 7,0,200,,3994,150,0,6 7,0,101,,3988,150,0,6 7,0,100,,3996,150,0,6 7,0,100,,3995,150,0,6 7,0,199,,3987,150,0,6 7,0,200,,3997,150,0,6 7,0
2300,'TM-E26-TM_GTFS-Semaine-01',556,,4308,60,,,0,101,,4309,60,,,0,100,,4311,60,,,0,100,,4312,60,,,0,882,,4310,60,,,0
