1900,'TM-H26-TM_GTFS-Fête-1-01',554,,2112,20,,,0,100,,2113,20,,,0,100,,2114,20,,,0,100,,2115,20,,,0,100,,2116,20,,,0,100,,2117,20,,,0,100,,2118,20,,,0,100,,2119,20,,,0,100,,2120,20,,,0,100,,2121,20,,,0,100,,2122,20,,,0,100,,2123,20,,,0,100,,2124,20,,,0,100,,2125,20,,,0,100,,2126,20,,,0,100,,2127,20,,,0,100,,2128,20,,,0,100,,2129,20,,,0,100,,2130,20,,,0,100,,2131,20,,,0
1900,'TM-H26-TM_GTFS-Fête-2-02',502,,2139,20,,,0,25,,2138,20,,,0,20,,2149,20,,,0,60,,2140,20,,,0,16,,2172,20,,,0,12,,2137,20,,,0,12,,2163,20,,,0,12,,2134,20,,,0,52,,2173,20,,,0,12,,2135,20,,,0,12,,2142,20,,,0,12,,2136,20,,,0,12,,2174,20,,,0,55,,2171,20,,,0,10,,2143,20,,,0,30,,2150,20,,,0,70,,2169,20,,,0,30,,2156,20,,,0,70,,2170,20,,,0,30,,2157,20,,,0,70,,2144,20,,,0,30,,2151,20,,,0,70,,2145,20,,,0,30,,2152,20,,,0,70,,2146,20,,,0,30,,2153,20,,,0,70,,2147,20,,,0,30,,2154,20,,,0,72,,2148,20,,,0,20,,2175,20,,,0,72,,2133,20,,,0,30,,2176,20,,,0,54,,2177,20,,,0,17,,2155,20,,,0,21,,2178,20,,,0,10,,2179,20,,,0,70,,2164,20,,,0,34,,2141,20,,,0,70,,2165,20,,,0,30,,2158,20,,,0,70,,2166,20,,,0,30,,2168,20,,,0,70,,2167,20,,,0,30,,2159,20,,,0,70,,2132,20,,,0,30,,2160,20,,,0,100,,2161,20,,,0,100,,2162,20,,,0
1900,'TM-H26-TM_GTFS-Semaine-02',502,,2195,20,,,0,15,,2248,20,,,0,10,,2193,20,,,0,10,,2200,20,,,0,10,,2208,20,,,0,10,,2234,20,,,0,50,,2196,20,,,0,10,,2240,20,,,0,6,,2235,20,,,0,6,,2216,20,,,0,6,,2191,20,,,0,6,,2186,20,,,0,6,,2225,20,,,0,6,,2194,20,,,0,6,,2183,20,,,0,46,,2197,20,,,0,6,,2237,20,,,0,6,,2236,20,,,0,6,,2187,20,,,0,6,,2189,20,,,0,6,,2201,20,,,0,6,,2184,20,,,0,6,,2190,20,,,0,6,,2241,20,,,0,6,,2238,20,,,0,47,,2198,20,,,0,8,,2233,20,,,0,10,,2202,20,,,0,10,,2217,20,,,0,10,,2185,20,,,0,10,,2209,20,,,0,50,,2192,20,,,0,20,,2231,20,,,0,30,,2218,20,,,0,70,,2232,20,,,0,30,,2219,20,,,0,70,,2203,20,,,0,30,,2210,20,,,0,70,,2204,20,,,0,30,,2211,20,,,0,70,,2205,20,,,0,30,,2212,20,,,0,70,,2206,20,,,0,30,,2213,20,,,0,72,,2207,20,,,0,20,,2242,20,,,0,54,,2214,20,,,0,18,,2181,20,,,0,30,,2243,20,,,0,6,,2188,20,,,0,48,,2244,20,,,0,17,,2215,20,,,0,12,,2246,20,,,0,9,,2245,20,,,0,10,,2247,20,,,0,50,,2239,20,,,0,20,,2226,20,,,0,15,,2182,20,,,0,19,,2199,20,,,0,70,,2227,20,,,0,30,,2220,20,,,0,70,,2228,20,,,0,30,,2230,20,,,0,70,,2229,20,,,0,30,,2221,20,,,0,70,,2180,20,,,0,30,,2222,20,,,0,100,,2223,20,,,0,100,,2224,20,,,0
1900,'TM-H26-TM_GTFS-Week-end-02',554,,2249,20,,,0,100,,2250,20,,,0,100,,2251,20,,,0,100,,2252,20,,,0,100,,2253,20,,,0,100,,2254,20,,,0,100,,2255,20,,,0,100,,2256,20,,,0,100,,2257,20,,,0,100,,2258,20,,,0,100,,2259,20,,,0,100,,2260,20,,,0,100,,2261,20,,,0,100,,2262,20,,,0,100,,2263,20,,,0,100,,2264,20,,,0,100,,2265,20,,,0,100,,2266,20,,,0,100,,2267,20,,,0,100,,2268,20,,,0
2500,'TM-H26-TM_GTFS-Fête-2-02',553,,2662,20,,,0,70,,2664,20,,,0,30,,2655,20,,,0,70,,2666,20,,,0,30,,2665,20,,,0,70,,2667,20,,,0,30,,2670,20,,,0,100,,2656,20,,,0,100,,2657,20,,,0,100,,2658,20,,,0,170,,2659,20,,,0,100,,2660,20,,,0,100,,2668,20,,,0,30,,2661,20,,,0,100,,2663,20,,,0,100,,2669,20,,,0
2500,'TM-H26-TM_GTFS-Semaine-02',553,,2678,20,,,0,70,,2680,20,,,0,30,,2671,20,,,0,70,,2682,20,,,0,30,,2681,20,,,0,70,,2683,20,,,0,30,,2686,20,,,0,100,,2672,20,,,0,100,,2673,20,,,0,100,,2674,20,,,0,170,,2675,20,,,0,100,,2676,20,,,0,100,,2684,20,,,0,30,,2677,20,,,0,100,,2679,20,,,0,100,,2685,20,,,0
3000,'TM-H26-TM_GTFS-Fête-1-01',653,,2735,20,,,0,100,,2736,20,,,0,900,,2737,20,,,0,200,,2738,20,,,0
3000,'TM-H26-TM_GTFS-Fête-2-02',501,,2765,60,,,0,32,,2758,60,,,0,15,,2749,20,,,0,55,,2752,60,,,0,25,,2766,60,,,0,20,,2750,60,,,0,10,,2747,20,,,0,50,,2759,60,,,0,10,,2746,60,,,0,10,,2760,60,,,0,20,,2755,60,,,0,70,,2753,60,,,0,35,,2756,60,,,0,103,,2757,20,,,0,100,,2744,20,,,0,98,,2751,20,,,0,100,,2742,20,,,0,100,,2743,20,,,0,100,,2762,20,,,0,100,,2739,70,,,0,65,,2745,60,,,0,18,,2763,60,,,0,15,,2754,60,,,0,70,,2748,20,,,0,27,,2761,20,,,0,153,,2764,60,,,0,98,,2740,20,,,0,54,,2741,20,,,0
3000,'TM-H26-TM_GTFS-Semaine-02',501,,2806,60,,,0,32,,2797,60,,,0,15,,2786,20,,,0,55,,2790,60,,,0,15,,2800,60,,,0,5,,2779,20,,,0,5,,2807,60,,,0,10,,2777,20,,,0,10,,2787,60,,,0,5,,2780,20,,,0,5,,2778,20,,,0,50,,2798,60,,,0,10,,2776,60,,,0,5,,2781,20,,,0,5,,2799,60,,,0,10,,2785,20,,,0,10,,2793,60,,,0,10,,2783,20,,,0,50,,2796,20,,,0,10,,2791,60,,,0,15,,2788,20,,,0,20,,2794,60,,,0,73,,2782,20,,,0,30,,2795,20,,,0,100,,2774,20,,,0,98,,2789,20,,,0,100,,2772,20,,,0,100,,2773,20,,,0,100,,2803,20,,,0,100,,2767,70,,,0,65,,2775,60,,,0,18,,2804,60,,,0,15,,2792,60,,,0,70,,2784,20,,,0,15,,2802,60,,,0,12,,2801,20,,,0,53,,2768,60,,,0,19,,2769,60,,,0,81,,2805,60,,,0,98,,2770,20,,,0,54,,2771,20,,,0
3000,'TM-H26-TM_GTFS-Week-end-02',653,,2808,20,,,0,100,,2809,20,,,0,900,,2810,20,,,0,200,,2811,20,,,0
2002500,'TM-H26-TM_GTFS-Fête-1-01',654,,3058,20,,,0,100,,3059,20,,,0,100,,3060,20,,,0,100,,3061,20,,,0,100,,3062,20,,,0,100,,3063,20,,,0,100,,3064,20,,,0,100,,3065,20,,,0,100,,3066,20,,,0,100,,3067,20,,,0,100,,3068,20,,,0,100,,3069,20,,,0,100,,3070,20,,,0,100,,3071,20,,,0,100,,3072,20,,,0,100,,3073,20,,,0,100,,3074,20,,,0,100,,3057,20,,,0,100,,3056,20,,,0
2002500,'TM-H26-TM_GTFS-Fête-2-02',1854,,3075,20,,,0,100,,3076,20,,,0,100,,3077,20,,,0,100,,3078,20,,,0,100,,3079,20,,,0,100,,3080,20,,,0,100,,3081,20,,,0
2002500,'TM-H26-TM_GTFS-Semaine-02',1854,,3082,20,,,0,100,,3083,20,,,0,100,,3084,20,,,0,100,,3085,20,,,0,100,,3086,20,,,0,100,,3087,20,,,0,100,,3088,20,,,0
2002500,'TM-H26-TM_GTFS-Week-end-02',654,,3091,20,,,0,100,,3092,20,,,0,100,,3093,20,,,0,100,,3094,20,,,0,100,,3095,20,,,0,100,,3096,20,,,0,100,,3097,20,,,0,100,,3098,20,,,0,100,,3099,20,,,0,100,,3100,20,,,0,100,,3101,20,,,0,100,,3102,20,,,0,100,,3103,20,,,0,100,,3104,20,,,0,100,,3105,20,,,0,100,,3106,20,,,0,100,,3107,20,,,0,100,,3090,20,,,0,100,,3089,20,,,0
