200,'TM-H26-TM_GTFS-Semaine-02',557,,1295,100,,,0,70,,1289,100,,,0,30,,1296,100,,,0,70,,1290,100,,,0,30,,1297,100,,,0,70,,1291,100,,,0,130,,1285,100,,,0,200,,1286,100,,,0,200,,1287,100,0,8 7,0,101,,1284,100,,,0,100,,1293,100,,,0,70,,1292,100,,,0,30,,1294,100,,,0,70,,1288,100,,,0,100,,1277,100,,,0,130,,1283,100,,,0,98,,1280,100,,,0,100,,1279,100,,,0,100,,1281,100,,,0,200,,1282,100,0,12,0
200,'TM-H26-TM_GTFS-Week-end-02',657,,1298,100,,,0,200,,1299,100,,,0,200,,1300,100,,,0,200,,1301,100,,,0,200,,1302,100,,,0,200,,1303,100,,,0,200,,1304,100,,,0,200,,1305,100,,,0,200,,1306,100,,,0,200,,1307,100,0,12,0
401,'TM-H26-TM_GTFS-Semaine-02',547,,1382,180,,,0,100,,1384,180,,,0,100,,1383,180,,,0,101,,1381,180,,,0,1074,,1385,180,,,0
1100,'TM-H26-TM_GTFS-Semaine-02',526,,1561,100,,,0,30,,1583,100,,,0,70,,1572,100,,,0,30,,1568,100,,,0,70,,1562,100,,,0,30,,1584,100,,,0,70,,1573,100,,,0,31,,1576,100,,,0,100,,1580,100,,,0,100,,1577,100,,,0,100,,1581,100,,,0,100,,1578,100,,,0,101,,1582,100,,,0,100,,1589,100,,,0,70,,1569,100,,,0,30,,1571,100,,,0,70,,1574,100,,,0,30,,1563,100,,,0,70,,1570,100,,,0,30,,1585,100,,,0,70,,1575,100,,,0,29,,1564,100,,,0,69,,1579,100,,,0,30,,1586,100,,,0,100,,1565,100,,,0,100,,1587,100,,,0,100,,1566,100,,,0,100,,1588,100,,,0,100,,1567,100,,,0
1100,'TM-H26-TM_GTFS-Week-end-02',556,,1590,100,,,0,100,,1600,100,,,0,100,,1591,100,,,0,100,,1592,100,,,0,100,,1601,100,,,0,101,,1593,100,,,0,100,,1602,100,,,0,100,,1594,100,,,0,100,,1603,100,,,0,100,,1595,100,,,0,100,,1604,100,,,0,100,,1596,100,,,0,100,,1605,100,,,0,100,,1597,100,,,0,100,,1606,100,,,0,100,,1598,100,,,0,100,,1607,100,,,0,100,,1599,100,,,0,100,,1608,100,,,0,100,,1609,100,,,0
2000,'TM-H26-TM_GTFS-Semaine-02',557,,2477,100,,,0,70,,2472,100,,,0,30,,2478,100,,,0,70,,2496,100,,,0,30,,2479,100,,,0,70,,2494,100,,,0,30,,2480,100,,,0,100,,2481,100,,,0,100,,2482,100,,,0,100,,2483,100,,,0,101,,2487,100,,,0,100,,2471,100,,,0,100,,2486,100,,,0,100,,2473,100,,,0,70,,2475,100,,,0,30,,2474,100,,,0,69,,2493,100,,,0,30,,2484,100,,,0,70,,2495,100,,,0,30,,2476,100,,,0,100,,2485,100,,,0,100,,2488,100,,,0,100,,2489,100,,,0,99,,2490,100,,,0,100,,2491,100,,,0,100,,2492,100,,,0
2000,'TM-H26-TM_GTFS-Week-end-02',656,,2506,100,,,0,100,,2507,100,,,0,101,,2508,100,,,0,100,,2497,100,,,0,100,,2498,100,,,0,100,,2499,100,,,0,100,,2500,100,,,0,100,,2501,100,,,0,100,,2502,100,,,0,100,,2503,100,,,0,100,,2504,100,,,0,100,,2505,100,,,0,100,,2509,100,,,0,100,,2510,100,,,0,100,,2511,100,,,0,100,,2512,100,,,0,99,,2513,100,,,0,100,,2514,100,,,0,100,,2515,100,,,0
2100,'TM-H26-TM_GTFS-Semaine-02',656,,2610,100,0,5,0,100,,2612,100,0,5,0,100,,2613,100,0,5,0
2101,'TM-H26-TM_GTFS-Semaine-02',1558,,2619,100,0,5,0,100,,2618,100,0,5,0,100,,2617,100,0,5,0
2700,'TM-H26-TM_GTFS-Semaine-02',721,,2726,100,,,0,100,,2721,100,,,0,706,,2724,100,,,0,100,,2725,100,,,0,100,,2723,100,,,0,100,,2722,100,,,0,100,,2727,100,,,0
