200,'TM-E26-TM_GTFS-Fête-1-01',735,,3404,680,,,0,206,,3405,680,,,0,200,,3406,680,,,0,200,,3407,680,,,0,200,,3408,680,,,0,195,,3409,680,,,0,198,,3410,680,,,0,200,,3411,680,,,0,200,,3412,680,,,0
200,'TM-E26-TM_GTFS-Semaine-01',607,,3415,490,,,0,27,,3432,660,,,0,72,,3426,660,,,0,30,,3433,660,,,0,74,,3427,660,,,0,30,,3434,660,,,0,70,,3428,660,,,0,130,,3422,660,,,0,200,,3423,660,,,0,200,,3424,660,0,8 7,0,100,,3421,660,,,0,105,,3430,660,,,0,70,,3429,660,,,0,30,,3431,660,,,0,70,,3425,660,,,0,95,,3414,660,,,0,130,,3420,660,,,0,93,,3417,660,,,0,99,,3416,660,,,0,100,,3418,660,,,0
200,'TM-E26-TM_GTFS-Week-end-01',735,,3435,680,,,0,206,,3436,680,,,0,200,,3437,680,,,0,200,,3438,680,,,0,200,,3439,680,,,0,195,,3440,680,,,0,198,,3441,680,,,0,200,,3442,680,,,0,200,,3443,680,,,0
1400,'TM-E26-TM_GTFS-Fête-1-01',644,,3710,410,,,0,100,,3715,410,,,0,100,,3713,410,,,0,100,,3727,410,,,0,100,,3722,410,,,0,100,,3720,410,,,0,99,,3723,410,,,0,100,,3721,410,,,0,100,,3724,410,,,0,100,,3728,410,,,0,100,,3725,410,,,0,100,,3729,410,,,0,100,,3726,410,,,0,100,,3712,410,,,0,100,,3716,410,,,0,100,,3719,410,,,0,100,,3717,410,,,0,100,,3714,410,,,0,100,,3718,410,,,0,100,,3711,410,,,0
1400,'TM-E26-TM_GTFS-Semaine-01',536,,3745,410,,,0,72,,3738,410,,,0,31,,3746,410,,,0,72,,3751,410,,,0,28,,3739,410,,,0,70,,3747,410,,,0,30,,3737,410,,,0,70,,3740,410,,,0,30,,3748,410,,,0,72,,3741,410,,,0,100,,3752,410,,,0,100,,3754,410,,,0,100,,3753,410,,,0,100,,3730,410,,,0,100,,3735,410,,,0,100,,3731,410,,,0,30,,3749,410,,,0,70,,3736,410,,,0,30,,3732,410,,,0,70,,3755,410,,,0,30,,3742,410,,,0,70,,3733,410,,,0,102,,3756,410,,,0,101,,3734,410,,,0,100,,3743,410,,,0,99,,3750,410,,,0,101,,3744,410,,,0,99,,3757,410,,,0
1400,'TM-E26-TM_GTFS-Week-end-01',644,,3758,410,,,0,100,,3763,410,,,0,100,,3761,410,,,0,100,,3775,410,,,0,100,,3770,410,,,0,100,,3768,410,,,0,99,,3771,410,,,0,100,,3769,410,,,0,100,,3772,410,,,0,100,,3776,410,,,0,100,,3773,410,,,0,100,,3777,410,,,0,100,,3774,410,,,0,100,,3760,410,,,0,100,,3764,410,,,0,100,,3767,410,,,0,100,,3765,410,,,0,100,,3762,410,,,0,100,,3766,410,,,0,100,,3759,410,,,0
1701,'TM-E26-TM_GTFS-Fête-1-01',636,,3917,620,,,0,101,,3908,620,,,0,100,,3899,620,,,0,100,,3909,620,,,0,101,,3900,620,,,0,100,,3910,620,,,0,100,,3901,620,,,0,100,,3911,620,,,0,100,,3902,620,,,0,100,,3912,620,,,0,99,,3903,620,,,0,99,,3913,620,,,0,100,,3904,620,,,0,100,,3914,620,,,0,99,,3905,620,,,0,100,,3915,620,,,0,99,,3906,620,,,0,100,,3916,620,,,0,100,,3907,620,,,0
1701,'TM-E26-TM_GTFS-Semaine-01',535,,3921,620,,,0,104,,3930,620,,,0,94,,3922,620,,,0,104,,3931,620,,,0,100,,3923,620,,,0,99,,3932,620,,,0,100,,3924,620,,,0,100,,3933,620,,,0,100,,3925,620,,,0,100,,3934,620,,,0,101,,3926,620,,,0,100,,3935,620,,,0,103,,3927,620,,,0,96,,3918,620,,,0,95,,3928,620,,,0,100,,3919,620,,,0,100,,3929,620,,,0,100,,3920,620,,,0,100,,3936,620,,,0,100,,3937,620,,,0
1701,'TM-E26-TM_GTFS-Week-end-01',636,,3956,620,,,0,101,,3947,620,,,0,100,,3938,620,,,0,100,,3948,620,,,0,101,,3939,620,,,0,100,,3949,620,,,0,100,,3940,620,,,0,100,,3950,620,,,0,100,,3941,620,,,0,100,,3951,620,,,0,99,,3942,620,,,0,99,,3952,620,,,0,100,,3943,620,,,0,100,,3953,620,,,0,99,,3944,620,,,0,100,,3954,620,,,0,99,,3945,620,,,0,100,,3955,620,,,0,100,,3946,620,,,0
1800,'TM-E26-TM_GTFS-Fête-1-01',733,,3960,630,,,0,100,,3961,630,,,0,101,,3962,630,,,0,400,,3963,630,,,0,200,,3957,630,,,0,100,,3958,630,,,0,100,,3959,630,,,0,299,,3964,630,,,0
1800,'TM-E26-TM_GTFS-Semaine-01',605,,3965,320,,,0,102,,3974,630,,,0,100,,3966,630,,,0,30,,3970,630,,,0,70,,3967,630,,,0,130,,3971,630,,,0,200,,3972,630,,,0,200,,3973,630,,,0,168,,3968,630,,,0,100,,3977,630,,,0,100,,3978,630,,,0,31,,3975,370,,,0,98,,3976,630,,,0,200,,3969,630,,,0
1800,'TM-E26-TM_GTFS-Week-end-01',733,,3982,630,,,0,100,,3983,630,,,0,101,,3984,630,,,0,400,,3985,630,,,0,200,,3979,630,,,0,100,,3980,630,,,0,100,,3981,630,,,0,299,,3986,630,,,0
2301,'TM-E26-TM_GTFS-Semaine-01',807,,4313,190,,,0,102,,4316,190,,,0,800,,4314,190,,,0,132,,4315,190,,,0
3000,'TM-E26-TM_GTFS-Semaine-01',454,,4378,40,,,0,72,,4372,40,,,0,30,,4366,40,,,0,64,,4379,40,,,0,20,,4364,40,,,0,60,,4373,40,,,0,20,,4374,40,,,0,20,,4369,40,,,0,70,,4367,40,,,0,35,,4370,40,,,0,701,,4354,40,,,0,65,,4361,40,,,0,33,,4368,40,,,0,169,,4355,40,,,0,41,,4377,40,,,0
