100,'TM-H26-TM_GTFS-Fête-1-01',625,,1144,280,,,0,96,,1145,570,,,0,100,,1146,570,,,0,101,,1147,570,,,0,100,,1148,570,,,0,100,,1149,570,,,0,100,,1150,570,,,0,100,,1151,570,,,0,104,,1152,640,,,0,100,,1153,640,,,0,100,,1154,640,,,0,100,,1155,640,,,0,99,,1156,640,,,0,100,,1157,640,,,0,100,,1158,640,,,0,100,,1159,640,,,0,99,,1160,640,,,0,100,,1161,640,,,0,100,,1162,640,,,0,99,,1163,640,0,16 1 13 3 18,0
100,'TM-H26-TM_GTFS-Fête-2-02',552,,1164,570,,,0,70,,1192,570,,,0,30,,1190,570,,,0,70,,1182,570,,,0,30,,1191,570,,,0,70,,1170,570,,,0,30,,1187,570,,,0,70,,1171,570,,,0,100,,1172,570,,,0,100,,1173,570,,,0,100,,1174,570,,,0,100,,1175,570,,,0,100,,1176,570,,,0,100,,1177,570,,,0,30,,1188,570,,,0,71,,1178,570,,,0,30,,1189,570,,,0,70,,1180,570,,,0,30,,1168,570,,,0,70,,1179,570,,,0,29,,1167,570,,,0,69,,1181,570,,,0,30,,1169,570,,,0,70,,1183,570,,,0,100,,1193,570,,,0,100,,1194,570,,,0,100,,1184,570,,,0,100,,1185,570,,,0,100,,1186,570,0,16 1 13 3 18,0
100,'TM-H26-TM_GTFS-Semaine-02',552,,1195,570,,,0,70,,1223,570,,,0,30,,1221,570,,,0,70,,1213,570,,,0,30,,1222,570,,,0,70,,1201,570,,,0,30,,1218,570,,,0,70,,1202,570,,,0,100,,1203,570,,,0,100,,1204,570,,,0,100,,1205,570,,,0,100,,1206,570,,,0,100,,1207,570,,,0,100,,1208,570,,,0,30,,1219,570,,,0,71,,1209,570,,,0,30,,1220,570,,,0,70,,1211,570,,,0,30,,1199,570,,,0,70,,1210,570,,,0,29,,1198,570,,,0,69,,1212,570,,,0,30,,1200,570,,,0,70,,1214,570,,,0,100,,1224,570,,,0,100,,1225,570,,,0,100,,1215,570,,,0,100,,1216,570,,,0,100,,1217,570,0,16 1 13 3 18,0
100,'TM-H26-TM_GTFS-Week-end-02',625,,1226,280,,,0,96,,1227,570,,,0,100,,1228,570,,,0,101,,1229,570,,,0,100,,1230,570,,,0,100,,1231,570,,,0,100,,1232,570,,,0,100,,1233,570,,,0,104,,1234,640,,,0,100,,1235,640,,,0,100,,1236,640,,,0,100,,1237,640,,,0,99,,1238,640,,,0,100,,1239,640,,,0,100,,1240,640,,,0,100,,1241,640,,,0,99,,1242,640,,,0,100,,1243,640,,,0,100,,1244,640,,,0,99,,1245,640,0,16 1 13 3 18,0
1400,'TM-H26-TM_GTFS-Fête-1-01',637,,1700,300,,,0,100,,1705,300,,,0,99,,1703,300,,,0,99,,1717,300,,,0,99,,1712,300,,,0,100,,1710,300,,,0,99,,1713,300,,,0,100,,1711,300,,,0,100,,1714,300,,,0,102,,1718,300,,,0,100,,1715,300,,,0,100,,1719,300,,,0,100,,1716,300,,,0,100,,1702,300,,,0,100,,1706,300,,,0,100,,1709,300,,,0,100,,1707,300,,,0,102,,1704,300,,,0,100,,1708,300,,,0,100,,1701,300,,,0
1400,'TM-H26-TM_GTFS-Fête-2-02',527,,1735,300,,,0,31,,1728,300,,,0,71,,1736,300,,,0,72,,1741,300,,,0,27,,1729,300,,,0,30,,1737,300,,,0,70,,1727,300,,,0,31,,1730,300,,,0,70,,1738,300,,,0,72,,1731,300,,,0,100,,1742,300,,,0,100,,1744,300,,,0,100,,1743,300,,,0,100,,1720,300,,,0,100,,1725,300,,,0,99,,1721,300,,,0,30,,1739,300,,,0,70,,1726,300,,,0,30,,1722,300,,,0,70,,1745,300,,,0,32,,1732,300,,,0,70,,1723,300,,,0,102,,1746,300,,,0,101,,1724,300,,,0,100,,1733,300,,,0,101,,1740,300,,,0,101,,1734,300,,,0,99,,1747,300,,,0
1400,'TM-H26-TM_GTFS-Semaine-02',527,,1763,300,,,0,31,,1756,300,,,0,71,,1764,300,,,0,72,,1769,300,,,0,27,,1757,300,,,0,30,,1765,300,,,0,70,,1755,300,,,0,31,,1758,300,,,0,70,,1766,300,,,0,72,,1759,300,,,0,100,,1770,300,,,0,100,,1772,300,,,0,100,,1771,300,,,0,100,,1748,300,,,0,100,,1753,300,,,0,99,,1749,300,,,0,30,,1767,300,,,0,70,,1754,300,,,0,30,,1750,300,,,0,70,,1773,300,,,0,32,,1760,300,,,0,70,,1751,300,,,0,102,,1774,300,,,0,101,,1752,300,,,0,100,,1761,300,,,0,101,,1768,300,,,0,101,,1762,300,,,0,99,,1775,300,,,0
1400,'TM-H26-TM_GTFS-Week-end-02',637,,1776,300,,,0,100,,1781,300,,,0,99,,1779,300,,,0,99,,1793,300,,,0,99,,1788,300,,,0,100,,1786,300,,,0,99,,1789,300,,,0,100,,1787,300,,,0,100,,1790,300,,,0,102,,1794,300,,,0,100,,1791,300,,,0,100,,1795,300,,,0,100,,1792,300,,,0,100,,1778,300,,,0,100,,1782,300,,,0,100,,1785,300,,,0,100,,1783,300,,,0,102,,1780,300,,,0,100,,1784,300,,,0,100,,1777,300,,,0
1701,'TM-H26-TM_GTFS-Fête-1-01',628,,1982,510,,,0,100,,1973,510,,,0,100,,1964,510,,,0,100,,1974,510,,,0,100,,1965,510,,,0,100,,1975,510,,,0,100,,1966,510,,,0,100,,1976,510,,,0,100,,1967,510,,,0,100,,1977,510,,,0,100,,1968,510,,,0,100,,1978,510,,,0,100,,1969,510,,,0,100,,1979,510,,,0,99,,1970,510,,,0,100,,1980,510,,,0,100,,1971,510,,,0,100,,1981,510,,,0,100,,1972,510,,,0
1701,'TM-H26-TM_GTFS-Fête-2-02',528,,1986,510,,,0,102,,1995,510,,,0,94,,1987,510,,,0,104,,1996,510,,,0,99,,1988,510,,,0,99,,1997,510,,,0,100,,1989,510,,,0,100,,1998,510,,,0,100,,1990,510,,,0,100,,1999,510,,,0,101,,1991,510,,,0,100,,2000,510,,,0,104,,1992,510,,,0,98,,1983,510,,,0,95,,1993,510,,,0,100,,1984,510,,,0,100,,1994,510,,,0,100,,1985,510,,,0,100,,2001,510,,,0,100,,2002,510,,,0
1701,'TM-H26-TM_GTFS-Semaine-02',528,,2006,510,,,0,102,,2015,510,,,0,94,,2007,510,,,0,104,,2016,510,,,0,99,,2008,510,,,0,99,,2017,510,,,0,100,,2009,510,,,0,100,,2018,510,,,0,100,,2010,510,,,0,100,,2019,510,,,0,101,,2011,510,,,0,100,,2020,510,,,0,104,,2012,510,,,0,98,,2003,510,,,0,95,,2013,510,,,0,100,,2004,510,,,0,100,,2014,510,,,0,100,,2005,510,,,0,100,,2021,510,,,0,100,,2022,510,,,0
1701,'TM-H26-TM_GTFS-Week-end-02',628,,2041,510,,,0,100,,2032,510,,,0,100,,2023,510,,,0,100,,2033,510,,,0,100,,2024,510,,,0,100,,2034,510,,,0,100,,2025,510,,,0,100,,2035,510,,,0,100,,2026,510,,,0,100,,2036,510,,,0,100,,2027,510,,,0,100,,2037,510,,,0,100,,2028,510,,,0,100,,2038,510,,,0,99,,2029,510,,,0,100,,2039,510,,,0,100,,2030,510,,,0,100,,2040,510,,,0,100,,2031,510,,,0
