200,'TM-H26-TM_GTFS-Fête-1-01',716,,1246,370,,,0,204,,1247,370,,,0,200,,1248,370,,,0,200,,1249,370,,,0,200,,1250,370,,,0,196,,1251,370,,,0,200,,1252,370,,,0,200,,1253,370,,,0,200,,1254,370,,,0,198,,1255,370,0,24,0
200,'TM-H26-TM_GTFS-Fête-2-02',547,,1257,180,,,0,67,,1274,350,,,0,32,,1268,350,,,0,70,,1275,350,,,0,33,,1269,350,,,0,70,,1276,350,,,0,30,,1270,350,,,0,170,,1264,350,,,0,200,,1265,350,,,0,200,,1266,350,,,0,101,,1263,350,,,0,103,,1272,350,,,0,30,,1271,350,,,0,70,,1273,350,,,0,30,,1267,350,,,0,97,,1256,350,,,0,170,,1262,350,,,0,95,,1259,350,,,0,100,,1258,350,,,0,100,,1260,350,,,0,197,,1261,350,0,24,0
200,'TM-H26-TM_GTFS-Semaine-02',547,,1278,180,,,0,67,,1295,350,,,0,32,,1289,350,,,0,70,,1296,350,,,0,33,,1290,350,,,0,70,,1297,350,,,0,30,,1291,350,,,0,170,,1285,350,,,0,200,,1286,350,,,0,200,,1287,350,0,8 5,0,101,,1284,350,,,0,103,,1293,350,,,0,30,,1292,350,,,0,70,,1294,350,,,0,30,,1288,350,,,0,97,,1277,350,,,0,170,,1283,350,,,0,95,,1280,350,,,0,100,,1279,350,,,0,100,,1281,350,,,0,197,,1282,350,0,24,0
200,'TM-H26-TM_GTFS-Week-end-02',716,,1298,370,,,0,204,,1299,370,,,0,200,,1300,370,,,0,200,,1301,370,,,0,200,,1302,370,,,0,196,,1303,370,,,0,200,,1304,370,,,0,200,,1305,370,,,0,200,,1306,370,,,0,198,,1307,370,0,24,0
2000,'TM-H26-TM_GTFS-Fête-1-01',706,,2435,230,,,0,100,,2436,230,,,0,101,,2437,230,,,0,102,,2426,230,,,0,100,,2427,230,,,0,100,,2428,230,,,0,101,,2429,230,,,0,100,,2430,230,,,0,100,,2431,230,,,0,100,,2432,230,,,0,99,,2433,230,,,0,100,,2434,230,,,0,98,,2438,230,,,0,100,,2439,230,,,0,100,,2440,230,,,0,100,,2441,230,,,0,99,,2442,230,,,0,100,,2443,230,,,0,99,,2444,230,,,0
2000,'TM-H26-TM_GTFS-Fête-2-02',606,,2451,230,,,0,30,,2446,230,,,0,70,,2452,230,,,0,31,,2470,230,,,0,70,,2453,230,,,0,30,,2468,230,,,0,71,,2454,230,,,0,100,,2455,230,,,0,100,,2456,230,,,0,100,,2457,230,,,0,102,,2461,230,,,0,100,,2445,230,,,0,100,,2460,230,,,0,100,,2447,230,,,0,30,,2449,230,,,0,70,,2448,230,,,0,29,,2467,230,,,0,70,,2458,230,,,0,29,,2469,230,,,0,70,,2450,230,,,0,99,,2459,230,,,0,100,,2462,230,,,0,100,,2463,230,,,0,98,,2464,230,,,0,100,,2465,230,,,0,100,,2466,230,,,0
2000,'TM-H26-TM_GTFS-Semaine-02',606,,2477,230,,,0,30,,2472,230,,,0,70,,2478,230,,,0,31,,2496,230,,,0,70,,2479,230,,,0,30,,2494,230,,,0,71,,2480,230,,,0,100,,2481,230,,,0,100,,2482,230,,,0,100,,2483,230,,,0,102,,2487,230,,,0,100,,2471,230,,,0,100,,2486,230,,,0,100,,2473,230,,,0,30,,2475,230,,,0,70,,2474,230,,,0,29,,2493,230,,,0,70,,2484,230,,,0,29,,2495,230,,,0,70,,2476,230,,,0,99,,2485,230,,,0,100,,2488,230,,,0,100,,2489,230,,,0,98,,2490,230,,,0,100,,2491,230,,,0,100,,2492,230,,,0
2000,'TM-H26-TM_GTFS-Week-end-02',706,,2506,230,,,0,100,,2507,230,,,0,101,,2508,230,,,0,102,,2497,230,,,0,100,,2498,230,,,0,100,,2499,230,,,0,101,,2500,230,,,0,100,,2501,230,,,0,100,,2502,230,,,0,100,,2503,230,,,0,99,,2504,230,,,0,100,,2505,230,,,0,98,,2509,230,,,0,100,,2510,230,,,0,100,,2511,230,,,0,100,,2512,230,,,0,99,,2513,230,,,0,100,,2514,230,,,0,99,,2515,230,,,0
2100,'TM-H26-TM_GTFS-Fête-2-02',705,,2606,200,0,20,0,100,,2608,200,0,20,0,100,,2609,200,0,20,0
2100,'TM-H26-TM_GTFS-Semaine-02',705,,2610,200,0,20,0,100,,2612,200,0,20,0,100,,2613,200,0,20,0
2201,'TM-H26-TM_GTFS-Semaine-02',1205,,2623,270,,,0,109,,2624,270,,,0,193,,2628,270,,,0,117,,2625,270,,,0,113,,2626,270,,,0,97,,2627,270,,,0
