1101,'TM-H26-TM_GTFS-Fête-1-01',612,,1620,250,,,0,100,,1610,250,,,0,100,,1621,250,,,0,100,,1611,250,,,0,100,,1612,250,,,0,100,,1622,250,,,0,100,,1613,250,,,0,100,,1623,250,,,0,100,,1614,250,,,0,100,,1624,250,,,0,100,,1615,250,,,0,100,,1625,250,,,0,100,,1616,250,,,0,100,,1626,250,,,0,100,,1617,250,,,0,99,,1627,250,,,0,100,,1618,250,,,0,100,,1628,250,,,0,100,,1619,250,,,0
1101,'TM-H26-TM_GTFS-Fête-2-02',540,,1638,140,,,0,70,,1634,250,,,0,30,,1629,250,,,0,70,,1649,250,,,0,30,,1639,250,,,0,70,,1642,250,,,0,100,,1650,250,,,0,98,,1643,250,,,0,102,,1646,250,,,0,100,,1644,250,,,0,100,,1647,250,,,0,100,,1645,250,,,0,97,,1648,250,,,0,30,,1640,250,,,0,73,,1654,250,,,0,30,,1635,250,,,0,72,,1637,250,,,0,29,,1641,250,,,0,70,,1630,250,,,0,29,,1636,250,,,0,71,,1651,250,,,0,103,,1631,250,,,0,99,,1652,250,,,0,101,,1632,250,,,0,99,,1653,250,,,0,101,,1633,250,,,0
1101,'TM-H26-TM_GTFS-Semaine-02',540,,1664,140,,,0,70,,1660,250,,,0,30,,1655,250,,,0,70,,1675,250,,,0,30,,1665,250,,,0,70,,1668,250,,,0,100,,1676,250,,,0,98,,1669,250,,,0,102,,1672,250,,,0,100,,1670,250,,,0,100,,1673,250,,,0,100,,1671,250,,,0,97,,1674,250,,,0,30,,1666,250,,,0,73,,1680,250,,,0,30,,1661,250,,,0,72,,1663,250,,,0,29,,1667,250,,,0,70,,1656,250,,,0,29,,1662,250,,,0,71,,1677,250,,,0,103,,1657,250,,,0,99,,1678,250,,,0,101,,1658,250,,,0,99,,1679,250,,,0,101,,1659,250,,,0
1101,'TM-H26-TM_GTFS-Week-end-02',612,,1691,250,,,0,100,,1681,250,,,0,100,,1692,250,,,0,100,,1682,250,,,0,100,,1683,250,,,0,100,,1693,250,,,0,100,,1684,250,,,0,100,,1694,250,,,0,100,,1685,250,,,0,100,,1695,250,,,0,100,,1686,250,,,0,100,,1696,250,,,0,100,,1687,250,,,0,100,,1697,250,,,0,100,,1688,250,,,0,99,,1698,250,,,0,100,,1689,250,,,0,100,,1699,250,,,0,100,,1690,250,,,0
4001,'TM-H26-TM_GTFS-Fête-1-01',820,,2890,260,,,0,402,,2891,260,,,0,498,,2892,260,,,0
4001,'TM-H26-TM_GTFS-Week-end-02',820,,2893,260,,,0,402,,2894,260,,,0,498,,2895,260,,,0
14000,'TM-H26-TM_GTFS-Fête-2-02',540,,2912,330,,,0,80,,2904,330,,,0,20,,2906,330,,,0,60,,2915,330,,,0,20,,2902,330,,,0,20,,2911,330,,,0,65,,2913,330,,,0,31,,2910,330,,,0,385,,2914,330,,,0,108,,2908,330,,,0,219,,2907,330,,,0,189,,2905,330,,,0,175,,2909,330,,,0,293,,2903,330,,,0
14000,'TM-H26-TM_GTFS-Semaine-02',540,,2926,330,,,0,80,,2918,330,,,0,20,,2920,330,,,0,60,,2929,330,,,0,20,,2916,330,,,0,20,,2925,330,,,0,65,,2927,330,,,0,31,,2924,330,,,0,385,,2928,330,,,0,108,,2922,330,,,0,219,,2921,330,,,0,189,,2919,330,,,0,175,,2923,330,,,0,293,,2917,330,,,0
2000001200,'TM-H26-TM_GTFS-Fête-2-02',1233,,3189,70,,,0,390,,3190,70,,,0,215,,3191,70,,,0
2000001200,'TM-H26-TM_GTFS-Semaine-02',1233,,3192,70,,,0,390,,3193,70,,,0,215,,3194,70,,,0
