100,'TM-H26-TM_GTFS-Semaine-02',535,,1195,280,,,0,71,,1223,280,,,0,30,,1221,280,,,0,70,,1213,280,,,0,30,,1222,280,,,0,70,,1201,280,,,0,30,,1218,280,,,0,69,,1202,280,,,0,100,,1203,280,,,0,100,,1204,280,,,0,100,,1205,280,,,0,100,,1206,280,,,0,100,,1207,280,,,0,100,,1208,280,,,0,30,,1219,280,,,0,71,,1209,280,,,0,30,,1220,280,,,0,70,,1211,280,,,0,30,,1199,280,,,0,70,,1210,280,,,0,29,,1198,280,,,0,70,,1212,280,,,0,30,,1200,280,,,0,70,,1214,280,,,0,100,,1224,280,,,0,100,,1225,280,,,0,100,,1215,280,,,0,100,,1216,280,,,0,100,,1217,280,0,13 3 14,0
100,'TM-H26-TM_GTFS-Week-end-02',705,,1227,280,,,0,100,,1228,280,,,0,100,,1229,280,,,0,100,,1230,280,,,0,100,,1231,280,,,0,100,,1232,280,,,0,100,,1233,280,,,0,104,,1234,350,,,0,100,,1235,350,,,0,100,,1236,350,,,0,100,,1237,350,,,0,100,,1238,350,,,0,100,,1239,350,,,0,100,,1240,350,,,0,100,,1241,350,,,0,100,,1242,350,,,0,100,,1243,350,,,0,100,,1244,350,,,0,99,,1245,350,0,13 3 14,0
1400,'TM-H26-TM_GTFS-Semaine-02',530,,1763,350,,,0,72,,1756,350,,,0,31,,1764,350,,,0,72,,1769,350,,,0,27,,1757,350,,,0,70,,1765,350,,,0,30,,1755,350,,,0,70,,1758,350,,,0,30,,1766,350,,,0,72,,1759,350,,,0,100,,1770,350,,,0,100,,1772,350,,,0,100,,1771,350,,,0,100,,1748,350,,,0,100,,1753,350,,,0,100,,1749,350,,,0,30,,1767,350,,,0,70,,1754,350,,,0,30,,1750,350,,,0,70,,1773,350,,,0,31,,1760,350,,,0,70,,1751,350,,,0,102,,1774,350,,,0,101,,1752,350,,,0,100,,1761,350,,,0,101,,1768,350,,,0,101,,1762,350,,,0,99,,1775,350,,,0
1400,'TM-H26-TM_GTFS-Week-end-02',640,,1776,350,,,0,100,,1781,350,,,0,99,,1779,350,,,0,99,,1793,350,,,0,100,,1788,350,,,0,100,,1786,350,,,0,99,,1789,350,,,0,100,,1787,350,,,0,100,,1790,350,,,0,101,,1794,350,,,0,100,,1791,350,,,0,100,,1795,350,,,0,100,,1792,350,,,0,100,,1778,350,,,0,100,,1782,350,,,0,100,,1785,350,,,0,100,,1783,350,,,0,102,,1780,350,,,0,100,,1784,350,,,0,100,,1777,350,,,0
1701,'TM-H26-TM_GTFS-Semaine-02',531,,2006,560,,,0,102,,2015,560,,,0,94,,2007,560,,,0,104,,2016,560,,,0,100,,2008,560,,,0,99,,2017,560,,,0,100,,2009,560,,,0,100,,2018,560,,,0,100,,2010,560,,,0,100,,2019,560,,,0,101,,2011,560,,,0,100,,2020,560,,,0,104,,2012,560,,,0,97,,2003,560,,,0,95,,2013,560,,,0,100,,2004,560,,,0,100,,2014,560,,,0,100,,2005,560,,,0,100,,2021,560,,,0,100,,2022,560,,,0
1701,'TM-H26-TM_GTFS-Week-end-02',631,,2041,560,,,0,100,,2032,560,,,0,100,,2023,560,,,0,100,,2033,560,,,0,100,,2024,560,,,0,100,,2034,560,,,0,100,,2025,560,,,0,100,,2035,560,,,0,100,,2026,560,,,0,100,,2036,560,,,0,100,,2027,560,,,0,100,,2037,560,,,0,100,,2028,560,,,0,100,,2038,560,,,0,99,,2029,560,,,0,100,,2039,560,,,0,100,,2030,560,,,0,100,,2040,560,,,0,100,,2031,560,,,0
1800,'TM-H26-TM_GTFS-Semaine-02',553,,2064,170,,,0,102,,2073,480,,,0,100,,2065,480,,,0,70,,2069,480,,,0,29,,2066,480,,,0,170,,2070,480,,,0,200,,2071,480,,,0,200,,2072,480,,,0,130,,2067,480,,,0,100,,2076,480,,,0,100,,2077,480,,,0,71,,2074,220,,,0,98,,2075,480,,,0,200,,2068,480,,,0
1800,'TM-H26-TM_GTFS-Week-end-02',723,,2081,480,,,0,100,,2082,480,,,0,100,,2083,480,,,0,400,,2084,480,,,0,200,,2078,480,,,0,100,,2079,480,,,0,100,,2080,480,,,0,299,,2085,480,,,0
2301,'TM-H26-TM_GTFS-Semaine-02',800,,2649,130,,,0,102,,2652,130,,,0,356,,2654,130,,,0,200,,2653,130,,,0,243,,2650,130,,,0,134,,2651,130,,,0
2701,'TM-H26-TM_GTFS-Semaine-02',547,,2728,30,,,0,98,,2731,30,,,0,100,,2732,30,,,0,99,,2733,120,,,0,769,,2729,120,,,0,103,,2730,120,,,0,100,,2734,120,,,0
