1401,'TM-H26-TM_GTFS-Fête-1-01',813,,1801,410,,,0,103,,1798,410,,,0,101,,1812,410,,,0,101,,1808,410,,,0,101,,1806,410,,,0,100,,1809,410,,,0,101,,1807,410,,,0,100,,1810,410,,,0,100,,1813,410,,,0,99,,1811,410,,,0,100,,1796,410,,,0,99,,1799,410,,,0,99,,1797,410,,,0,100,,1802,410,,,0,97,,1805,410,,,0,102,,1803,410,,,0,99,,1800,410,,,0,100,,1804,410,,,0
1401,'TM-H26-TM_GTFS-Fête-2-02',645,,1821,410,,,0,71,,1829,410,,,0,30,,1840,410,,,0,70,,1822,410,,,0,30,,1830,410,,,0,70,,1820,410,,,0,30,,1823,410,,,0,70,,1831,410,,,0,30,,1824,410,,,0,101,,1833,410,,,0,102,,1835,410,,,0,100,,1834,410,,,0,102,,1814,410,,,0,103,,1819,410,,,0,104,,1815,410,,,0,70,,1836,410,,,0,28,,1825,410,,,0,65,,1816,410,,,0,28,,1837,410,,,0,70,,1826,410,,,0,29,,1817,410,,,0,100,,1838,410,,,0,100,,1818,410,,,0,99,,1827,410,,,0,99,,1832,410,,,0,99,,1828,410,,,0,100,,1839,410,,,0
1401,'TM-H26-TM_GTFS-Semaine-02',645,,1848,410,,,0,71,,1856,410,,,0,30,,1867,410,,,0,70,,1849,410,,,0,30,,1857,410,,,0,70,,1847,410,,,0,30,,1850,410,,,0,70,,1858,410,,,0,30,,1851,410,,,0,101,,1860,410,,,0,102,,1862,410,,,0,100,,1861,410,,,0,102,,1841,410,,,0,103,,1846,410,,,0,104,,1842,410,,,0,70,,1863,410,,,0,28,,1852,410,,,0,65,,1843,410,,,0,28,,1864,410,,,0,70,,1853,410,,,0,29,,1844,410,,,0,100,,1865,410,,,0,100,,1845,410,,,0,99,,1854,410,,,0,99,,1859,410,,,0,99,,1855,410,,,0,100,,1866,410,,,0
1401,'TM-H26-TM_GTFS-Week-end-02',813,,1873,410,,,0,103,,1870,410,,,0,101,,1884,410,,,0,101,,1880,410,,,0,101,,1878,410,,,0,100,,1881,410,,,0,101,,1879,410,,,0,100,,1882,410,,,0,100,,1885,410,,,0,99,,1883,410,,,0,100,,1868,410,,,0,99,,1871,410,,,0,99,,1869,410,,,0,100,,1874,410,,,0,97,,1877,410,,,0,102,,1875,410,,,0,99,,1872,410,,,0,100,,1876,410,,,0
1700,'TM-H26-TM_GTFS-Fête-1-01',715,,1886,370,,,0,100,,1896,370,,,0,101,,1887,370,,,0,101,,1897,370,,,0,100,,1888,370,,,0,101,,1898,370,,,0,100,,1889,370,,,0,101,,1899,370,,,0,100,,1890,370,,,0,100,,1900,370,,,0,100,,1891,370,,,0,99,,1901,370,,,0,99,,1892,370,,,0,100,,1902,370,,,0,100,,1893,370,,,0,100,,1903,370,,,0,99,,1894,370,,,0,99,,1904,370,,,0,99,,1895,370,,,0
1700,'TM-H26-TM_GTFS-Fête-2-02',616,,1909,370,,,0,101,,1917,370,,,0,100,,1910,370,,,0,100,,1918,370,,,0,101,,1911,370,,,0,100,,1905,370,,,0,100,,1912,370,,,0,100,,1919,370,,,0,101,,1913,370,,,0,102,,1920,370,,,0,103,,1914,370,,,0,100,,1906,370,,,0,96,,1915,370,,,0,98,,1907,370,,,0,99,,1916,370,,,0,100,,1908,370,,,0,100,,1922,370,,,0,99,,1924,370,,,0,100,,1923,370,,,0,98,,1921,370,,,0
1700,'TM-H26-TM_GTFS-Semaine-02',616,,1929,370,,,0,101,,1937,370,,,0,100,,1930,370,,,0,100,,1938,370,,,0,101,,1931,370,,,0,100,,1925,370,,,0,100,,1932,370,,,0,100,,1939,370,,,0,101,,1933,370,,,0,102,,1940,370,,,0,103,,1934,370,,,0,100,,1926,370,,,0,96,,1935,370,,,0,98,,1927,370,,,0,99,,1936,370,,,0,100,,1928,370,,,0,100,,1942,370,,,0,99,,1944,370,,,0,100,,1943,370,,,0,98,,1941,370,,,0
1700,'TM-H26-TM_GTFS-Week-end-02',715,,1945,370,,,0,100,,1955,370,,,0,101,,1946,370,,,0,101,,1956,370,,,0,100,,1947,370,,,0,101,,1957,370,,,0,100,,1948,370,,,0,101,,1958,370,,,0,100,,1949,370,,,0,100,,1959,370,,,0,100,,1950,370,,,0,99,,1960,370,,,0,99,,1951,370,,,0,100,,1961,370,,,0,100,,1952,370,,,0,100,,1962,370,,,0,99,,1953,370,,,0,99,,1963,370,,,0,99,,1954,370,,,0
41701,'TM-H26-TM_GTFS-Fête-2-02',1746,,2964,380,,,0,87,,2966,380,,,0,76,,2967,380,,,0,38,,2965,380,,,0
41701,'TM-H26-TM_GTFS-Semaine-02',1746,,2968,380,,,0,87,,2970,380,,,0,76,,2971,380,,,0,38,,2969,380,,,0
2000001500,'TM-H26-TM_GTFS-Fête-2-02',1246,,3219,300,,,0,400,,3220,300,,,0,100,,3221,300,,,0,100,,3222,300,,,0
2000001500,'TM-H26-TM_GTFS-Semaine-02',1246,,3223,300,,,0,400,,3224,300,,,0,100,,3225,300,,,0,100,,3226,300,,,0
2000041701,'TM-H26-TM_GTFS-Fête-2-02',1352,,3331,380,,,0
2000041701,'TM-H26-TM_GTFS-Semaine-02',1352,,3332,380,,,0
