100,'TM-H26-TM_GTFS-Semaine-02',536,,1195,290,,,0,71,,1223,290,,,0,30,,1221,290,,,0,70,,1213,290,,,0,30,,1222,290,,,0,70,,1201,290,,,0,30,,1218,290,,,0,69,,1202,290,,,0,100,,1203,290,,,0,100,,1204,290,,,0,100,,1205,290,,,0,100,,1206,290,,,0,100,,1207,290,,,0,100,,1208,290,,,0,30,,1219,290,,,0,71,,1209,290,,,0,30,,1220,290,,,0,70,,1211,290,,,0,30,,1199,290,,,0,70,,1210,290,,,0,29,,1198,290,,,0,69,,1212,290,,,0,30,,1200,290,,,0,70,,1214,290,,,0,100,,1224,290,,,0,100,,1225,290,,,0,100,,1215,290,,,0,100,,1216,290,,,0,100,,1217,290,0,13 3 14,0
100,'TM-H26-TM_GTFS-Week-end-02',706,,1227,290,,,0,100,,1228,290,,,0,100,,1229,290,,,0,100,,1230,290,,,0,100,,1231,290,,,0,100,,1232,290,,,0,100,,1233,290,,,0,104,,1234,360,,,0,100,,1235,360,,,0,100,,1236,360,,,0,100,,1237,360,,,0,99,,1238,360,,,0,100,,1239,360,,,0,100,,1240,360,,,0,100,,1241,360,,,0,100,,1242,360,,,0,100,,1243,360,,,0,100,,1244,360,,,0,99,,1245,360,0,13 3 14,0
1400,'TM-H26-TM_GTFS-Semaine-02',531,,1763,360,,,0,72,,1756,360,,,0,31,,1764,360,,,0,72,,1769,360,,,0,27,,1757,360,,,0,70,,1765,360,,,0,30,,1755,360,,,0,70,,1758,360,,,0,30,,1766,360,,,0,72,,1759,360,,,0,100,,1770,360,,,0,100,,1772,360,,,0,100,,1771,360,,,0,100,,1748,360,,,0,100,,1753,360,,,0,100,,1749,360,,,0,30,,1767,360,,,0,70,,1754,360,,,0,30,,1750,360,,,0,70,,1773,360,,,0,31,,1760,360,,,0,70,,1751,360,,,0,102,,1774,360,,,0,101,,1752,360,,,0,100,,1761,360,,,0,100,,1768,360,,,0,101,,1762,360,,,0,99,,1775,360,,,0
1400,'TM-H26-TM_GTFS-Week-end-02',641,,1776,360,,,0,100,,1781,360,,,0,99,,1779,360,,,0,99,,1793,360,,,0,100,,1788,360,,,0,100,,1786,360,,,0,99,,1789,360,,,0,100,,1787,360,,,0,100,,1790,360,,,0,101,,1794,360,,,0,100,,1791,360,,,0,100,,1795,360,,,0,100,,1792,360,,,0,100,,1778,360,,,0,100,,1782,360,,,0,100,,1785,360,,,0,100,,1783,360,,,0,101,,1780,360,,,0,100,,1784,360,,,0,100,,1777,360,,,0
1701,'TM-H26-TM_GTFS-Semaine-02',532,,2006,570,,,0,102,,2015,570,,,0,94,,2007,570,,,0,104,,2016,570,,,0,100,,2008,570,,,0,99,,2017,570,,,0,100,,2009,570,,,0,100,,2018,570,,,0,100,,2010,570,,,0,100,,2019,570,,,0,101,,2011,570,,,0,100,,2020,570,,,0,104,,2012,570,,,0,96,,2003,570,,,0,95,,2013,570,,,0,100,,2004,570,,,0,100,,2014,570,,,0,100,,2005,570,,,0,100,,2021,570,,,0,100,,2022,570,,,0
1701,'TM-H26-TM_GTFS-Week-end-02',631,,2041,570,,,0,101,,2032,570,,,0,100,,2023,570,,,0,100,,2033,570,,,0,100,,2024,570,,,0,100,,2034,570,,,0,100,,2025,570,,,0,100,,2035,570,,,0,100,,2026,570,,,0,100,,2036,570,,,0,100,,2027,570,,,0,99,,2037,570,,,0,100,,2028,570,,,0,100,,2038,570,,,0,99,,2029,570,,,0,100,,2039,570,,,0,100,,2030,570,,,0,100,,2040,570,,,0,100,,2031,570,,,0
1800,'TM-H26-TM_GTFS-Semaine-02',554,,2064,180,,,0,102,,2073,490,,,0,100,,2065,490,,,0,70,,2069,490,,,0,29,,2066,490,,,0,170,,2070,490,,,0,200,,2071,490,,,0,200,,2072,490,,,0,129,,2067,490,,,0,100,,2076,490,,,0,100,,2077,490,,,0,71,,2074,230,,,0,98,,2075,490,,,0,200,,2068,490,,,0
1800,'TM-H26-TM_GTFS-Week-end-02',724,,2081,490,,,0,100,,2082,490,,,0,100,,2083,490,,,0,399,,2084,490,,,0,201,,2078,490,,,0,100,,2079,490,,,0,100,,2080,490,,,0,299,,2085,490,,,0
2301,'TM-H26-TM_GTFS-Semaine-02',800,,2649,140,,,0,102,,2652,140,,,0,356,,2654,140,,,0,200,,2653,140,,,0,244,,2650,140,,,0,134,,2651,140,,,0
2701,'TM-H26-TM_GTFS-Semaine-02',548,,2728,40,,,0,98,,2731,40,,,0,100,,2732,40,,,0,99,,2733,130,,,0,768,,2729,130,,,0,103,,2730,130,,,0,101,,2734,130,,,0
