1100,'TM-H26-TM_GTFS-Fête-1-01',618,,1512,410,,,0,100,,1522,410,,,0,100,,1513,410,,,0,100,,1514,410,,,0,100,,1523,410,,,0,101,,1515,410,,,0,100,,1524,410,,,0,100,,1516,410,,,0,100,,1525,410,,,0,100,,1517,410,,,0,100,,1526,410,,,0,100,,1518,410,,,0,100,,1527,410,,,0,100,,1519,410,,,0,100,,1528,410,,,0,99,,1520,410,,,0,100,,1529,410,,,0,100,,1521,410,,,0,100,,1530,410,,,0,100,,1531,410,,,0
1100,'TM-H26-TM_GTFS-Fête-2-02',547,,1532,410,,,0,70,,1554,410,,,0,30,,1543,410,,,0,70,,1539,410,,,0,30,,1533,410,,,0,70,,1555,410,,,0,30,,1544,410,,,0,71,,1547,410,,,0,100,,1551,410,,,0,100,,1548,410,,,0,100,,1552,410,,,0,100,,1549,410,,,0,101,,1553,410,,,0,100,,1560,410,,,0,30,,1540,410,,,0,70,,1542,410,,,0,30,,1545,410,,,0,70,,1534,410,,,0,30,,1541,410,,,0,70,,1556,410,,,0,30,,1546,410,,,0,69,,1535,410,,,0,28,,1550,410,,,0,70,,1557,410,,,0,100,,1536,410,,,0,100,,1558,410,,,0,100,,1537,410,,,0,100,,1559,410,,,0,100,,1538,410,,,0
1100,'TM-H26-TM_GTFS-Semaine-02',547,,1561,410,,,0,70,,1583,410,,,0,30,,1572,410,,,0,70,,1568,410,,,0,30,,1562,410,,,0,70,,1584,410,,,0,30,,1573,410,,,0,71,,1576,410,,,0,100,,1580,410,,,0,100,,1577,410,,,0,100,,1581,410,,,0,100,,1578,410,,,0,101,,1582,410,,,0,100,,1589,410,,,0,30,,1569,410,,,0,70,,1571,410,,,0,30,,1574,410,,,0,70,,1563,410,,,0,30,,1570,410,,,0,70,,1585,410,,,0,30,,1575,410,,,0,69,,1564,410,,,0,28,,1579,410,,,0,70,,1586,410,,,0,100,,1565,410,,,0,100,,1587,410,,,0,100,,1566,410,,,0,100,,1588,410,,,0,100,,1567,410,,,0
1100,'TM-H26-TM_GTFS-Week-end-02',618,,1590,410,,,0,100,,1600,410,,,0,100,,1591,410,,,0,100,,1592,410,,,0,100,,1601,410,,,0,101,,1593,410,,,0,100,,1602,410,,,0,100,,1594,410,,,0,100,,1603,410,,,0,100,,1595,410,,,0,100,,1604,410,,,0,100,,1596,410,,,0,100,,1605,410,,,0,100,,1597,410,,,0,100,,1606,410,,,0,99,,1598,410,,,0,100,,1607,410,,,0,100,,1599,410,,,0,100,,1608,410,,,0,100,,1609,410,,,0
4000,'TM-H26-TM_GTFS-Fête-1-01',718,,2884,130,,,0,396,,2885,130,,,0,500,,2886,130,,,0
4000,'TM-H26-TM_GTFS-Week-end-02',718,,2887,130,,,0,396,,2888,130,,,0,500,,2889,130,,,0
14001,'TM-H26-TM_GTFS-Fête-2-02',639,,2941,60,,,0,106,,2936,60,,,0,97,,2940,60,,,0,470,,2938,60,,,0,208,,2933,60,,,0,97,,2937,60,,,0,42,,2935,60,,,0,67,,2939,60,,,0,30,,2942,60,,,0,80,,2930,60,,,0,70,,2934,60,,,0,96,,2931,60,,,0,252,,2932,60,,,0
14001,'TM-H26-TM_GTFS-Semaine-02',639,,2954,60,,,0,106,,2949,60,,,0,97,,2953,60,,,0,470,,2951,60,,,0,208,,2946,60,,,0,97,,2950,60,,,0,42,,2948,60,,,0,67,,2952,60,,,0,30,,2955,60,,,0,80,,2943,60,,,0,70,,2947,60,,,0,96,,2944,60,,,0,252,,2945,60,,,0
2000001201,'TM-H26-TM_GTFS-Fête-2-02',806,,3195,60,,,0,100,,3196,60,,,0,315,,3197,60,,,0
2000001201,'TM-H26-TM_GTFS-Semaine-02',806,,3198,60,,,0,100,,3199,60,,,0,315,,3200,60,,,0
