100,'TM-H26-TM_GTFS-Fête-1-01',626,,1144,300,,,0,96,,1145,590,,,0,100,,1146,590,,,0,101,,1147,590,,,0,100,,1148,590,,,0,100,,1149,590,,,0,100,,1150,590,,,0,100,,1151,590,,,0,104,,1152,660,,,0,100,,1153,660,,,0,100,,1154,660,,,0,100,,1155,660,,,0,99,,1156,660,,,0,100,,1157,660,,,0,100,,1158,660,,,0,100,,1159,660,,,0,99,,1160,660,,,0,100,,1161,660,,,0,100,,1162,660,,,0,99,,1163,660,0,25 3 18,0
100,'TM-H26-TM_GTFS-Fête-2-02',554,,1164,590,,,0,70,,1192,590,,,0,30,,1190,590,,,0,70,,1182,590,,,0,30,,1191,590,,,0,70,,1170,590,,,0,30,,1187,590,,,0,70,,1171,590,,,0,100,,1172,590,,,0,100,,1173,590,,,0,100,,1174,590,,,0,100,,1175,590,,,0,100,,1176,590,,,0,100,,1177,590,,,0,30,,1188,590,,,0,71,,1178,590,,,0,30,,1189,590,,,0,70,,1180,590,,,0,29,,1168,590,,,0,70,,1179,590,,,0,29,,1167,590,,,0,69,,1181,590,,,0,30,,1169,590,,,0,70,,1183,590,,,0,100,,1193,590,,,0,100,,1194,590,,,0,100,,1184,590,,,0,100,,1185,590,,,0,100,,1186,590,0,25 3 18,0
100,'TM-H26-TM_GTFS-Semaine-02',554,,1195,590,,,0,70,,1223,590,,,0,30,,1221,590,,,0,70,,1213,590,,,0,30,,1222,590,,,0,70,,1201,590,,,0,30,,1218,590,,,0,70,,1202,590,,,0,100,,1203,590,,,0,100,,1204,590,,,0,100,,1205,590,,,0,100,,1206,590,,,0,100,,1207,590,,,0,100,,1208,590,,,0,30,,1219,590,,,0,71,,1209,590,,,0,30,,1220,590,,,0,70,,1211,590,,,0,29,,1199,590,,,0,70,,1210,590,,,0,29,,1198,590,,,0,69,,1212,590,,,0,30,,1200,590,,,0,70,,1214,590,,,0,100,,1224,590,,,0,100,,1225,590,,,0,100,,1215,590,,,0,100,,1216,590,,,0,100,,1217,590,0,25 3 18,0
100,'TM-H26-TM_GTFS-Week-end-02',626,,1226,300,,,0,96,,1227,590,,,0,100,,1228,590,,,0,101,,1229,590,,,0,100,,1230,590,,,0,100,,1231,590,,,0,100,,1232,590,,,0,100,,1233,590,,,0,104,,1234,660,,,0,100,,1235,660,,,0,100,,1236,660,,,0,100,,1237,660,,,0,99,,1238,660,,,0,100,,1239,660,,,0,100,,1240,660,,,0,100,,1241,660,,,0,99,,1242,660,,,0,100,,1243,660,,,0,100,,1244,660,,,0,99,,1245,660,0,25 3 18,0
1400,'TM-H26-TM_GTFS-Fête-1-01',638,,1700,320,,,0,100,,1705,320,,,0,99,,1703,320,,,0,99,,1717,320,,,0,99,,1712,320,,,0,100,,1710,320,,,0,99,,1713,320,,,0,100,,1711,320,,,0,100,,1714,320,,,0,102,,1718,320,,,0,100,,1715,320,,,0,100,,1719,320,,,0,100,,1716,320,,,0,100,,1702,320,,,0,100,,1706,320,,,0,100,,1709,320,,,0,100,,1707,320,,,0,102,,1704,320,,,0,100,,1708,320,,,0,100,,1701,320,,,0
1400,'TM-H26-TM_GTFS-Fête-2-02',528,,1735,320,,,0,31,,1728,320,,,0,71,,1736,320,,,0,72,,1741,320,,,0,27,,1729,320,,,0,30,,1737,320,,,0,70,,1727,320,,,0,71,,1730,320,,,0,30,,1738,320,,,0,72,,1731,320,,,0,100,,1742,320,,,0,100,,1744,320,,,0,100,,1743,320,,,0,100,,1720,320,,,0,100,,1725,320,,,0,99,,1721,320,,,0,30,,1739,320,,,0,70,,1726,320,,,0,30,,1722,320,,,0,70,,1745,320,,,0,32,,1732,320,,,0,70,,1723,320,,,0,102,,1746,320,,,0,101,,1724,320,,,0,100,,1733,320,,,0,101,,1740,320,,,0,101,,1734,320,,,0,99,,1747,320,,,0
1400,'TM-H26-TM_GTFS-Semaine-02',528,,1763,320,,,0,31,,1756,320,,,0,71,,1764,320,,,0,72,,1769,320,,,0,27,,1757,320,,,0,30,,1765,320,,,0,70,,1755,320,,,0,71,,1758,320,,,0,30,,1766,320,,,0,72,,1759,320,,,0,100,,1770,320,,,0,100,,1772,320,,,0,100,,1771,320,,,0,100,,1748,320,,,0,100,,1753,320,,,0,99,,1749,320,,,0,30,,1767,320,,,0,70,,1754,320,,,0,30,,1750,320,,,0,70,,1773,320,,,0,32,,1760,320,,,0,70,,1751,320,,,0,102,,1774,320,,,0,101,,1752,320,,,0,100,,1761,320,,,0,101,,1768,320,,,0,101,,1762,320,,,0,99,,1775,320,,,0
1400,'TM-H26-TM_GTFS-Week-end-02',638,,1776,320,,,0,100,,1781,320,,,0,99,,1779,320,,,0,99,,1793,320,,,0,99,,1788,320,,,0,100,,1786,320,,,0,99,,1789,320,,,0,100,,1787,320,,,0,100,,1790,320,,,0,102,,1794,320,,,0,100,,1791,320,,,0,100,,1795,320,,,0,100,,1792,320,,,0,100,,1778,320,,,0,100,,1782,320,,,0,100,,1785,320,,,0,100,,1783,320,,,0,102,,1780,320,,,0,100,,1784,320,,,0,100,,1777,320,,,0
1701,'TM-H26-TM_GTFS-Fête-1-01',629,,1982,530,,,0,100,,1973,530,,,0,100,,1964,530,,,0,100,,1974,530,,,0,100,,1965,530,,,0,100,,1975,530,,,0,100,,1966,530,,,0,100,,1976,530,,,0,100,,1967,530,,,0,100,,1977,530,,,0,100,,1968,530,,,0,100,,1978,530,,,0,100,,1969,530,,,0,100,,1979,530,,,0,99,,1970,530,,,0,100,,1980,530,,,0,100,,1971,530,,,0,100,,1981,530,,,0,100,,1972,530,,,0
1701,'TM-H26-TM_GTFS-Fête-2-02',529,,1986,530,,,0,102,,1995,530,,,0,94,,1987,530,,,0,104,,1996,530,,,0,99,,1988,530,,,0,99,,1997,530,,,0,100,,1989,530,,,0,100,,1998,530,,,0,100,,1990,530,,,0,100,,1999,530,,,0,101,,1991,530,,,0,100,,2000,530,,,0,104,,1992,530,,,0,98,,1983,530,,,0,95,,1993,530,,,0,100,,1984,530,,,0,100,,1994,530,,,0,100,,1985,530,,,0,100,,2001,530,,,0,100,,2002,530,,,0
1701,'TM-H26-TM_GTFS-Semaine-02',529,,2006,530,,,0,102,,2015,530,,,0,94,,2007,530,,,0,104,,2016,530,,,0,99,,2008,530,,,0,99,,2017,530,,,0,100,,2009,530,,,0,100,,2018,530,,,0,100,,2010,530,,,0,100,,2019,530,,,0,101,,2011,530,,,0,100,,2020,530,,,0,104,,2012,530,,,0,98,,2003,530,,,0,95,,2013,530,,,0,100,,2004,530,,,0,100,,2014,530,,,0,100,,2005,530,,,0,100,,2021,530,,,0,100,,2022,530,,,0
1701,'TM-H26-TM_GTFS-Week-end-02',629,,2041,530,,,0,100,,2032,530,,,0,100,,2023,530,,,0,100,,2033,530,,,0,100,,2024,530,,,0,100,,2034,530,,,0,100,,2025,530,,,0,100,,2035,530,,,0,100,,2026,530,,,0,100,,2036,530,,,0,100,,2027,530,,,0,100,,2037,530,,,0,100,,2028,530,,,0,100,,2038,530,,,0,99,,2029,530,,,0,100,,2039,530,,,0,100,,2030,530,,,0,100,,2040,530,,,0,100,,2031,530,,,0
2201,'TM-H26-TM_GTFS-Semaine-02',1150,,2623,80,,,0,109,,2624,80,,,0,191,,2628,80,,,0,154,,2625,80,,,0,116,,2626,80,,,0,100,,2627,80,,,0
