900,'TM-H26-TM_GTFS-Fête-2-01',624,,331,,,0,98,,337,,,0,100,,334,,,0,103,,335,,,0,101,,329,,,0,100,,330,,,0,302,,336,,,0,200,,332,,,0,200,,333,,,0
900,'TM-H26-TM_GTFS-Semaine-01',624,,340,,,0,98,,346,,,0,100,,343,,,0,103,,344,,,0,101,,338,,,0,100,,339,,,0,302,,345,,,0,200,,341,,,0,200,,342,,,0
901,'TM-H26-TM_GTFS-Fête-2-01',739,,357,0,9 1 10 11,0,170,,355,0,9 1 10 11,0,99,,356,0,9 1 10 11,0,202,,347,,,0,100,,348,0,9 1 10 11,0,200,,354,,,0,101,,349,,,0,99,,352,,,0,100,,351,,,0,98,,353,,,0,300,,350,,,0
901,'TM-H26-TM_GTFS-Semaine-01',739,,368,0,9 1 10 11,0,170,,366,0,9 1 10 11,0,99,,367,0,9 1 10 11,0,202,,358,,,0,100,,359,0,9 1 10 11,0,200,,365,,,0,101,,360,,,0,99,,363,,,0,100,,362,,,0,98,,364,,,0,300,,361,,,0
1800,'TM-H26-TM_GTFS-Fête-1-01',715,,902,,,0,100,,903,,,0,100,,904,,,0,400,,905,,,0,200,,899,,,0,100,,900,,,0,100,,901,,,0,300,,906,,,0
1800,'TM-H26-TM_GTFS-Fête-2-01',545,,907,,,0,102,,916,,,0,100,,908,,,0,70,,912,,,0,29,,909,,,0,170,,913,,,0,200,,914,,,0,200,,915,,,0,130,,910,,,0,100,,919,,,0,100,,920,,,0,71,,917,,,0,98,,918,,,0,200,,911,,,0
1800,'TM-H26-TM_GTFS-Semaine-01',545,,921,,,0,102,,930,,,0,100,,922,,,0,70,,926,,,0,29,,923,,,0,170,,927,,,0,200,,928,,,0,200,,929,,,0,130,,924,,,0,100,,933,,,0,100,,934,,,0,71,,931,,,0,98,,932,,,0,200,,925,,,0
1800,'TM-H26-TM_GTFS-Week-end-01',715,,938,,,0,100,,939,,,0,100,,940,,,0,400,,941,,,0,200,,935,,,0,100,,936,,,0,100,,937,,,0,300,,942,,,0
1801,'TM-H26-TM_GTFS-Fête-2-01',623,,945,0,5 1 6 7 5,0,100,,946,0,5 1 6 7 5,0,93,,954,0,5 1 6 7 5,0,107,,947,0,5 1 6 7 5,0,200,,948,0,5 1 6 7 5,0,200,,949,0,5 1 6 7 5,0,200,,950,0,5 1 6 7 5,0,104,,944,0,5 1 6 7 5,0,100,,952,0,5 1 6 7 5,0,96,,951,0,5 1 6 7 5,0,197,,943,0,5 1 6 7 5,0,200,,953,0,5 1 6 7 5,0
1801,'TM-H26-TM_GTFS-Semaine-01',623,,958,0,5 1 6 7 5,0,100,,959,0,5 1 6 7 5,0,93,,967,0,5 1 6 7 5,0,107,,960,0,5 1 6 7 5,0,200,,961,0,5 1 6 7 5,0,200,,962,0,5 1 6 7 5,0,200,,963,0,5 1 6 7 5,0,104,,957,0,5 1 6 7 5,0,100,,965,0,5 1 6 7 5,0,96,,964,0,5 1 6 7 5,0,197,,956,0,5 1 6 7 5,0,200,,966,0,5 1 6 7 5,0
2201,'TM-H26-TM_GTFS-Semaine-01',1147,,1480,,,0,109,,1481,,,0,191,,1485,,,0,153,,1482,,,0,116,,1483,,,0,101,,1484,,,0
2701,'TM-H26-TM_GTFS-Semaine-01',836,,1590,,,0,766,,1586,,,0,103,,1587,,,0,103,,1591,,,0
2000001300,'TM-H26-TM_GTFS-Fête-2-01',1215,,2061,,,0,400,,2058,,,0,100,,2062,,,0,30,,2059,,,0,70,,2060,,,0
2000001300,'TM-H26-TM_GTFS-Semaine-01',1215,,2066,,,0,400,,2063,,,0,100,,2067,,,0,30,,2064,,,0,70,,2065,,,0
2000001500,'TM-H26-TM_GTFS-Fête-2-01',1216,,2076,,,0,400,,2077,,,0,100,,2078,,,0,100,,2079,,,0
2000001500,'TM-H26-TM_GTFS-Semaine-01',1216,,2080,,,0,400,,2081,,,0,100,,2082,,,0,100,,2083,,,0
