4000,'TM-H26-TM_GTFS-Fête-1-01',712,,2884,90,,,0,396,,2885,90,,,0,500,,2886,90,,,0
4000,'TM-H26-TM_GTFS-Week-end-02',712,,2887,90,,,0,396,,2888,90,,,0,500,,2889,90,,,0
4001,'TM-H26-TM_GTFS-Fête-1-01',804,,2890,30,,,0,400,,2891,30,,,0,499,,2892,30,,,0
4001,'TM-H26-TM_GTFS-Week-end-02',804,,2893,30,,,0,400,,2894,30,,,0,499,,2895,30,,,0
14000,'TM-H26-TM_GTFS-Fête-2-02',514,,2912,90,,,0,40,,2904,90,,,0,60,,2906,90,,,0,20,,2915,90,,,0,20,,2902,90,,,0,60,,2911,90,,,0,25,,2913,90,,,0,71,,2910,90,,,0,390,,2914,90,,,0,108,,2908,90,,,0,219,,2907,90,,,0,189,,2905,90,,,0,135,,2909,90,,,0,293,,2903,90,,,0
14000,'TM-H26-TM_GTFS-Semaine-02',514,,2926,90,,,0,40,,2918,90,,,0,60,,2920,90,,,0,20,,2929,90,,,0,20,,2916,90,,,0,60,,2925,90,,,0,25,,2927,90,,,0,71,,2924,90,,,0,390,,2928,90,,,0,108,,2922,90,,,0,219,,2921,90,,,0,189,,2919,90,,,0,135,,2923,90,,,0,293,,2917,90,,,0
14001,'TM-H26-TM_GTFS-Fête-2-02',633,,2941,20,,,0,106,,2936,20,,,0,97,,2940,20,,,0,470,,2938,20,,,0,208,,2933,20,,,0,97,,2937,20,,,0,42,,2935,20,,,0,67,,2939,20,,,0,30,,2942,20,,,0,80,,2930,20,,,0,70,,2934,20,,,0,58,,2931,20,,,0,292,,2932,20,,,0
14001,'TM-H26-TM_GTFS-Semaine-02',633,,2954,20,,,0,106,,2949,20,,,0,97,,2953,20,,,0,470,,2951,20,,,0,208,,2946,20,,,0,97,,2950,20,,,0,42,,2948,20,,,0,67,,2952,20,,,0,30,,2955,20,,,0,80,,2943,20,,,0,70,,2947,20,,,0,58,,2944,20,,,0,292,,2945,20,,,0
3001100,'TM-H26-TM_GTFS-Semaine-02',703,,3160,10,,,0
3001101,'TM-H26-TM_GTFS-Semaine-02',1659,,3161,90,,,0,99,,3162,90,,,0
