1100,'TM-E26-TM_GTFS-Fête-1-01',626,,3577,540,,,0,100,,3587,540,,,0,101,,3578,540,,,0,101,,3579,540,,,0,100,,3588,540,,,0,101,,3580,540,,,0,100,,3589,540,,,0,100,,3581,540,,,0,100,,3590,540,,,0,100,,3582,540,,,0,100,,3591,540,,,0,100,,3583,540,,,0,99,,3592,540,,,0,100,,3584,540,,,0,100,,3593,540,,,0,98,,3585,540,,,0,100,,3594,540,,,0,100,,3586,540,,,0,100,,3595,540,,,0,100,,3596,540,,,0
1100,'TM-E26-TM_GTFS-Semaine-01',556,,3597,540,,,0,70,,3619,540,,,0,30,,3608,540,,,0,70,,3604,540,,,0,30,,3598,540,,,0,70,,3620,540,,,0,30,,3609,540,,,0,71,,3612,540,,,0,101,,3616,540,,,0,100,,3613,540,,,0,100,,3617,540,,,0,100,,3614,540,,,0,101,,3618,540,,,0,100,,3625,540,,,0,30,,3605,540,,,0,70,,3607,540,,,0,30,,3610,540,,,0,70,,3599,540,,,0,30,,3606,540,,,0,70,,3621,540,,,0,30,,3611,540,,,0,69,,3600,540,,,0,28,,3615,540,,,0,70,,3622,540,,,0,100,,3601,540,,,0,100,,3623,540,,,0,100,,3602,540,,,0,100,,3624,540,,,0,100,,3603,540,,,0
1100,'TM-E26-TM_GTFS-Week-end-01',626,,3626,540,,,0,100,,3636,540,,,0,101,,3627,540,,,0,101,,3628,540,,,0,100,,3637,540,,,0,101,,3629,540,,,0,100,,3638,540,,,0,100,,3630,540,,,0,100,,3639,540,,,0,100,,3631,540,,,0,100,,3640,540,,,0,100,,3632,540,,,0,99,,3641,540,,,0,100,,3633,540,,,0,100,,3642,540,,,0,98,,3634,540,,,0,100,,3643,540,,,0,100,,3635,540,,,0,100,,3644,540,,,0,100,,3645,540,,,0
1101,'TM-E26-TM_GTFS-Fête-1-01',602,,3656,90,,,0,100,,3646,90,,,0,100,,3657,90,,,0,100,,3647,90,,,0,100,,3648,90,,,0,100,,3658,90,,,0,100,,3649,90,,,0,100,,3659,90,,,0,100,,3650,90,,,0,100,,3660,90,,,0,100,,3651,90,,,0,100,,3661,90,,,0,100,,3652,90,,,0,100,,3662,90,,,0,100,,3653,90,,,0,100,,3663,90,,,0,100,,3654,90,,,0,100,,3664,90,,,0,100,,3655,90,,,0
1101,'TM-E26-TM_GTFS-Semaine-01',600,,3670,90,,,0,30,,3665,90,,,0,70,,3685,90,,,0,30,,3675,90,,,0,70,,3678,90,,,0,100,,3686,90,,,0,57,,3679,90,,,0,102,,3682,90,,,0,100,,3680,90,,,0,100,,3683,90,,,0,100,,3681,90,,,0,97,,3684,90,,,0,70,,3676,90,,,0,33,,3690,90,,,0,70,,3671,90,,,0,72,,3673,90,,,0,29,,3677,90,,,0,70,,3666,90,,,0,29,,3672,90,,,0,72,,3687,90,,,0,103,,3667,90,,,0,99,,3688,90,,,0,101,,3668,90,,,0,99,,3689,90,,,0,101,,3669,90,,,0
1101,'TM-E26-TM_GTFS-Week-end-01',602,,3701,90,,,0,100,,3691,90,,,0,100,,3702,90,,,0,100,,3692,90,,,0,100,,3693,90,,,0,100,,3703,90,,,0,100,,3694,90,,,0,100,,3704,90,,,0,100,,3695,90,,,0,100,,3705,90,,,0,100,,3696,90,,,0,100,,3706,90,,,0,100,,3697,90,,,0,100,,3707,90,,,0,100,,3698,90,,,0,100,,3708,90,,,0,100,,3699,90,,,0,100,,3709,90,,,0,100,,3700,90,,,0
4000,'TM-E26-TM_GTFS-Fête-1-01',725,,4417,260,,,0,396,,4418,260,,,0,500,,4419,260,,,0
4000,'TM-E26-TM_GTFS-Week-end-01',725,,4420,260,,,0,396,,4421,260,,,0,500,,4422,260,,,0
4001,'TM-E26-TM_GTFS-Fête-1-01',811,,4423,110,,,0,402,,4424,110,,,0,498,,4425,110,,,0
4001,'TM-E26-TM_GTFS-Week-end-01',811,,4426,110,,,0,402,,4427,110,,,0,498,,4428,110,,,0
