200,'TM-H26-TM_GTFS-Semaine-01',608,,135,,,0,27,,152,,,0,72,,146,,,0,30,,153,,,0,74,,147,,,0,30,,154,,,0,70,,148,,,0,130,,142,,,0,200,,143,,,0,200,,144,0,8 5,0,100,,141,,,0,105,,150,,,0,70,,149,,,0,30,,151,,,0,70,,145,,,0,95,,134,,,0,130,,140,,,0,93,,137,,,0,99,,136,,,0,100,,138,,,0
200,'TM-H26-TM_GTFS-Week-end-01',736,,155,,,0,206,,156,,,0,200,,157,,,0,200,,158,,,0,200,,159,,,0,195,,160,,,0,198,,161,,,0,200,,162,,,0,200,,163,,,0
1400,'TM-H26-TM_GTFS-Semaine-01',537,,620,,,0,72,,613,,,0,31,,621,,,0,72,,626,,,0,28,,614,,,0,70,,622,,,0,30,,612,,,0,70,,615,,,0,30,,623,,,0,72,,616,,,0,100,,627,,,0,100,,629,,,0,100,,628,,,0,100,,605,,,0,100,,610,,,0,100,,606,,,0,30,,624,,,0,70,,611,,,0,30,,607,,,0,70,,630,,,0,30,,617,,,0,70,,608,,,0,102,,631,,,0,101,,609,,,0,100,,618,,,0,99,,625,,,0,101,,619,,,0,99,,632,,,0
1400,'TM-H26-TM_GTFS-Week-end-01',645,,633,,,0,100,,638,,,0,100,,636,,,0,100,,650,,,0,100,,645,,,0,100,,643,,,0,99,,646,,,0,100,,644,,,0,100,,647,,,0,100,,651,,,0,100,,648,,,0,100,,652,,,0,100,,649,,,0,100,,635,,,0,100,,639,,,0,100,,642,,,0,100,,640,,,0,100,,637,,,0,100,,641,,,0,100,,634,,,0
1701,'TM-H26-TM_GTFS-Semaine-01',536,,863,,,0,104,,872,,,0,94,,864,,,0,104,,873,,,0,100,,865,,,0,99,,874,,,0,100,,866,,,0,100,,875,,,0,100,,867,,,0,100,,876,,,0,101,,868,,,0,100,,877,,,0,103,,869,,,0,96,,860,,,0,95,,870,,,0,100,,861,,,0,100,,871,,,0,100,,862,,,0,100,,878,,,0,100,,879,,,0
1701,'TM-H26-TM_GTFS-Week-end-01',637,,898,,,0,101,,889,,,0,100,,880,,,0,100,,890,,,0,101,,881,,,0,100,,891,,,0,100,,882,,,0,100,,892,,,0,100,,883,,,0,100,,893,,,0,99,,884,,,0,99,,894,,,0,100,,885,,,0,100,,895,,,0,99,,886,,,0,100,,896,,,0,99,,887,,,0,100,,897,,,0,100,,888,,,0
1800,'TM-H26-TM_GTFS-Semaine-01',606,,921,,,0,102,,930,,,0,100,,922,,,0,30,,926,,,0,70,,923,,,0,130,,927,,,0,200,,928,,,0,200,,929,,,0,168,,924,,,0,100,,933,,,0,100,,934,,,0,31,,931,,,0,98,,932,,,0,200,,925,,,0
1800,'TM-H26-TM_GTFS-Week-end-01',734,,938,,,0,100,,939,,,0,101,,940,,,0,400,,941,,,0,200,,935,,,0,100,,936,,,0,100,,937,,,0,299,,942,,,0
2301,'TM-H26-TM_GTFS-Semaine-01',808,,1506,,,0,105,,1509,,,0,393,,1511,,,0,200,,1510,,,0,204,,1507,,,0,132,,1508,,,0
3000,'TM-H26-TM_GTFS-Semaine-01',454,,1663,,,0,72,,1654,,,0,30,,1647,,,0,55,,1657,,,0,10,,1664,,,0,20,,1644,,,0,60,,1655,,,0,10,,1633,,,0,10,,1656,,,0,20,,1650,,,0,70,,1648,,,0,35,,1651,,,0,700,,1624,,,0,65,,1632,,,0,18,,1661,,,0,15,,1649,,,0,85,,1659,,,0,25,,1625,,,0,59,,1626,,,0,41,,1662,,,0
