100,85163,1,0
100,84943,2,0
100,85049,3,0
100,85071,4,0
100,84730,5,0
100,85051,6,0
100,84758,7,0
100,84733,8,0
100,84735,9,0
100,84739,10,0
100,85060,11,0
100,85057,12,0
100,84780,13,0
100,85045,14,0
100,85047,15,0
100,85042,16,0
100,84800,17,0
100,85147,18,0
100,85039,19,0
100,85031,20,0
100,85475,21,0
100,85036,22,0
100,84737,23,0
100,85489,24,0
100,84743,25,0
100,85527,26,0
100,88765,27,0
100,84819,28,0
100,84844,29,0
100,84747,30,0
100,84894,31,0
100,84749,32,0
100,84906,33,0
100,84751,34,0
100,84839,35,0
100,84925,36,0
100,84872,37,0
100,84754,38,0
100,84994,39,0
100,84141,40,0
100,84619,41,0
100,84609,42,0
100,84598,43,0
100,84576,44,0
100,84536,45,0
100,84461,46,0
100,84460,47,0
100,84459,48,0
100,84555,49,0
100,84622,50,0
100,84623,51,0
100,84624,52,0
100,84625,53,0
100,84573,54,0
100,84394,55,0
100,84395,56,0
100,85073,57,0
100,84457,58,0
100,84614,59,0
100,85525,60,0
100,84455,61,0
100,84399,62,0
100,85012,63,0
100,84870,64,0
100,84756,65,0
100,85002,66,0
100,84930,67,0
100,84934,68,0
100,84885,69,0
100,84924,70,0
100,84840,71,0
100,85441,72,0
100,84907,73,0
100,84750,74,0
100,84893,75,0
100,84748,76,0
100,84843,77,0
100,84820,78,0
100,88764,79,0
100,84727,80,0
100,84742,81,0
100,85490,82,0
100,84738,83,0
100,85476,84,0
100,85032,85,0
100,85041,86,0
100,85148,87,0
100,84801,88,0
100,85043,89,0
100,85048,90,0
100,85046,91,0
100,84781,92,0
100,85058,93,0
100,85061,94,0
100,84741,95,0
100,84736,96,0
100,84734,97,0
100,84760,98,0
100,85052,99,0
100,84731,100,0
100,85072,101,0
100,85050,102,0
100,84945,103,0
100,85030,104,0
200,85162,1,0
200,84847,2,0
200,84762,3,0
200,84725,4,0
200,84764,5,0
200,84766,6,0
200,84768,7,0
200,85055,8,0
200,84143,9,0
200,84145,10,0
200,84147,11,0
200,84192,12,0
200,84441,13,0
200,85177,14,0
200,85179,15,0
200,84458,16,0
200,85354,17,0
200,85526,18,0
200,85772,19,0
200,85068,20,0
200,85105,21,0
200,85353,22,0
200,84109,23,0
200,84626,24,0
200,84451,25,0
200,84545,26,0
200,84547,27,0
200,85352,28,0
200,84466,29,0
200,84579,30,0
200,84535,31,0
200,84403,32,0
200,84604,33,0
200,84532,34,0
200,84400,35,0
200,84529,36,0
200,85755,37,0
200,84447,38,0
200,84449,39,0
200,84617,40,0
200,84558,41,0
200,84560,42,0
200,84413,43,0
200,84581,44,0
200,84415,45,0
200,84417,46,0
200,84566,47,0
200,84419,48,0
200,84584,49,0
200,84140,50,0
200,84612,51,0
200,84472,52,0
200,84474,53,0
200,84476,54,0
200,85783,55,0
200,84465,56,0
200,84572,57,0
200,84424,58,0
200,84597,59,0
200,84537,60,0
200,84577,61,0
200,84599,62,0
200,84610,63,0
200,84620,64,0
200,84142,65,0
200,85488,66,0
200,84789,67,0
200,84999,68,0
200,85005,69,0
200,84841,70,0
200,84837,71,0
300,85161,1,0
300,84845,2,0
300,85003,3,0
300,84997,4,0
300,84788,5,0
300,84993,6,0
300,84994,7,0
300,84141,8,0
300,84619,9,0
300,84609,10,0
300,84598,11,0
300,84576,12,0
300,84536,13,0
300,84596,14,0
300,84423,15,0
300,84571,16,0
300,84468,17,0
300,85807,18,0
300,84477,19,0
300,84475,20,0
300,84473,21,0
300,84471,22,0
300,84570,23,0
300,84420,24,0
300,84568,25,0
300,84418,26,0
300,84416,27,0
300,84582,28,0
300,84414,29,0
300,84562,30,0
300,84559,31,0
300,84464,32,0
300,84448,33,0
300,84531,34,0
300,85756,35,0
300,84357,36,0
300,84401,37,0
300,84533,38,0
300,84603,39,0
300,84402,40,0
300,84534,41,0
300,84580,42,0
300,84446,43,0
300,84539,44,0
300,84543,45,0
300,84546,46,0
300,84544,47,0
300,84452,48,0
300,84627,49,0
300,84361,50,0
300,84362,51,0
300,84251,52,0
300,85518,53,0
300,85351,54,0
300,84456,55,0
300,85773,56,0
300,85183,57,0
300,85358,58,0
300,84193,59,0
300,84148,60,0
300,84146,61,0
300,84144,62,0
300,85054,63,0
300,84767,64,0
300,84765,65,0
300,84763,66,0
300,84724,67,0
300,84761,68,0
300,84848,69,0
400,85160,1,0
400,84847,2,0
400,84762,3,0
400,84725,4,0
400,84764,5,0
400,84766,6,0
400,84768,7,0
400,85055,8,0
400,84982,9,0
400,84803,10,0
400,84799,11,0
400,85022,12,0
400,84212,13,0
400,85006,14,0
400,84794,15,0
400,85010,16,0
400,84213,17,0
400,84214,18,0
400,84215,19,0
400,85101,20,0
400,85109,21,0
400,85281,22,0
400,84151,23,0
400,84210,24,0
400,84216,25,0
400,84218,26,0
400,84219,27,0
400,84220,28,0
400,84221,29,0
400,84222,30,0
400,84149,31,0
400,84198,32,0
400,85498,33,0
400,84148,34,0
400,84146,35,0
400,84144,36,0
400,85054,37,0
400,84767,38,0
400,84765,39,0
400,84763,40,0
400,84724,41,0
400,84761,42,0
400,84848,43,0
400,84943,44,0
400,84804,45,0
400,84806,46,0
400,84984,47,0
400,84986,48,0
400,84808,49,0
400,84810,50,0
400,84988,51,1
401,84814,1,0
401,84811,2,0
401,84809,3,0
401,84987,4,0
401,84985,5,0
401,84807,6,0
401,84805,7,0
401,84944,8,0
401,85030,9,0
401,84847,10,0
401,84762,11,0
401,84725,12,0
401,84764,13,0
401,84766,14,0
401,84768,15,0
401,85055,16,0
401,84143,17,0
401,84145,18,0
401,84147,19,0
401,85774,20,0
401,84150,21,0
401,84223,22,0
401,84224,23,0
401,84225,24,0
401,84226,25,0
401,84227,26,0
401,84229,27,0
401,84230,28,0
401,84152,29,0
401,84196,30,0
401,84153,31,0
401,84155,32,0
401,84064,33,0
401,84231,34,0
401,84232,35,0
401,85009,36,0
401,84793,37,0
401,85007,38,0
401,84247,39,0
401,85021,40,0
401,84798,41,0
401,84802,42,0
401,84981,43,0
401,85054,44,0
401,84767,45,0
401,84765,46,0
401,84763,47,0
401,84724,48,0
401,84761,49,0
401,84848,50,0
401,85160,51,1
500,85156,1,0
500,84946,2,0
500,85064,3,0
500,84769,4,0
500,84949,5,0
500,84862,6,0
500,84860,7,0
500,85784,8,0
500,84771,9,0
500,84773,10,0
500,84957,11,0
500,84099,12,0
500,85454,13,0
500,84955,14,0
500,84776,15,0
500,84857,16,0
500,84959,17,0
500,84854,18,0
500,84778,19,0
500,84782,20,0
500,84961,21,0
500,85069,22,0
500,84090,23,0
500,84786,24,0
500,84852,25,0
500,84880,26,0
500,82868,27,0
500,82855,28,0
500,82004,29,0
500,82005,30,0
500,82006,31,0
500,82064,32,0
500,85521,33,0
500,85493,34,0
500,85808,35,0
500,85491,36,0
500,85501,37,0
500,84018,38,0
500,84056,39,0
500,85492,40,0
500,85520,41,0
500,84006,42,0
500,82007,43,0
500,82065,44,0
500,82066,45,0
500,82067,46,0
500,84969,47,0
500,84882,48,0
500,84967,49,0
500,84966,50,0
500,84853,51,0
500,84787,52,0
500,84785,53,0
500,84091,54,0
500,85070,55,0
500,84962,56,0
500,84783,57,0
500,84779,58,0
500,84855,59,0
500,84960,60,0
500,84856,61,0
500,84777,62,0
500,84956,63,0
500,85455,64,0
500,84100,65,0
500,84958,66,0
500,84774,67,0
500,84772,68,0
500,85785,69,0
500,84861,70,0
500,84863,71,0
500,84950,72,0
500,84770,73,0
500,85065,74,0
500,85539,75,0
800,85160,1,0
800,84816,2,0
800,85020,3,0
800,84849,4,0
800,84974,5,0
800,84976,6,0
800,85786,7,0
800,84887,8,0
800,84978,9,0
800,84792,10,0
800,84980,11,0
800,84851,12,0
800,85015,13,0
800,84817,14,0
800,84821,15,0
800,84981,16,0
800,85054,17,0
800,84767,18,0
800,84765,19,0
800,84763,20,0
800,84724,21,0
800,84761,22,0
800,84848,23,0
800,84943,24,0
800,84804,25,0
800,84806,26,0
800,84984,27,0
800,84986,28,0
800,84808,29,0
800,84810,30,0
800,84988,31,0
800,84823,32,0
800,84991,33,0
800,84825,34,0
800,84740,35,0
800,85060,36,0
800,85057,37,0
800,84827,38,0
800,84995,39,0
800,85478,40,0
800,84829,41,0
800,84831,42,0
800,84833,43,0
800,85004,44,0
800,84812,45,0
800,84814,46,0
800,84811,47,0
800,84809,48,0
800,84987,49,0
800,84985,50,0
800,84807,51,0
800,84805,52,0
800,84944,53,0
800,85030,54,0
800,84847,55,0
800,84762,56,0
800,84725,57,0
800,84764,58,0
800,84766,59,0
800,84768,60,0
800,85055,61,0
800,84982,62,0
800,84822,63,0
800,84818,64,0
800,85017,65,0
800,85008,66,0
800,84979,67,0
800,84791,68,0
800,84977,69,0
800,84886,70,0
800,85787,71,0
800,84975,72,0
800,84874,73,0
800,84850,74,0
800,85019,75,0
800,84815,76,0
800,84908,77,0
900,85509,1,0
900,84254,2,0
900,84255,3,0
900,85511,4,0
900,85532,5,0
900,83222,6,0
900,84035,7,0
900,84036,8,0
900,84037,9,0
900,84256,10,0
900,84258,11,0
900,84260,12,0
900,85502,13,0
900,85510,14,0
900,84039,15,0
900,85512,16,0
900,85513,17,0
900,85779,18,0
900,85514,19,0
900,85515,20,0
900,85516,21,0
900,84262,22,0
900,84876,23,0
900,84877,24,0
900,82144,25,0
900,82145,26,0
900,84878,27,0
900,82007,28,0
900,82065,29,0
900,82066,30,0
900,84969,31,0
900,84882,32,0
900,84967,33,0
900,84966,34,0
900,84853,35,0
900,84787,36,0
900,84785,37,0
900,84091,38,0
900,84092,39,0
900,84900,40,0
900,85053,41,0
900,84095,42,0
900,85038,43,0
900,84726,44,0
900,85782,45,0
900,84728,46,0
900,85117,47,0
900,85029,48,0
900,85152,49,0
900,85144,50,0
900,85146,51,0
900,85153,52,0
900,85041,53,0
900,85148,54,0
900,84801,55,0
900,88760,56,0
900,88762,57,0
900,84267,58,0
900,84273,59,0
900,84102,60,0
900,84274,61,0
900,84752,62,0
900,84275,63,0
900,84277,64,0
900,84861,65,0
900,84863,66,0
900,84950,67,0
900,84770,68,0
900,85065,69,0
900,85539,70,0
900,85155,71,1
901,84868,1,0
901,84946,2,0
901,85064,3,0
901,84769,4,0
901,84949,5,0
901,84862,6,0
901,84860,7,0
901,85784,8,0
901,84278,9,0
901,84753,10,0
901,84280,11,0
901,84101,12,0
901,84282,13,0
901,84284,14,0
901,88763,15,0
901,88761,16,0
901,84291,17,0
901,85147,18,0
901,85039,19,0
901,85031,20,0
901,85145,21,0
901,85143,22,0
901,85151,23,0
901,85024,24,0
901,84726,25,0
901,85782,26,0
901,84728,27,0
901,85117,28,0
901,85029,29,0
901,85037,30,0
901,85040,31,0
901,85044,32,0
901,84901,33,0
901,84096,34,0
901,84097,35,0
901,84784,36,0
901,84786,37,0
901,84852,38,0
901,84880,39,0
901,82868,40,0
901,82855,41,0
901,82005,42,0
901,82006,43,0
901,82064,44,0
901,82063,45,0
901,82128,46,0
901,84899,47,0
901,82130,48,0
901,82134,49,0
901,84881,50,0
901,84883,51,0
901,84293,52,0
901,84294,53,0
901,85504,54,0
901,85505,55,0
901,85778,56,0
901,85506,57,0
901,85507,58,0
901,84034,59,0
901,85531,60,0
901,85552,61,0
901,85553,62,0
901,85554,63,0
901,85545,64,0
901,85546,65,0
901,85547,66,0
901,85548,67,0
901,85549,68,0
901,85550,69,0
901,85510,70,0
901,85508,71,0
901,84303,72,0
901,84310,73,0
901,85519,74,1
1100,85158,1,0
1100,84847,2,0
1100,84762,3,0
1100,84725,4,0
1100,84764,5,0
1100,84766,6,0
1100,84768,7,0
1100,85055,8,0
1100,84143,9,0
1100,84145,10,0
1100,84147,11,0
1100,85774,12,0
1100,84150,13,0
1100,85788,14,0
1100,84211,15,0
1100,84152,16,0
1100,84196,17,0
1100,84153,18,0
1100,84155,19,0
1100,84064,20,0
1100,84137,21,0
1100,84159,22,0
1100,85523,23,0
1100,84070,24,0
1100,84161,25,0
1100,85541,26,0
1100,84163,27,0
1100,84072,28,0
1100,85248,29,0
1100,84164,30,0
1100,84073,31,0
1100,84207,32,0
1100,84076,33,0
1100,84078,34,0
1100,85255,35,0
1100,84166,36,0
1100,84168,37,0
1100,84083,38,0
1100,84170,39,0
1100,84085,40,0
1100,84087,41,0
1100,84172,42,0
1100,84089,43,0
1100,85094,44,0
1100,84199,45,0
1100,85092,46,0
1100,85099,47,0
1100,85106,48,0
1100,85095,49,0
1100,85775,50,0
1100,85097,51,0
1100,85104,52,0
1100,85082,53,0
1100,84120,54,0
1100,84181,55,0
1100,84115,56,0
1100,85244,57,0
1100,85084,58,0
1100,85251,59,0
1100,84269,60,0
1100,84283,61,0
1100,84317,62,0
1100,85086,63,0
1100,85253,64,0
1100,84125,65,0
1100,85776,66,0
1100,85089,67,0
1100,84797,68,0
1100,85100,69,0
1100,85103,70,0
1100,85018,71,1
1101,85016,1,0
1101,85102,2,0
1101,85013,3,0
1101,84796,4,0
1101,85093,5,0
1101,84122,6,0
1101,84124,7,0
1101,85252,8,0
1101,84269,9,0
1101,84283,10,0
1101,84317,11,0
1101,85086,12,0
1101,85112,13,0
1101,85085,14,0
1101,85245,15,0
1101,84114,16,0
1101,84180,17,0
1101,84121,18,0
1101,85083,19,0
1101,85240,20,0
1101,85098,21,0
1101,85777,22,0
1101,85096,23,0
1101,85107,24,0
1101,85268,25,0
1101,85089,26,0
1101,85091,27,0
1101,85282,28,0
1101,84098,29,0
1101,84088,30,0
1101,84171,31,0
1101,84086,32,0
1101,84084,33,0
1101,84169,34,0
1101,84082,35,0
1101,84167,36,0
1101,84165,37,0
1101,85256,38,0
1101,84077,39,0
1101,85090,40,0
1101,85111,41,0
1101,85260,42,0
1101,85108,43,0
1101,85249,44,0
1101,84071,45,0
1101,85259,46,0
1101,84162,47,0
1101,85540,48,0
1101,84160,49,0
1101,84068,50,0
1101,85522,51,0
1101,84157,52,0
1101,84136,53,0
1101,85088,54,0
1101,85101,55,0
1101,85109,56,0
1101,85281,57,0
1101,84151,58,0
1101,84210,59,0
1101,85789,60,0
1101,84149,61,0
1101,84198,62,0
1101,85498,63,0
1101,84148,64,0
1101,84146,65,0
1101,84144,66,0
1101,85054,67,0
1101,84767,68,0
1101,84765,69,0
1101,84763,70,0
1101,84724,71,0
1101,84761,72,0
1101,84848,73,0
1101,85158,74,1
1400,84307,1,0
1400,84305,2,0
1400,84253,3,0
1400,84479,4,0
1400,84292,5,0
1400,84261,6,0
1400,84295,7,0
1400,84297,8,0
1400,84299,9,0
1400,84301,10,0
1400,84248,11,0
1400,84264,12,0
1400,84316,13,0
1400,84245,14,0
1400,84285,15,0
1400,84312,16,0
1400,84333,17,0
1400,84351,18,0
1400,84335,19,0
1400,85791,20,0
1400,84338,21,0
1400,84340,22,0
1400,85845,23,0
1400,85034,24,0
1400,84836,25,0
1400,84363,26,0
1400,84865,27,0
1400,85026,28,0
1400,84870,29,0
1400,84756,30,0
1400,85002,31,0
1400,84930,32,0
1400,84934,33,0
1400,84885,34,0
1400,84924,35,0
1400,84872,36,0
1400,84754,37,0
1400,85488,38,0
1400,84789,39,0
1400,84999,40,0
1400,85005,41,0
1400,84841,42,0
1400,84837,43,0
1400,85159,44,1
1401,85159,1,0
1401,84845,2,0
1401,85003,3,0
1401,84997,4,0
1401,84788,5,0
1401,84993,6,0
1401,84790,7,0
1401,84923,8,0
1401,84757,9,0
1401,84933,10,0
1401,84929,11,0
1401,85001,12,0
1401,84755,13,0
1401,85011,14,0
1401,85025,15,0
1401,84864,16,0
1401,84866,17,0
1401,84364,18,0
1401,84835,19,0
1401,85033,20,0
1401,84238,21,0
1401,84343,22,0
1401,84339,23,0
1401,84337,24,0
1401,85790,25,0
1401,84334,26,0
1401,84336,27,0
1401,84332,28,0
1401,84309,29,0
1401,85691,30,0
1401,85686,31,0
1401,85692,32,0
1401,85687,33,0
1401,85699,34,0
1401,85698,35,0
1401,85697,36,0
1401,85696,37,0
1401,85689,38,0
1401,85695,39,0
1401,85705,40,0
1401,84488,41,0
1401,84307,42,1
1700,85154,1,0
1700,84845,2,0
1700,85003,3,0
1700,84997,4,0
1700,84788,5,0
1700,84993,6,0
1700,84790,7,0
1700,84923,8,0
1700,84757,9,0
1700,84933,10,0
1700,84929,11,0
1700,85001,12,0
1700,84755,13,0
1700,85011,14,0
1700,85025,15,0
1700,84864,16,0
1700,84866,17,0
1700,84364,18,0
1700,84365,19,0
1700,84366,20,0
1700,84270,21,0
1700,84367,22,0
1700,84368,23,0
1700,84268,24,0
1700,84281,25,0
1700,84344,26,0
1700,84066,27,0
1700,84315,28,0
1700,84341,29,0
1700,84353,30,0
1700,84342,31,0
1700,84257,32,0
1700,85309,33,0
1700,84289,34,0
1700,85694,35,0
1700,84259,36,0
1700,84488,37,0
1700,84308,38,0
1700,84250,39,0
1700,84063,40,0
1700,84249,41,0
1700,84069,42,0
1700,84074,43,0
1700,84271,44,0
1700,84287,45,0
1700,84346,46,0
1700,84331,47,0
1700,84350,48,0
1700,84356,49,0
1700,84355,50,0
1700,84358,51,0
1700,84360,52,0
1700,84235,53,0
1700,85116,54,0
1700,85794,55,0
1700,84304,56,0
1700,84237,57,0
1700,84241,58,0
1700,84321,59,0
1700,84323,60,0
1700,84325,61,0
1700,84243,62,1
1701,84242,1,0
1701,84324,2,0
1701,84322,3,0
1701,84320,4,0
1701,84263,5,0
1701,84236,6,0
1701,84302,7,0
1701,85793,8,0
1701,85115,9,0
1701,84233,10,0
1701,84359,11,0
1701,84354,12,0
1701,84355,13,0
1701,84358,14,0
1701,84348,15,0
1701,84330,16,0
1701,84347,17,0
1701,84288,18,0
1701,84272,19,0
1701,84306,20,0
1701,84308,21,0
1701,84250,22,0
1701,84063,23,0
1701,84249,24,0
1701,84069,25,0
1701,84074,26,0
1701,84253,27,0
1701,84479,28,0
1701,85707,29,0
1701,85693,30,0
1701,85704,31,0
1701,85688,32,0
1701,85701,33,0
1701,84352,34,0
1701,85700,35,0
1701,85706,36,0
1701,84065,37,0
1701,84067,38,0
1701,84296,39,0
1701,84300,40,0
1701,84318,41,0
1701,84279,42,0
1701,84239,43,0
1701,84276,44,0
1701,84319,45,0
1701,85792,46,0
1701,84865,47,0
1701,85026,48,0
1701,84870,49,0
1701,84756,50,0
1701,85002,51,0
1701,84930,52,0
1701,84934,53,0
1701,84885,54,0
1701,84924,55,0
1701,84872,56,0
1701,84754,57,0
1701,85488,58,0
1701,84789,59,0
1701,84999,60,0
1701,85005,61,0
1701,84841,62,0
1701,84837,63,0
1701,85154,64,1
1800,85157,1,0
1800,84943,2,0
1800,85049,3,0
1800,85071,4,0
1800,84730,5,0
1800,85051,6,0
1800,84758,7,0
1800,84733,8,0
1800,84735,9,0
1800,84739,10,0
1800,85060,11,0
1800,85057,12,0
1800,84780,13,0
1800,85045,14,0
1800,85047,15,0
1800,85042,16,0
1800,84800,17,0
1800,85147,18,0
1800,85039,19,0
1800,85031,20,0
1800,85145,21,0
1800,85143,22,0
1800,85151,23,0
1800,85024,24,0
1800,85482,25,0
1800,84726,26,0
1800,85782,27,0
1800,85597,28,0
1800,84017,29,0
1800,85449,30,0
1800,84105,31,0
1800,84106,32,0
1800,84107,33,0
1800,84108,34,0
1800,84012,35,0
1800,84914,36,0
1800,84728,37,0
1800,84889,38,0
1800,85128,39,0
1800,84892,40,0
1800,85536,41,0
1800,85448,42,0
1800,84932,43,0
1800,84928,44,0
1800,84935,45,0
1800,84885,46,0
1800,84924,47,0
1800,84872,48,0
1800,84754,49,0
1800,85488,50,0
1800,84789,51,0
1800,85810,52,0
1800,84079,53,0
1800,85795,54,0
1800,84131,55,0
1800,84186,56,0
1800,84188,57,0
1800,84129,58,0
1800,84190,59,0
1800,84126,60,0
1800,85062,61,0
1800,84201,62,0
1800,84841,63,0
1800,84837,64,0
1801,85157,1,0
1801,84845,2,0
1801,84202,3,0
1801,85059,4,0
1801,84127,5,0
1801,84189,6,0
1801,84128,7,0
1801,84187,8,0
1801,84185,9,0
1801,84130,10,0
1801,85796,11,0
1801,84080,12,0
1801,84998,13,0
1801,84788,14,0
1801,84993,15,0
1801,84790,16,0
1801,84923,17,0
1801,84757,18,0
1801,85596,19,0
1801,84931,20,0
1801,85447,21,0
1801,85535,22,0
1801,84891,23,0
1801,85127,24,0
1801,84890,25,0
1801,85150,26,0
1801,85782,27,0
1801,85597,28,0
1801,84017,29,0
1801,85449,30,0
1801,84105,31,0
1801,84106,32,0
1801,84107,33,0
1801,84108,34,0
1801,84012,35,0
1801,84914,36,0
1801,84728,37,0
1801,85117,38,0
1801,85029,39,0
1801,85482,40,0
1801,85152,41,0
1801,85144,42,0
1801,85146,43,0
1801,85153,44,0
1801,85041,45,0
1801,85148,46,0
1801,84801,47,0
1801,85043,48,0
1801,85048,49,0
1801,85046,50,0
1801,84781,51,0
1801,85058,52,0
1801,85061,53,0
1801,84741,54,0
1801,84736,55,0
1801,84734,56,0
1801,84760,57,0
1801,85052,58,0
1801,84731,59,0
1801,85072,60,0
1801,85050,61,0
1801,84945,62,0
1801,85030,63,0
1900,85165,1,0
1900,84937,2,0
1900,84041,3,1
1900,84629,4,1
1900,85797,5,1
1900,84637,6,1
1900,84000,7,1
1901,84000,1,0
1901,84636,2,0
1901,85798,3,0
1901,84628,4,0
1901,84040,5,0
1901,84936,6,0
1901,85165,7,1
2000,85168,1,0
2000,84847,2,0
2000,84762,3,0
2000,84725,4,0
2000,84764,5,0
2000,84766,6,0
2000,84768,7,0
2000,85055,8,0
2000,84143,9,0
2000,84145,10,0
2000,84147,11,0
2000,84192,12,0
2000,84441,13,0
2000,85177,14,0
2000,85179,15,0
2000,84458,16,0
2000,85354,17,0
2000,84443,18,0
2000,84589,19,0
2000,84528,20,0
2000,85755,21,0
2000,84447,22,0
2000,84449,23,0
2000,84617,24,0
2000,84558,25,0
2000,85799,26,0
2000,84554,27,0
2000,84586,28,0
2000,84408,29,0
2000,84409,30,0
2000,85356,31,0
2000,84467,32,1
2001,84467,1,0
2001,85357,2,0
2001,84410,3,0
2001,84557,4,0
2001,84587,5,0
2001,84553,6,0
2001,85800,7,0
2001,85806,8,0
2001,84464,9,0
2001,84448,10,0
2001,84531,11,0
2001,85756,12,0
2001,84530,13,0
2001,84590,14,0
2001,85772,15,0
2001,84456,16,0
2001,85773,17,0
2001,85183,18,0
2001,85358,19,0
2001,84193,20,0
2001,84148,21,0
2001,84146,22,0
2001,84144,23,0
2001,85054,24,0
2001,84767,25,0
2001,84765,26,0
2001,84763,27,0
2001,84724,28,0
2001,84761,29,0
2001,84847,30,0
2001,85168,31,1
2100,84871,1,0
2100,84847,2,0
2100,84762,3,0
2100,84725,4,0
2100,84764,5,0
2100,84766,6,0
2100,84768,7,0
2100,85055,8,0
2100,84143,9,0
2100,84145,10,0
2100,84147,11,0
2100,84192,12,0
2100,84441,13,0
2100,85526,14,0
2100,84053,15,0
2100,84110,16,0
2100,84443,17,0
2100,84589,18,0
2100,84528,19,0
2100,85755,20,0
2100,84447,21,0
2100,84449,22,0
2100,84617,23,0
2100,84558,24,0
2100,84560,25,0
2100,84413,26,0
2100,84426,27,0
2100,84427,28,0
2100,84613,29,0
2100,84428,30,0
2100,84429,31,0
2100,84565,32,0
2100,84616,33,0
2100,84430,34,0
2100,84431,35,0
2100,84567,36,0
2100,85765,37,0
2100,84016,38,0
2100,84103,39,0
2100,85766,40,0
2100,85767,41,0
2100,85768,42,0
2100,85805,43,0
2100,85769,44,0
2100,85114,45,0
2100,85802,46,0
2100,84252,47,0
2100,84111,48,0
2100,84057,49,0
2100,84251,50,0
2100,85518,51,0
2100,85113,52,0
2100,85110,53,0
2100,85804,54,0
2100,85760,55,0
2100,85761,56,0
2100,85762,57,0
2100,84104,58,0
2100,84004,59,0
2100,85763,60,0
2100,85764,61,0
2100,84895,62,0
2100,84896,63,0
2100,84897,64,0
2100,84298,65,0
2100,84388,66,0
2100,84389,67,0
2100,84588,68,0
2100,84826,69,0
2100,84828,70,0
2100,84015,71,0
2100,84562,72,0
2100,84559,73,0
2100,84464,74,0
2100,84448,75,0
2100,84531,76,0
2100,85756,77,0
2100,84530,78,0
2100,84590,79,0
2100,85801,80,0
2100,84442,81,0
2100,85358,82,0
2100,84193,83,0
2100,84148,84,0
2100,84146,85,0
2100,84144,86,0
2100,85054,87,0
2100,84767,88,0
2100,84765,89,0
2100,84763,90,0
2100,84724,91,0
2100,84761,92,0
2100,84848,93,0
2100,85155,94,1
2200,84002,1,0
2200,84001,2,0
2200,84580,3,0
2200,84446,4,0
2200,84552,5,0
2200,85800,6,0
2200,85806,7,0
2200,84464,8,0
2200,84448,9,0
2200,84531,10,0
2200,84003,11,0
2200,84104,12,0
2200,84004,13,0
2200,84005,14,0
2200,84010,15,0
2200,85783,16,0
2200,84465,17,0
2200,84572,18,0
2200,84424,19,0
2200,84597,20,0
2200,84537,21,0
2200,84577,22,0
2200,84599,23,0
2200,84610,24,0
2200,84620,25,0
2200,84757,26,0
2200,84933,27,0
2200,84011,28,0
2200,85537,29,0
2200,84888,30,0
2200,85127,31,0
2200,84890,32,0
2200,85150,33,0
2200,85782,34,1
2201,85782,1,0
2201,84728,2,0
2201,84889,3,0
2201,85128,4,0
2201,84892,5,0
2201,85538,6,0
2201,85138,7,0
2201,84934,8,0
2201,84885,9,0
2201,84619,10,0
2201,84609,11,0
2201,84598,12,0
2201,84576,13,0
2201,84536,14,0
2201,84596,15,0
2201,84423,16,0
2201,84571,17,0
2201,84468,18,0
2201,85807,19,0
2201,84477,20,0
2201,84028,21,0
2201,84029,22,0
2201,84016,23,0
2201,84103,24,0
2201,85766,25,0
2201,84030,26,0
2201,84449,27,0
2201,84617,28,0
2201,84558,29,0
2201,85799,30,0
2201,84554,31,0
2201,84478,32,0
2201,84606,33,0
2201,84541,34,0
2201,84466,35,0
2201,84579,36,0
2201,84033,37,0
2201,84031,38,0
2201,84032,39,1
2300,84873,1,0
2300,84846,2,0
2300,85003,3,0
2300,84997,4,0
2300,84788,5,0
2300,84993,6,0
2300,84790,7,0
2300,84923,8,0
2300,82033,9,0
2300,82034,10,0
2300,82844,11,0
2300,83720,12,0
2300,82072,13,0
2300,82073,14,0
2300,82074,15,0
2300,82075,16,0
2300,84697,17,1
2301,84697,1,0
2301,82121,2,0
2301,82122,3,0
2301,82123,4,0
2301,82124,5,0
2301,82125,6,0
2301,83720,7,0
2301,82843,8,0
2301,82036,9,0
2301,82037,10,0
2301,84924,11,0
2301,84872,12,0
2301,84754,13,0
2301,85488,14,0
2301,84789,15,0
2301,84999,16,0
2301,85005,17,0
2301,84841,18,0
2301,84837,19,0
2301,85155,20,1
2500,85164,1,0
2500,84937,2,0
2500,84396,3,1
2500,84374,4,1
2500,84138,5,1
2500,84992,6,1
2500,84996,7,1
2500,84632,8,1
2500,84630,9,1
2500,84649,10,1
2500,84656,11,1
2501,84657,1,0
2501,84650,2,0
2501,84631,3,0
2501,84633,4,0
2501,84670,5,0
2501,85067,6,0
2501,84139,7,0
2501,84375,8,0
2501,84397,9,0
2501,84936,10,0
2501,85164,11,1
2700,84869,1,0
2700,84847,2,0
2700,84762,3,0
2700,84725,4,0
2700,84764,5,0
2700,84766,6,0
2700,84768,7,0
2700,85055,8,0
2700,84143,9,0
2700,84145,10,0
2700,84147,11,0
2700,84192,12,0
2700,84441,13,0
2700,85526,14,0
2700,84053,15,0
2700,84110,16,0
2700,85802,17,0
2700,84042,18,0
2700,84054,19,0
2700,84044,20,0
2700,84142,21,0
2700,84019,22,0
2700,84790,23,0
2700,84840,24,0
2700,85441,25,0
2700,84046,26,0
2700,85490,27,0
2700,84738,28,0
2700,84048,29,0
2700,84050,30,0
2700,84726,31,0
2700,85782,32,1
2701,85782,1,0
2701,84728,2,0
2701,85117,3,0
2701,84047,4,0
2701,84049,5,0
2701,84051,6,0
2701,85489,7,0
2701,84743,8,0
2701,84052,9,0
2701,84839,10,0
2701,84925,11,0
2701,84872,12,0
2701,84754,13,0
2701,84994,14,0
2701,84141,15,0
2701,84045,16,0
2701,84055,17,0
2701,84043,18,0
2701,84252,19,0
2701,84111,20,0
2701,84057,21,0
2701,84251,22,0
2701,85518,23,0
2701,85358,24,0
2701,84193,25,0
2701,84148,26,0
2701,84146,27,0
2701,84144,28,0
2701,85054,29,0
2701,84767,30,0
2701,84765,31,0
2701,84763,32,0
2701,84724,33,0
2701,84761,34,0
2701,84848,35,0
2701,85155,36,1
3000,85066,1,0
3000,84707,2,0
3000,84361,3,0
3000,84841,4,0
3000,84837,5,0
3000,85167,6,0
3000,84937,7,0
3000,84025,8,1
3000,84027,9,1
3000,84023,10,1
3000,85078,11,1
3001,88643,1,0
3001,84022,2,0
3001,84026,3,0
3001,84024,4,0
3001,84936,5,0
3001,85155,6,0
3001,84846,7,0
3001,84707,8,0
3001,85063,9,1
3001,85167,10,1
4000,85495,1,0
4000,85497,2,0
4000,84083,3,0
4000,84170,4,0
4000,84085,5,0
4000,84087,6,0
4000,84172,7,0
4000,84089,8,0
4000,84830,9,0
4000,85013,10,0
4000,84796,11,0
4000,85093,12,0
4000,85099,13,0
4000,85106,14,0
4000,85095,15,0
4000,85775,16,0
4000,85097,17,0
4000,85104,18,0
4000,85082,19,0
4000,84120,20,0
4000,84181,21,0
4000,84115,22,0
4000,85244,23,0
4000,85084,24,0
4000,85251,25,0
4000,84269,26,0
4000,84283,27,0
4000,84317,28,0
4000,85086,29,0
4000,85253,30,0
4000,84125,31,0
4000,85078,32,1
4001,88643,1,0
4001,84830,2,0
4001,85013,3,0
4001,84796,4,0
4001,85093,5,0
4001,84122,6,0
4001,84124,7,0
4001,85252,8,0
4001,84269,9,0
4001,84283,10,0
4001,84317,11,0
4001,85086,12,0
4001,85112,13,0
4001,85085,14,0
4001,85245,15,0
4001,84114,16,0
4001,84180,17,0
4001,84121,18,0
4001,85083,19,0
4001,85240,20,0
4001,85098,21,0
4001,85777,22,0
4001,85096,23,0
4001,85107,24,0
4001,85268,25,0
4001,85089,26,0
4001,85500,27,0
4001,84171,28,0
4001,84086,29,0
4001,84084,30,0
4001,84169,31,0
4001,84082,32,0
4001,84167,33,0
4001,85495,34,1
4100,84994,1,0
4100,84141,2,0
4100,84619,3,0
4100,84609,4,0
4100,84598,5,0
4100,84576,6,0
4100,84536,7,0
4100,84461,8,0
4100,84460,9,0
4100,84459,10,0
4100,84555,11,0
4100,84622,12,0
4100,84623,13,0
4100,84624,14,0
4100,84625,15,0
4100,84573,16,0
4100,84394,17,0
4100,84395,18,0
4100,85073,19,0
4100,84457,20,0
4100,84614,21,0
4100,85525,22,0
4100,84455,23,0
4100,84399,24,0
4100,85012,25,0
4100,84870,26,0
4100,84756,27,0
4100,85002,28,0
4100,84930,29,0
4100,84934,30,0
4100,84885,31,0
4100,84924,32,0
4100,84840,33,0
4100,85441,34,0
4100,84907,35,0
4100,84750,36,0
4100,84893,37,0
4100,84748,38,0
4100,84843,39,0
4100,84820,40,0
4100,84742,41,0
4100,85490,42,0
4100,84738,43,0
4100,85035,44,0
4100,85476,45,0
4100,85032,46,0
4100,85041,47,0
4100,85148,48,0
4100,84801,49,0
4100,85043,50,0
4100,85048,51,0
4100,85046,52,0
4100,84781,53,0
4100,85058,54,0
4100,85061,55,0
4100,84741,56,0
4100,84736,57,0
4100,84734,58,0
4100,84760,59,0
4100,85052,60,0
4100,84731,61,0
4100,85072,62,0
4100,85050,63,0
4100,84945,64,0
4100,85030,65,0
4100,85155,66,1
4500,85491,1,0
4500,85501,2,0
4500,84018,3,0
4500,84056,4,0
4500,85492,5,0
4500,85520,6,0
4500,84006,7,0
4500,82007,8,0
4500,82065,9,0
4500,82066,10,0
4500,84969,11,0
4500,84882,12,0
4500,84967,13,0
4500,84966,14,0
4500,84853,15,0
4500,84787,16,0
4500,84785,17,0
4500,84091,18,0
4500,85070,19,0
4500,84962,20,0
4500,84783,21,0
4500,84779,22,0
4500,84855,23,0
4500,84960,24,0
4500,84856,25,0
4500,84777,26,0
4500,84956,27,0
4500,85455,28,0
4500,84100,29,0
4500,84958,30,0
4500,84774,31,0
4500,84772,32,0
4500,85785,33,0
4500,84861,34,0
4500,84863,35,0
4500,84950,36,0
4500,84770,37,0
4500,85065,38,0
4500,85539,39,0
4500,85155,40,1
4800,84823,1,0
4800,84991,2,0
4800,84825,3,0
4800,84740,4,0
4800,85060,5,0
4800,85057,6,0
4800,84827,7,0
4800,84995,8,0
4800,85478,9,0
4800,84829,10,0
4800,84831,11,0
4800,84833,12,0
4800,85004,13,0
4800,84812,14,0
4800,84814,15,0
4800,84811,16,0
4800,84809,17,0
4800,84987,18,0
4800,84985,19,0
4800,84807,20,0
4800,84805,21,0
4800,84944,22,0
4800,85030,23,0
4800,84847,24,0
4800,84762,25,0
4800,84725,26,0
4800,84764,27,0
4800,84766,28,0
4800,84768,29,0
4800,85055,30,0
4800,84982,31,0
4800,84822,32,0
4800,84818,33,0
4800,85017,34,0
4800,85008,35,0
4800,84979,36,0
4800,84791,37,0
4800,84977,38,0
4800,84886,39,0
4800,85787,40,0
4800,84975,41,0
4800,84247,42,0
4800,84874,43,0
4800,84850,44,0
4800,85019,45,0
4800,84815,46,0
4800,84908,47,0
4800,85155,48,1
14000,85495,1,0
14000,85497,2,0
14000,84083,3,0
14000,84170,4,0
14000,84085,5,0
14000,84087,6,0
14000,84172,7,0
14000,84089,8,0
14000,84830,9,0
14000,85013,10,0
14000,84796,11,0
14000,85093,12,0
14000,84122,13,0
14000,84124,14,0
14000,85252,15,0
14000,85803,16,0
14000,85079,17,0
14000,85077,18,0
14000,84701,19,0
14000,85123,20,0
14000,85028,21,0
14000,85000,22,0
14000,85245,23,0
14000,84114,24,0
14000,84180,25,0
14000,84121,26,0
14000,85083,27,0
14000,85240,28,0
14000,85098,29,0
14000,85777,30,0
14000,85096,31,0
14000,85107,32,0
14000,85268,33,0
14000,85078,34,1
14001,88643,1,0
14001,84830,2,0
14001,85013,3,0
14001,84796,4,0
14001,85093,5,0
14001,85099,6,0
14001,85106,7,0
14001,85095,8,0
14001,85775,9,0
14001,85097,10,0
14001,85104,11,0
14001,85082,12,0
14001,84120,13,0
14001,84181,14,0
14001,84115,15,0
14001,85244,16,0
14001,85084,17,0
14001,85027,18,0
14001,85122,19,0
14001,84702,20,0
14001,85080,21,0
14001,85087,22,0
14001,85086,23,0
14001,85253,24,0
14001,84125,25,0
14001,85776,26,0
14001,85089,27,0
14001,85500,28,0
14001,84171,29,0
14001,84086,30,0
14001,84084,31,0
14001,84169,32,0
14001,84082,33,0
14001,84167,34,0
14001,85495,35,1
41700,84307,1,0
41700,84305,2,0
41700,84253,3,0
41700,84479,4,0
41700,85707,5,0
41700,85693,6,0
41700,85704,7,0
41700,85688,8,0
41700,85701,9,0
41700,84352,10,0
41700,85700,11,0
41700,85706,12,0
41700,84332,13,0
41700,84309,14,0
41700,84328,15,0
41700,84326,16,0
41700,84490,17,0
41700,84469,18,0
41700,84482,19,0
41700,84496,20,0
41700,84499,21,0
41700,84485,22,0
41700,84420,23,0
41700,84568,24,0
41700,84418,25,0
41700,84416,26,0
41700,84582,27,0
41700,84414,28,0
41700,84562,29,0
41700,84559,30,0
41700,85799,31,0
41700,84554,32,0
41700,84478,33,0
41700,84606,34,0
41700,84541,35,0
41700,84543,36,0
41700,84546,37,0
41700,84544,38,0
41700,84452,39,0
41700,84627,40,0
41700,84705,41,1
41701,84705,1,0
41701,84626,2,0
41701,84451,3,0
41701,84545,4,0
41701,84547,5,0
41701,85352,6,0
41701,84540,7,0
41701,84542,8,0
41701,85800,9,0
41701,85806,10,0
41701,84560,11,0
41701,84413,12,0
41701,84581,13,0
41701,84415,14,0
41701,84417,15,0
41701,84566,16,0
41701,84419,17,0
41701,84584,18,0
41701,84497,19,0
41701,84495,20,0
41701,84483,21,0
41701,84470,22,0
41701,84489,23,0
41701,84487,24,0
41701,84327,25,0
41701,84329,26,0
41701,84311,27,0
41701,84333,28,0
41701,84351,29,0
41701,84341,30,0
41701,84353,31,0
41701,84342,32,0
41701,84257,33,0
41701,85309,34,0
41701,84289,35,0
41701,85694,36,0
41701,84259,37,0
41701,84488,38,0
41701,84307,39,1
2002500,85164,1,0
2002500,84937,2,0
2002500,84396,3,1
2002500,84374,4,1
2002500,84138,5,1
2002501,84139,1,0
2002501,84375,2,0
2002501,84397,3,0
2002501,84936,4,0
2002501,85164,5,1
3001100,84830,1,0
3001100,85013,2,0
3001100,84796,3,0
3001100,85093,4,0
3001100,84122,5,0
3001100,84124,6,0
3001100,85252,7,0
3001100,85803,8,0
3001100,85782,9,1
3001101,85782,1,0
3001101,85086,2,0
3001101,85253,3,0
3001101,84125,4,0
3001101,85776,5,0
3001101,85089,6,0
3001101,84830,7,0
3001101,85013,8,0
3001101,84796,9,1
3002400,84011,1,0
3002400,85537,2,0
3002400,84888,3,0
3002400,85127,4,0
3002400,84890,5,0
3002400,85782,6,1
3002401,85782,1,0
3002401,84728,2,0
3002401,85138,3,1
2000000600,84592,1,0
2000000600,84433,2,0
2000000600,84524,3,0
2000000600,84435,4,0
2000000600,85189,5,0
2000000600,84517,6,0
2000000600,84497,7,0
2000000600,84463,8,0
2000000600,84437,9,0
2000000600,84507,10,0
2000000600,84511,11,0
2000000600,84509,12,0
2000000600,84601,13,0
2000000600,84602,14,0
2000000600,84506,15,0
2000000600,85359,16,0
2000000600,85076,17,0
2000000600,85360,18,0
2000000600,84500,19,0
2000000600,84462,20,0
2000000600,84498,21,0
2000000600,84495,22,0
2000000600,84483,23,0
2000000600,84454,24,0
2000000600,84439,25,0
2000000600,84438,26,0
2000000600,84425,27,1
2000000601,84439,1,0
2000000601,84438,2,0
2000000601,84425,3,0
2000000601,84453,4,0
2000000601,84484,5,0
2000000601,84496,6,0
2000000601,84499,7,0
2000000601,84463,8,0
2000000601,84507,9,0
2000000601,84511,10,0
2000000601,84509,11,0
2000000601,84601,12,0
2000000601,84602,13,0
2000000601,84506,14,0
2000000601,85359,15,0
2000000601,85076,16,0
2000000601,85360,17,0
2000000601,84500,18,0
2000000601,84462,19,0
2000000601,84498,20,0
2000000601,85361,21,0
2000000601,84520,22,0
2000000601,84434,23,0
2000000601,84523,24,0
2000000601,84432,25,0
2000000601,84591,26,1
2000001200,85782,1,0
2000001200,85086,2,0
2000001200,85112,3,0
2000001200,85085,4,0
2000001200,85245,5,0
2000001200,84114,6,0
2000001200,85268,7,0
2000001200,85089,8,0
2000001200,84797,9,0
2000001200,85100,10,0
2000001200,85103,11,0
2000001200,85018,12,1
2000001201,85016,1,0
2000001201,85102,2,0
2000001201,85013,3,0
2000001201,84796,4,0
2000001201,85093,5,0
2000001201,85099,6,0
2000001201,85244,7,0
2000001201,85084,8,0
2000001201,85251,9,0
2000001201,85803,10,0
2000001201,85782,11,1
2000001300,85782,1,0
2000001300,84728,2,0
2000001300,85497,3,0
2000001300,84165,4,0
2000001300,85256,5,0
2000001300,84077,6,0
2000001300,85090,7,0
2000001300,85111,8,0
2000001300,85260,9,0
2000001300,85108,10,0
2000001300,85249,11,0
2000001300,84071,12,0
2000001300,85259,13,0
2000001300,84116,14,0
2000001300,84162,15,0
2000001300,85540,16,0
2000001300,84160,17,0
2000001300,84068,18,0
2000001300,85522,19,0
2000001300,84157,20,1
2000001301,84159,1,0
2000001301,85523,2,0
2000001301,84070,3,0
2000001301,84161,4,0
2000001301,85541,5,0
2000001301,84163,6,0
2000001301,84072,7,0
2000001301,84116,8,0
2000001301,85248,9,0
2000001301,84164,10,0
2000001301,84073,11,0
2000001301,84207,12,0
2000001301,84076,13,0
2000001301,85255,14,0
2000001301,84166,15,0
2000001301,84168,16,0
2000001301,85495,17,0
2000001301,85782,18,1
2000001500,85782,1,0
2000001500,84728,2,0
2000001500,85137,3,0
2000001500,85135,4,0
2000001500,85140,5,0
2000001500,85142,6,0
2000001500,85131,7,0
2000001500,85025,8,0
2000001500,84864,9,0
2000001500,84866,10,0
2000001500,84364,11,0
2000001500,84365,12,0
2000001500,84366,13,0
2000001500,84270,14,0
2000001500,84066,15,0
2000001500,84315,16,0
2000001500,84332,17,0
2000001500,84309,18,0
2000001500,85691,19,0
2000001500,85686,20,0
2000001500,85692,21,0
2000001500,85687,22,0
2000001500,85699,23,0
2000001500,85698,24,0
2000001500,85697,25,0
2000001500,85696,26,0
2000001500,85689,27,0
2000001500,85695,28,0
2000001500,85705,29,0
2000001500,84488,30,0
2000001500,84271,31,0
2000001500,84287,32,0
2000001500,84346,33,1
2000001501,84347,1,0
2000001501,84288,2,0
2000001501,84272,3,0
2000001501,84306,4,0
2000001501,84253,5,0
2000001501,84479,6,0
2000001501,84292,7,0
2000001501,84261,8,0
2000001501,84295,9,0
2000001501,84297,10,0
2000001501,84299,11,0
2000001501,84301,12,0
2000001501,84248,13,0
2000001501,84264,14,0
2000001501,84316,15,0
2000001501,84245,16,0
2000001501,84285,17,0
2000001501,84312,18,0
2000001501,84333,19,0
2000001501,84351,20,0
2000001501,84065,21,0
2000001501,84067,22,0
2000001501,84081,23,0
2000001501,84276,24,0
2000001501,84319,25,0
2000001501,85792,26,0
2000001501,84865,27,0
2000001501,85026,28,0
2000001501,85131,29,0
2000001501,85141,30,0
2000001501,85139,31,0
2000001501,85134,32,0
2000001501,85136,33,0
2000001501,85782,34,1
2000002400,85125,1,0
2000002400,85133,2,0
2000002400,85137,3,0
2000002400,85135,4,0
2000002400,85140,5,0
2000002400,85142,6,0
2000002400,84870,7,1
2000002401,85131,1,0
2000002401,85141,2,0
2000002401,85139,3,0
2000002401,85134,4,0
2000002401,85136,5,0
2000002401,85132,6,0
2000002401,85126,7,1
2000002600,84467,1,0
2000002600,84480,2,0
2000002600,84486,3,0
2000002600,84902,4,0
2000002600,84903,5,0
2000002600,84904,6,0
2000002600,84905,7,0
2000002600,84909,8,1
2000002601,84910,1,0
2000002601,84911,2,0
2000002601,84912,3,0
2000002601,84913,4,0
2000002601,84915,5,0
2000002601,84916,6,0
2000002601,84481,7,0
2000002601,84467,8,1
2000005500,84091,1,0
2000005500,84092,2,0
2000005500,84093,3,0
2000005500,84094,4,0
2000005500,84095,5,0
2000005500,84123,6,1
2000005501,84095,1,0
2000005501,84123,2,0
2000005501,84093,3,0
2000005501,84094,4,0
2000005501,84096,5,0
2000005501,84097,6,1
2000005600,84123,1,0
2000005600,84095,2,0
2000005600,84875,3,1
2000005601,84875,1,0
2000005601,84123,2,0
2000005601,84095,3,1
2000005701,85025,1,0
2000005701,84112,2,0
2000005701,84113,3,0
2000005701,84007,4,0
2000005701,85026,5,1
2000041700,84307,1,0
2000041700,84305,2,0
2000041700,84253,3,0
2000041700,84479,4,0
2000041700,85707,5,0
2000041700,85693,6,0
2000041700,85704,7,0
2000041700,85688,8,0
2000041700,85701,9,0
2000041700,84352,10,0
2000041700,85700,11,0
2000041700,85706,12,0
2000041700,84332,13,0
2000041700,84309,14,0
2000041700,84328,15,0
2000041700,84326,16,0
2000041700,84490,17,0
2000041700,84469,18,0
2000041700,84482,19,0
2000041700,84496,20,0
2000041700,84499,21,0
2000041700,84485,22,0
2000041700,84420,23,0
2000041700,84568,24,0
2000041700,84418,25,0
2000041700,84416,26,0
2000041700,84582,27,0
2000041700,84414,28,0
2000041700,84562,29,0
2000041700,84559,30,0
2000041700,85799,31,0
2000041700,84554,32,0
2000041700,84478,33,0
2000041700,84606,34,0
2000041700,84541,35,0
2000041700,84543,36,0
2000041700,84546,37,0
2000041700,84544,38,0
2000041700,84452,39,0
2000041700,84627,40,0
2000041700,84700,41,1
2000041701,84700,1,0
2000041701,84626,2,0
2000041701,84451,3,0
2000041701,84545,4,0
2000041701,84547,5,0
2000041701,85352,6,0
2000041701,84540,7,0
2000041701,84542,8,0
2000041701,85800,9,0
2000041701,85806,10,0
2000041701,84560,11,0
2000041701,84413,12,0
2000041701,84581,13,0
2000041701,84415,14,0
2000041701,84417,15,0
2000041701,84566,16,0
2000041701,84419,17,0
2000041701,84584,18,0
2000041701,84497,19,0
2000041701,84495,20,0
2000041701,84483,21,0
2000041701,84470,22,0
2000041701,84489,23,0
2000041701,84487,24,0
2000041701,84327,25,0
2000041701,84329,26,0
2000041701,84311,27,0
2000041701,84333,28,0
2000041701,84351,29,0
2000041701,84341,30,0
2000041701,84353,31,0
2000041701,84342,32,0
2000041701,84257,33,0
2000041701,85309,34,0
2000041701,84289,35,0
2000041701,85694,36,0
2000041701,84259,37,0
2000041701,84488,38,0
2000041701,84307,39,1
