300,'TM-H26-TM_GTFS-Semaine-02',540,,1338,530,,,0,99,,1339,650,,,0,70,,1355,650,,,0,31,,1349,650,,,0,70,,1354,650,,,0,32,,1348,650,,,0,100,,1343,650,,,0,200,,1344,650,,,0,200,,1345,650,,,0,171,,1347,650,,,0,105,,1346,650,,,0,99,,1352,650,,,0,28,,1351,650,,,0,66,,1353,650,,,0,30,,1350,650,,,0,95,,1337,650,,,0,167,,1340,650,,,0,100,,1341,650,,,0,227,,1342,650,,,0
300,'TM-H26-TM_GTFS-Week-end-02',633,,1356,540,,,0,201,,1357,660,,,0,208,,1358,660,,,0,200,,1359,660,,,0,200,,1360,660,,,0,195,,1361,660,,,0,197,,1362,660,,,0,199,,1363,660,,,0,200,,1364,660,,,0,198,,1365,660,,,0
400,'TM-H26-TM_GTFS-Semaine-02',1701,,1375,430,,,0,50,,1371,430,,,0,100,,1372,430,,,0,294,,1373,430,,,0,275,,1374,430,,,0
401,'TM-H26-TM_GTFS-Semaine-02',608,,1382,500,,,0,100,,1384,500,,,0,100,,1383,500,,,0,101,,1381,500,,,0,1031,,1385,500,,,0
800,'TM-H26-TM_GTFS-Semaine-02',604,,1443,230,,,0,102,,1438,230,,,0,100,,1434,230,,,0,100,,1435,230,,,0,100,,1441,230,,,0,100,,1442,230,,,0,100,,1432,230,,,0,100,,1433,230,,,0,100,,1439,230,,,0,100,,1444,230,,,0,100,,1440,230,,,0,100,,1436,230,,,0,99,,1437,230,,,0,100,,1445,230,,,0,100,,1446,230,,,0,100,,1447,230,,,0,100,,1448,230,,,0,100,,1449,230,,,0,100,,1450,230,,,0,98,,1451,230,0,16,0
800,'TM-H26-TM_GTFS-Week-end-02',704,,1453,230,,,0,100,,1454,230,,,0,100,,1455,230,,,0,101,,1456,230,,,0,100,,1457,230,,,0,100,,1458,230,,,0,100,,1459,230,,,0,100,,1460,230,,,0,100,,1461,230,,,0,100,,1462,230,,,0,100,,1463,230,,,0,99,,1464,230,,,0,100,,1465,230,,,0,100,,1466,230,,,0,100,,1467,230,,,0,100,,1468,230,,,0,100,,1469,230,,,0,100,,1470,230,,,0,99,,1471,230,0,16,0
1101,'TM-H26-TM_GTFS-Semaine-02',608,,1664,560,,,0,30,,1660,670,,,0,70,,1655,670,,,0,30,,1675,670,,,0,70,,1665,670,,,0,30,,1668,670,,,0,100,,1676,670,,,0,101,,1669,670,,,0,102,,1672,670,,,0,100,,1670,670,,,0,100,,1673,670,,,0,100,,1671,670,,,0,97,,1674,670,,,0,70,,1666,670,,,0,32,,1680,670,,,0,70,,1661,670,,,0,31,,1663,670,,,0,69,,1667,670,,,0,29,,1656,670,,,0,69,,1662,670,,,0,30,,1677,670,,,0,103,,1657,670,,,0,99,,1678,670,,,0,100,,1658,670,,,0,99,,1679,670,,,0,101,,1659,670,,,0
1101,'TM-H26-TM_GTFS-Week-end-02',639,,1691,670,,,0,100,,1681,670,,,0,100,,1692,670,,,0,101,,1682,670,,,0,101,,1683,670,,,0,100,,1693,670,,,0,100,,1684,670,,,0,100,,1694,670,,,0,100,,1685,670,,,0,100,,1695,670,,,0,100,,1686,670,,,0,100,,1696,670,,,0,99,,1687,670,,,0,98,,1697,670,,,0,100,,1688,670,,,0,99,,1698,670,,,0,100,,1689,670,,,0,100,,1699,670,,,0,100,,1690,670,,,0
2101,'TM-H26-TM_GTFS-Semaine-02',1641,,2619,610,0,5,0,99,,2618,610,0,5,0,100,,2617,610,0,5,0
2701,'TM-H26-TM_GTFS-Semaine-02',604,,2728,260,,,0,98,,2731,260,,,0,100,,2732,260,,,0,100,,2733,350,,,0,731,,2729,350,,,0,103,,2730,350,,,0,100,,2734,350,,,0
