300,'TM-H26-TM_GTFS-Fête-1-01',756,,1309,50,,,0,201,,1310,50,,,0,200,,1311,50,,,0,200,,1312,50,,,0,200,,1313,50,,,0,200,,1314,50,,,0,199,,1315,50,,,0,200,,1316,50,,,0,200,,1317,50,,,0
300,'TM-H26-TM_GTFS-Fête-2-02',558,,1320,50,,,0,70,,1336,50,,,0,30,,1330,50,,,0,70,,1335,50,,,0,30,,1329,50,,,0,100,,1324,50,,,0,201,,1325,50,,,0,200,,1326,50,,,0,170,,1328,50,,,0,105,,1327,50,,,0,96,,1333,50,,,0,29,,1332,50,,,0,70,,1334,50,,,0,30,,1331,50,,,0,99,,1318,50,,,0,168,,1321,50,,,0,100,,1322,50,,,0,230,,1323,50,,,0
300,'TM-H26-TM_GTFS-Semaine-02',558,,1339,50,,,0,70,,1355,50,,,0,30,,1349,50,,,0,70,,1354,50,,,0,30,,1348,50,,,0,100,,1343,50,,,0,201,,1344,50,,,0,200,,1345,50,,,0,170,,1347,50,,,0,105,,1346,50,,,0,96,,1352,50,,,0,29,,1351,50,,,0,70,,1353,50,,,0,30,,1350,50,,,0,99,,1337,50,,,0,168,,1340,50,,,0,100,,1341,50,,,0,230,,1342,50,,,0
300,'TM-H26-TM_GTFS-Week-end-02',756,,1357,50,,,0,201,,1358,50,,,0,200,,1359,50,,,0,200,,1360,50,,,0,200,,1361,50,,,0,200,,1362,50,,,0,199,,1363,50,,,0,200,,1364,50,,,0,200,,1365,50,,,0
1401,'TM-H26-TM_GTFS-Fête-1-01',754,,1801,50,,,0,103,,1798,50,,,0,101,,1812,50,,,0,100,,1808,50,,,0,100,,1806,50,,,0,100,,1809,50,,,0,101,,1807,50,,,0,99,,1810,50,,,0,100,,1813,50,,,0,100,,1811,50,,,0,100,,1796,50,,,0,99,,1799,50,,,0,100,,1797,50,,,0,100,,1802,50,,,0,97,,1805,50,,,0,103,,1803,50,,,0,99,,1800,50,,,0,100,,1804,50,,,0
1401,'TM-H26-TM_GTFS-Fête-2-02',627,,1821,50,,,0,30,,1829,50,,,0,70,,1840,50,,,0,30,,1822,50,,,0,70,,1830,50,,,0,30,,1820,50,,,0,70,,1823,50,,,0,30,,1831,50,,,0,70,,1824,50,,,0,100,,1833,50,,,0,101,,1835,50,,,0,100,,1834,50,,,0,101,,1814,50,,,0,100,,1819,50,,,0,100,,1815,50,,,0,30,,1836,50,,,0,70,,1825,50,,,0,30,,1816,50,,,0,69,,1837,50,,,0,30,,1826,50,,,0,69,,1817,50,,,0,100,,1838,50,,,0,100,,1818,50,,,0,100,,1827,50,,,0,99,,1832,50,,,0,100,,1828,50,,,0,100,,1839,50,,,0
1401,'TM-H26-TM_GTFS-Semaine-02',627,,1848,50,,,0,30,,1856,50,,,0,70,,1867,50,,,0,30,,1849,50,,,0,70,,1857,50,,,0,30,,1847,50,,,0,70,,1850,50,,,0,30,,1858,50,,,0,70,,1851,50,,,0,100,,1860,50,,,0,101,,1862,50,,,0,100,,1861,50,,,0,101,,1841,50,,,0,100,,1846,50,,,0,100,,1842,50,,,0,30,,1863,50,,,0,70,,1852,50,,,0,30,,1843,50,,,0,69,,1864,50,,,0,30,,1853,50,,,0,69,,1844,50,,,0,100,,1865,50,,,0,100,,1845,50,,,0,100,,1854,50,,,0,99,,1859,50,,,0,100,,1855,50,,,0,100,,1866,50,,,0
1401,'TM-H26-TM_GTFS-Week-end-02',754,,1873,50,,,0,103,,1870,50,,,0,101,,1884,50,,,0,100,,1880,50,,,0,100,,1878,50,,,0,100,,1881,50,,,0,101,,1879,50,,,0,99,,1882,50,,,0,100,,1885,50,,,0,100,,1883,50,,,0,100,,1868,50,,,0,99,,1871,50,,,0,100,,1869,50,,,0,100,,1874,50,,,0,97,,1877,50,,,0,103,,1875,50,,,0,99,,1872,50,,,0,100,,1876,50,,,0
1700,'TM-H26-TM_GTFS-Fête-1-01',656,,1886,50,,,0,100,,1896,50,,,0,100,,1887,50,,,0,101,,1897,50,,,0,100,,1888,50,,,0,101,,1898,50,,,0,100,,1889,50,,,0,100,,1899,50,,,0,100,,1890,50,,,0,100,,1900,50,,,0,100,,1891,50,,,0,100,,1901,50,,,0,99,,1892,50,,,0,100,,1902,50,,,0,100,,1893,50,,,0,100,,1903,50,,,0,99,,1894,50,,,0,100,,1904,50,,,0,100,,1895,50,,,0
1700,'TM-H26-TM_GTFS-Fête-2-02',556,,1909,50,,,0,101,,1917,50,,,0,100,,1910,50,,,0,100,,1918,50,,,0,100,,1911,50,,,0,100,,1905,50,,,0,100,,1912,50,,,0,100,,1919,50,,,0,101,,1913,50,,,0,100,,1920,50,,,0,101,,1914,50,,,0,100,,1906,50,,,0,99,,1915,50,,,0,100,,1907,50,,,0,99,,1916,50,,,0,100,,1908,50,,,0,100,,1922,50,,,0,99,,1924,50,,,0,100,,1923,50,,,0,100,,1921,50,,,0
1700,'TM-H26-TM_GTFS-Semaine-02',556,,1929,50,,,0,101,,1937,50,,,0,100,,1930,50,,,0,100,,1938,50,,,0,100,,1931,50,,,0,100,,1925,50,,,0,100,,1932,50,,,0,100,,1939,50,,,0,101,,1933,50,,,0,100,,1940,50,,,0,101,,1934,50,,,0,100,,1926,50,,,0,99,,1935,50,,,0,100,,1927,50,,,0,99,,1936,50,,,0,100,,1928,50,,,0,100,,1942,50,,,0,99,,1944,50,,,0,100,,1943,50,,,0,100,,1941,50,,,0
1700,'TM-H26-TM_GTFS-Week-end-02',656,,1945,50,,,0,100,,1955,50,,,0,100,,1946,50,,,0,101,,1956,50,,,0,100,,1947,50,,,0,101,,1957,50,,,0,100,,1948,50,,,0,100,,1958,50,,,0,100,,1949,50,,,0,100,,1959,50,,,0,100,,1950,50,,,0,100,,1960,50,,,0,99,,1951,50,,,0,100,,1961,50,,,0,100,,1952,50,,,0,100,,1962,50,,,0,99,,1953,50,,,0,100,,1963,50,,,0,100,,1954,50,,,0
1801,'TM-H26-TM_GTFS-Fête-2-02',601,,2088,140,0,5 1 6 5,0,100,,2089,140,0,5 1 6 5,0,53,,2097,140,0,5 1 6 5,0,147,,2090,140,0,5 1 6 5,0,200,,2091,140,0,5 1 6 5,0,200,,2092,140,0,5 1 6 5,0,200,,2093,140,0,5 1 6 5,0,101,,2087,140,0,5 1 6 5,0,100,,2095,140,0,5 1 6 5,0,100,,2094,140,0,5 1 6 5,0,199,,2086,140,0,5 1 6 5,0,200,,2096,140,0,5 1 6 5,0
1801,'TM-H26-TM_GTFS-Semaine-02',601,,2101,140,0,5 1 6 5,0,100,,2102,140,0,5 1 6 5,0,53,,2110,140,0,5 1 6 5,0,147,,2103,140,0,5 1 6 5,0,200,,2104,140,0,5 1 6 5,0,200,,2105,140,0,5 1 6 5,0,200,,2106,140,0,5 1 6 5,0,101,,2100,140,0,5 1 6 5,0,100,,2108,140,0,5 1 6 5,0,100,,2107,140,0,5 1 6 5,0,199,,2099,140,0,5 1 6 5,0,200,,2109,140,0,5 1 6 5,0
2300,'TM-H26-TM_GTFS-Fête-2-02',556,,2629,50,,,0,100,,2630,50,,,0,100,,2632,50,,,0,100,,2635,50,,,0,300,,2634,50,,,0,200,,2633,50,,,0,382,,2631,50,,,0
2300,'TM-H26-TM_GTFS-Semaine-02',556,,2636,50,,,0,100,,2637,50,,,0,100,,2639,50,,,0,100,,2642,50,,,0,300,,2641,50,,,0,200,,2640,50,,,0,382,,2638,50,,,0
