300,'TM-H26-TM_GTFS-Fête-1-01',610,,1308,180,,,0,199,,1309,300,,,0,205,,1310,300,,,0,200,,1311,300,,,0,200,,1312,300,,,0,199,,1313,300,,,0,198,,1314,300,,,0,199,,1315,300,,,0,200,,1316,300,,,0,199,,1317,300,,,0
300,'TM-H26-TM_GTFS-Fête-2-02',516,,1319,180,,,0,96,,1320,300,,,0,30,,1336,300,,,0,71,,1330,300,,,0,30,,1335,300,,,0,71,,1329,300,,,0,100,,1324,300,,,0,201,,1325,300,,,0,200,,1326,300,,,0,130,,1328,300,,,0,105,,1327,300,,,0,97,,1333,300,,,0,68,,1332,300,,,0,30,,1334,300,,,0,70,,1331,300,,,0,97,,1318,300,,,0,128,,1321,300,,,0,100,,1322,300,,,0,269,,1323,300,,,0
300,'TM-H26-TM_GTFS-Semaine-02',516,,1338,180,,,0,96,,1339,300,,,0,30,,1355,300,,,0,71,,1349,300,,,0,30,,1354,300,,,0,71,,1348,300,,,0,100,,1343,300,,,0,201,,1344,300,,,0,200,,1345,300,,,0,130,,1347,300,,,0,105,,1346,300,,,0,97,,1352,300,,,0,68,,1351,300,,,0,30,,1353,300,,,0,70,,1350,300,,,0,97,,1337,300,,,0,128,,1340,300,,,0,100,,1341,300,,,0,269,,1342,300,,,0
300,'TM-H26-TM_GTFS-Week-end-02',610,,1356,180,,,0,199,,1357,300,,,0,205,,1358,300,,,0,200,,1359,300,,,0,200,,1360,300,,,0,199,,1361,300,,,0,198,,1362,300,,,0,199,,1363,300,,,0,200,,1364,300,,,0,199,,1365,300,,,0
2101,'TM-H26-TM_GTFS-Fête-2-02',1622,,2616,390,0,20,0,101,,2615,390,0,20,0,100,,2614,390,0,20,0
2101,'TM-H26-TM_GTFS-Semaine-02',1622,,2619,390,0,20,0,101,,2618,390,0,20,0,100,,2617,390,0,20,0
41700,'TM-H26-TM_GTFS-Fête-2-02',558,,2957,290,,,0,73,,2959,290,,,0,80,,2956,290,,,0,100,,2958,290,,,0
41700,'TM-H26-TM_GTFS-Semaine-02',558,,2961,290,,,0,73,,2963,290,,,0,80,,2960,290,,,0,100,,2962,290,,,0
2000041700,'TM-H26-TM_GTFS-Fête-2-02',1316,,3329,290,,,0
2000041700,'TM-H26-TM_GTFS-Semaine-02',1316,,3330,290,,,0
