200,'TM-H26-TM_GTFS-Fête-1-01',717,,1246,390,,,0,205,,1247,390,,,0,200,,1248,390,,,0,200,,1249,390,,,0,200,,1250,390,,,0,196,,1251,390,,,0,199,,1252,390,,,0,200,,1253,390,,,0,200,,1254,390,,,0,198,,1255,390,0,24,0
200,'TM-H26-TM_GTFS-Fête-2-02',549,,1257,200,,,0,67,,1274,370,,,0,32,,1268,370,,,0,70,,1275,370,,,0,33,,1269,370,,,0,70,,1276,370,,,0,30,,1270,370,,,0,170,,1264,370,,,0,200,,1265,370,,,0,200,,1266,370,,,0,100,,1263,370,,,0,104,,1272,370,,,0,30,,1271,370,,,0,70,,1273,370,,,0,30,,1267,370,,,0,97,,1256,370,,,0,170,,1262,370,,,0,94,,1259,370,,,0,100,,1258,370,,,0,100,,1260,370,,,0,197,,1261,370,0,24,0
200,'TM-H26-TM_GTFS-Semaine-02',549,,1278,200,,,0,67,,1295,370,,,0,32,,1289,370,,,0,70,,1296,370,,,0,33,,1290,370,,,0,70,,1297,370,,,0,30,,1291,370,,,0,170,,1285,370,,,0,200,,1286,370,,,0,200,,1287,370,0,8 5,0,100,,1284,370,,,0,104,,1293,370,,,0,30,,1292,370,,,0,70,,1294,370,,,0,30,,1288,370,,,0,97,,1277,370,,,0,170,,1283,370,,,0,94,,1280,370,,,0,100,,1279,370,,,0,100,,1281,370,,,0,197,,1282,370,0,24,0
200,'TM-H26-TM_GTFS-Week-end-02',717,,1298,390,,,0,205,,1299,390,,,0,200,,1300,390,,,0,200,,1301,390,,,0,200,,1302,390,,,0,196,,1303,390,,,0,199,,1304,390,,,0,200,,1305,390,,,0,200,,1306,390,,,0,198,,1307,390,0,24,0
2000,'TM-H26-TM_GTFS-Fête-1-01',707,,2435,250,,,0,100,,2436,250,,,0,101,,2437,250,,,0,102,,2426,250,,,0,100,,2427,250,,,0,100,,2428,250,,,0,101,,2429,250,,,0,100,,2430,250,,,0,100,,2431,250,,,0,100,,2432,250,,,0,99,,2433,250,,,0,100,,2434,250,,,0,98,,2438,250,,,0,100,,2439,250,,,0,100,,2440,250,,,0,100,,2441,250,,,0,99,,2442,250,,,0,100,,2443,250,,,0,99,,2444,250,,,0
2000,'TM-H26-TM_GTFS-Fête-2-02',607,,2451,250,,,0,30,,2446,250,,,0,70,,2452,250,,,0,31,,2470,250,,,0,70,,2453,250,,,0,30,,2468,250,,,0,71,,2454,250,,,0,100,,2455,250,,,0,100,,2456,250,,,0,100,,2457,250,,,0,102,,2461,250,,,0,100,,2445,250,,,0,100,,2460,250,,,0,100,,2447,250,,,0,30,,2449,250,,,0,70,,2448,250,,,0,29,,2467,250,,,0,70,,2458,250,,,0,29,,2469,250,,,0,70,,2450,250,,,0,99,,2459,250,,,0,100,,2462,250,,,0,100,,2463,250,,,0,98,,2464,250,,,0,100,,2465,250,,,0,99,,2466,250,,,0
2000,'TM-H26-TM_GTFS-Semaine-02',607,,2477,250,,,0,30,,2472,250,,,0,70,,2478,250,,,0,31,,2496,250,,,0,70,,2479,250,,,0,30,,2494,250,,,0,71,,2480,250,,,0,100,,2481,250,,,0,100,,2482,250,,,0,100,,2483,250,,,0,102,,2487,250,,,0,100,,2471,250,,,0,100,,2486,250,,,0,100,,2473,250,,,0,30,,2475,250,,,0,70,,2474,250,,,0,29,,2493,250,,,0,70,,2484,250,,,0,29,,2495,250,,,0,70,,2476,250,,,0,99,,2485,250,,,0,100,,2488,250,,,0,100,,2489,250,,,0,98,,2490,250,,,0,100,,2491,250,,,0,99,,2492,250,,,0
2000,'TM-H26-TM_GTFS-Week-end-02',707,,2506,250,,,0,100,,2507,250,,,0,101,,2508,250,,,0,102,,2497,250,,,0,100,,2498,250,,,0,100,,2499,250,,,0,101,,2500,250,,,0,100,,2501,250,,,0,100,,2502,250,,,0,100,,2503,250,,,0,99,,2504,250,,,0,100,,2505,250,,,0,98,,2509,250,,,0,100,,2510,250,,,0,100,,2511,250,,,0,100,,2512,250,,,0,99,,2513,250,,,0,100,,2514,250,,,0,99,,2515,250,,,0
2100,'TM-H26-TM_GTFS-Fête-2-02',706,,2606,220,0,20,0,100,,2608,220,0,20,0,100,,2609,220,0,20,0
2100,'TM-H26-TM_GTFS-Semaine-02',706,,2610,220,0,20,0,100,,2612,220,0,20,0,100,,2613,220,0,20,0
2201,'TM-H26-TM_GTFS-Semaine-02',1207,,2623,290,,,0,109,,2624,290,,,0,193,,2628,290,,,0,119,,2625,290,,,0,112,,2626,290,,,0,96,,2627,290,,,0
