1101,'TM-E26-TM_GTFS-Fête-1-01',557,,3656,50,,,0,100,,3646,50,,,0,100,,3657,50,,,0,100,,3647,50,,,0,100,,3648,50,,,0,100,,3658,50,,,0,100,,3649,50,,,0,100,,3659,50,,,0,100,,3650,50,,,0,100,,3660,50,,,0,100,,3651,50,,,0,100,,3661,50,,,0,100,,3652,50,,,0,100,,3662,50,,,0,100,,3653,50,,,0,100,,3663,50,,,0,100,,3654,50,,,0,100,,3664,50,,,0,100,,3655,50,,,0
1101,'TM-E26-TM_GTFS-Semaine-01',554,,3670,50,,,0,70,,3665,50,,,0,30,,3685,50,,,0,70,,3675,50,,,0,30,,3678,50,,,0,100,,3686,50,,,0,97,,3679,50,,,0,102,,3682,50,,,0,100,,3680,50,,,0,100,,3683,50,,,0,100,,3681,50,,,0,97,,3684,50,,,0,70,,3676,50,,,0,34,,3690,50,,,0,70,,3671,50,,,0,32,,3673,50,,,0,69,,3677,50,,,0,30,,3666,50,,,0,69,,3672,50,,,0,32,,3687,50,,,0,103,,3667,50,,,0,99,,3688,50,,,0,101,,3668,50,,,0,99,,3689,50,,,0,101,,3669,50,,,0
1101,'TM-E26-TM_GTFS-Week-end-01',557,,3701,50,,,0,100,,3691,50,,,0,100,,3702,50,,,0,100,,3692,50,,,0,100,,3693,50,,,0,100,,3703,50,,,0,100,,3694,50,,,0,100,,3704,50,,,0,100,,3695,50,,,0,100,,3705,50,,,0,100,,3696,50,,,0,100,,3706,50,,,0,100,,3697,50,,,0,100,,3707,50,,,0,100,,3698,50,,,0,100,,3708,50,,,0,100,,3699,50,,,0,100,,3709,50,,,0,100,,3700,50,,,0
4000,'TM-E26-TM_GTFS-Fête-1-01',716,,4417,120,,,0,396,,4418,120,,,0,500,,4419,120,,,0
4000,'TM-E26-TM_GTFS-Week-end-01',716,,4420,120,,,0,396,,4421,120,,,0,500,,4422,120,,,0
4001,'TM-E26-TM_GTFS-Fête-1-01',807,,4423,70,,,0,401,,4424,70,,,0,499,,4425,70,,,0
4001,'TM-E26-TM_GTFS-Week-end-01',807,,4426,70,,,0,401,,4427,70,,,0,499,,4428,70,,,0
14000,'TM-E26-TM_GTFS-Semaine-01',519,,4442,120,,,0,40,,4434,120,,,0,60,,4436,120,,,0,20,,4445,120,,,0,20,,4432,120,,,0,60,,4441,120,,,0,25,,4443,120,,,0,71,,4440,120,,,0,389,,4444,120,,,0,108,,4438,120,,,0,219,,4437,120,,,0,189,,4435,120,,,0,135,,4439,120,,,0,293,,4433,120,,,0
14001,'TM-E26-TM_GTFS-Semaine-01',637,,4457,70,,,0,106,,4452,70,,,0,97,,4456,70,,,0,470,,4454,70,,,0,208,,4449,70,,,0,97,,4453,70,,,0,42,,4451,70,,,0,67,,4455,70,,,0,30,,4458,70,,,0,80,,4446,70,,,0,70,,4450,70,,,0,97,,4447,70,,,0,252,,4448,70,,,0
2000001201,'TM-E26-TM_GTFS-Semaine-01',805,,4634,50,,,0,100,,4635,50,,,0,315,,4636,50,,,0
