300,'TM-H26-TM_GTFS-Semaine-02',538,,1338,510,,,0,99,,1339,630,,,0,70,,1355,630,,,0,31,,1349,630,,,0,70,,1354,630,,,0,32,,1348,630,,,0,100,,1343,630,,,0,200,,1344,630,,,0,200,,1345,630,,,0,171,,1347,630,,,0,105,,1346,630,,,0,99,,1352,630,,,0,28,,1351,630,,,0,66,,1353,630,,,0,30,,1350,630,,,0,95,,1337,630,,,0,167,,1340,630,,,0,100,,1341,630,,,0,227,,1342,630,,,0
300,'TM-H26-TM_GTFS-Week-end-02',631,,1356,520,,,0,201,,1357,640,,,0,208,,1358,640,,,0,200,,1359,640,,,0,200,,1360,640,,,0,196,,1361,640,,,0,197,,1362,640,,,0,199,,1363,640,,,0,200,,1364,640,,,0,198,,1365,640,,,0
400,'TM-H26-TM_GTFS-Semaine-02',1659,,1375,410,,,0,91,,1371,410,,,0,100,,1372,410,,,0,294,,1373,410,,,0,275,,1374,410,,,0
401,'TM-H26-TM_GTFS-Semaine-02',606,,1382,480,,,0,101,,1384,480,,,0,100,,1383,480,,,0,101,,1381,480,,,0,1031,,1385,480,,,0
800,'TM-H26-TM_GTFS-Semaine-02',603,,1443,210,,,0,101,,1438,210,,,0,100,,1434,210,,,0,100,,1435,210,,,0,100,,1441,210,,,0,100,,1442,210,,,0,100,,1432,210,,,0,100,,1433,210,,,0,100,,1439,210,,,0,100,,1444,210,,,0,100,,1440,210,,,0,100,,1436,210,,,0,99,,1437,210,,,0,100,,1445,210,,,0,100,,1446,210,,,0,100,,1447,210,,,0,100,,1448,210,,,0,100,,1449,210,,,0,100,,1450,210,,,0,99,,1451,210,0,16,0
800,'TM-H26-TM_GTFS-Week-end-02',703,,1453,210,,,0,100,,1454,210,,,0,100,,1455,210,,,0,100,,1456,210,,,0,100,,1457,210,,,0,100,,1458,210,,,0,100,,1459,210,,,0,100,,1460,210,,,0,100,,1461,210,,,0,100,,1462,210,,,0,100,,1463,210,,,0,100,,1464,210,,,0,100,,1465,210,,,0,100,,1466,210,,,0,100,,1467,210,,,0,100,,1468,210,,,0,100,,1469,210,,,0,100,,1470,210,,,0,99,,1471,210,0,16,0
1101,'TM-H26-TM_GTFS-Semaine-02',607,,1664,540,,,0,30,,1660,650,,,0,70,,1655,650,,,0,30,,1675,650,,,0,70,,1665,650,,,0,30,,1668,650,,,0,100,,1676,650,,,0,100,,1669,650,,,0,102,,1672,650,,,0,100,,1670,650,,,0,100,,1673,650,,,0,100,,1671,650,,,0,97,,1674,650,,,0,70,,1666,650,,,0,32,,1680,650,,,0,70,,1661,650,,,0,31,,1663,650,,,0,69,,1667,650,,,0,30,,1656,650,,,0,69,,1662,650,,,0,30,,1677,650,,,0,103,,1657,650,,,0,99,,1678,650,,,0,100,,1658,650,,,0,99,,1679,650,,,0,101,,1659,650,,,0
1101,'TM-H26-TM_GTFS-Week-end-02',638,,1691,650,,,0,100,,1681,650,,,0,100,,1692,650,,,0,101,,1682,650,,,0,101,,1683,650,,,0,100,,1693,650,,,0,100,,1684,650,,,0,100,,1694,650,,,0,100,,1685,650,,,0,100,,1695,650,,,0,100,,1686,650,,,0,100,,1696,650,,,0,99,,1687,650,,,0,98,,1697,650,,,0,100,,1688,650,,,0,99,,1698,650,,,0,100,,1689,650,,,0,100,,1699,650,,,0,100,,1690,650,,,0
2001,'TM-H26-TM_GTFS-Semaine-02',537,,2565,280,,,0,101,,2566,280,,,0,70,,2562,280,,,0,30,,2567,280,,,0,72,,2586,280,,,0,30,,2568,280,,,0,70,,2584,280,,,0,30,,2569,280,,,0,100,,2570,280,,,0,101,,2561,280,,,0,100,,2571,280,,,0,100,,2578,280,,,0,100,,2579,280,,,0,99,,2580,280,,,0,100,,2581,280,,,0,64,,2582,280,,,0,30,,2563,280,,,0,70,,2583,280,,,0,30,,2572,280,,,0,71,,2585,280,,,0,28,,2564,280,,,0,105,,2573,280,,,0,99,,2574,280,,,0,97,,2575,280,,,0,100,,2576,280,,,0,100,,2577,280,,,0
2001,'TM-H26-TM_GTFS-Week-end-02',635,,2593,280,,,0,102,,2594,280,,,0,101,,2595,280,,,0,100,,2596,280,,,0,101,,2587,280,,,0,101,,2588,280,,,0,100,,2597,280,,,0,101,,2598,280,,,0,100,,2599,280,,,0,99,,2589,280,,,0,100,,2590,280,,,0,99,,2591,280,,,0,98,,2592,280,,,0,100,,2600,280,,,0,100,,2601,280,,,0,100,,2602,280,,,0,99,,2603,280,,,0,100,,2604,280,,,0,100,,2605,280,,,0
2100,'TM-H26-TM_GTFS-Semaine-02',637,,2611,370,0,5,0,94,,2610,590,0,5,0,100,,2612,590,0,5,0,100,,2613,590,0,5,0
2101,'TM-H26-TM_GTFS-Semaine-02',1639,,2619,590,0,5,0,100,,2618,590,0,5,0,100,,2617,590,0,5,0
2701,'TM-H26-TM_GTFS-Semaine-02',602,,2728,240,,,0,98,,2731,240,,,0,100,,2732,240,,,0,100,,2733,330,,,0,731,,2729,330,,,0,103,,2730,330,,,0,100,,2734,330,,,0
