100,'TM-H26-TM_GTFS-Fête-1-01',625,,1144,270,,,0,96,,1145,560,,,0,100,,1146,560,,,0,101,,1147,560,,,0,100,,1148,560,,,0,100,,1149,560,,,0,100,,1150,560,,,0,100,,1151,560,,,0,104,,1152,630,,,0,100,,1153,630,,,0,100,,1154,630,,,0,100,,1155,630,,,0,99,,1156,630,,,0,100,,1157,630,,,0,99,,1158,630,,,0,100,,1159,630,,,0,99,,1160,630,,,0,100,,1161,630,,,0,100,,1162,630,,,0,100,,1163,630,0,25 3 18,0
100,'TM-H26-TM_GTFS-Fête-2-02',552,,1164,560,,,0,70,,1192,560,,,0,30,,1190,560,,,0,70,,1182,560,,,0,30,,1191,560,,,0,70,,1170,560,,,0,30,,1187,560,,,0,70,,1171,560,,,0,100,,1172,560,,,0,100,,1173,560,,,0,100,,1174,560,,,0,100,,1175,560,,,0,100,,1176,560,,,0,100,,1177,560,,,0,30,,1188,560,,,0,71,,1178,560,,,0,30,,1189,560,,,0,70,,1180,560,,,0,29,,1168,560,,,0,70,,1179,560,,,0,29,,1167,560,,,0,69,,1181,560,,,0,30,,1169,560,,,0,70,,1183,560,,,0,100,,1193,560,,,0,100,,1194,560,,,0,100,,1184,560,,,0,100,,1185,560,,,0,100,,1186,560,0,25 3 18,0
100,'TM-H26-TM_GTFS-Semaine-02',552,,1195,560,,,0,70,,1223,560,,,0,30,,1221,560,,,0,70,,1213,560,,,0,30,,1222,560,,,0,70,,1201,560,,,0,30,,1218,560,,,0,70,,1202,560,,,0,100,,1203,560,,,0,100,,1204,560,,,0,100,,1205,560,,,0,100,,1206,560,,,0,100,,1207,560,,,0,100,,1208,560,,,0,30,,1219,560,,,0,71,,1209,560,,,0,30,,1220,560,,,0,70,,1211,560,,,0,29,,1199,560,,,0,70,,1210,560,,,0,29,,1198,560,,,0,69,,1212,560,,,0,30,,1200,560,,,0,70,,1214,560,,,0,100,,1224,560,,,0,100,,1225,560,,,0,100,,1215,560,,,0,100,,1216,560,,,0,100,,1217,560,0,25 3 18,0
100,'TM-H26-TM_GTFS-Week-end-02',625,,1226,270,,,0,96,,1227,560,,,0,100,,1228,560,,,0,101,,1229,560,,,0,100,,1230,560,,,0,100,,1231,560,,,0,100,,1232,560,,,0,100,,1233,560,,,0,104,,1234,630,,,0,100,,1235,630,,,0,100,,1236,630,,,0,100,,1237,630,,,0,99,,1238,630,,,0,100,,1239,630,,,0,99,,1240,630,,,0,100,,1241,630,,,0,99,,1242,630,,,0,100,,1243,630,,,0,100,,1244,630,,,0,100,,1245,630,0,25 3 18,0
1400,'TM-H26-TM_GTFS-Fête-1-01',637,,1700,290,,,0,100,,1705,290,,,0,99,,1703,290,,,0,99,,1717,290,,,0,99,,1712,290,,,0,100,,1710,290,,,0,99,,1713,290,,,0,100,,1711,290,,,0,100,,1714,290,,,0,102,,1718,290,,,0,100,,1715,290,,,0,100,,1719,290,,,0,100,,1716,290,,,0,100,,1702,290,,,0,100,,1706,290,,,0,100,,1709,290,,,0,100,,1707,290,,,0,102,,1704,290,,,0,100,,1708,290,,,0,100,,1701,290,,,0
1400,'TM-H26-TM_GTFS-Fête-2-02',526,,1735,290,,,0,31,,1728,290,,,0,71,,1736,290,,,0,72,,1741,290,,,0,27,,1729,290,,,0,30,,1737,290,,,0,70,,1727,290,,,0,31,,1730,290,,,0,70,,1738,290,,,0,72,,1731,290,,,0,100,,1742,290,,,0,100,,1744,290,,,0,100,,1743,290,,,0,100,,1720,290,,,0,100,,1725,290,,,0,100,,1721,290,,,0,30,,1739,290,,,0,70,,1726,290,,,0,30,,1722,290,,,0,70,,1745,290,,,0,32,,1732,290,,,0,70,,1723,290,,,0,102,,1746,290,,,0,101,,1724,290,,,0,100,,1733,290,,,0,101,,1740,290,,,0,101,,1734,290,,,0,99,,1747,290,,,0
1400,'TM-H26-TM_GTFS-Semaine-02',526,,1763,290,,,0,31,,1756,290,,,0,71,,1764,290,,,0,72,,1769,290,,,0,27,,1757,290,,,0,30,,1765,290,,,0,70,,1755,290,,,0,31,,1758,290,,,0,70,,1766,290,,,0,72,,1759,290,,,0,100,,1770,290,,,0,100,,1772,290,,,0,100,,1771,290,,,0,100,,1748,290,,,0,100,,1753,290,,,0,100,,1749,290,,,0,30,,1767,290,,,0,70,,1754,290,,,0,30,,1750,290,,,0,70,,1773,290,,,0,32,,1760,290,,,0,70,,1751,290,,,0,102,,1774,290,,,0,101,,1752,290,,,0,100,,1761,290,,,0,101,,1768,290,,,0,101,,1762,290,,,0,99,,1775,290,,,0
1400,'TM-H26-TM_GTFS-Week-end-02',637,,1776,290,,,0,100,,1781,290,,,0,99,,1779,290,,,0,99,,1793,290,,,0,99,,1788,290,,,0,100,,1786,290,,,0,99,,1789,290,,,0,100,,1787,290,,,0,100,,1790,290,,,0,102,,1794,290,,,0,100,,1791,290,,,0,100,,1795,290,,,0,100,,1792,290,,,0,100,,1778,290,,,0,100,,1782,290,,,0,100,,1785,290,,,0,100,,1783,290,,,0,102,,1780,290,,,0,100,,1784,290,,,0,100,,1777,290,,,0
1701,'TM-H26-TM_GTFS-Fête-1-01',627,,1982,500,,,0,100,,1973,500,,,0,100,,1964,500,,,0,100,,1974,500,,,0,100,,1965,500,,,0,100,,1975,500,,,0,100,,1966,500,,,0,100,,1976,500,,,0,100,,1967,500,,,0,100,,1977,500,,,0,100,,1968,500,,,0,100,,1978,500,,,0,100,,1969,500,,,0,100,,1979,500,,,0,100,,1970,500,,,0,100,,1980,500,,,0,100,,1971,500,,,0,100,,1981,500,,,0,100,,1972,500,,,0
1701,'TM-H26-TM_GTFS-Fête-2-02',527,,1986,500,,,0,102,,1995,500,,,0,94,,1987,500,,,0,104,,1996,500,,,0,99,,1988,500,,,0,99,,1997,500,,,0,100,,1989,500,,,0,100,,1998,500,,,0,100,,1990,500,,,0,100,,1999,500,,,0,101,,1991,500,,,0,100,,2000,500,,,0,104,,1992,500,,,0,99,,1983,500,,,0,95,,1993,500,,,0,100,,1984,500,,,0,100,,1994,500,,,0,100,,1985,500,,,0,100,,2001,500,,,0,100,,2002,500,,,0
1701,'TM-H26-TM_GTFS-Semaine-02',527,,2006,500,,,0,102,,2015,500,,,0,94,,2007,500,,,0,104,,2016,500,,,0,99,,2008,500,,,0,99,,2017,500,,,0,100,,2009,500,,,0,100,,2018,500,,,0,100,,2010,500,,,0,100,,2019,500,,,0,101,,2011,500,,,0,100,,2020,500,,,0,104,,2012,500,,,0,99,,2003,500,,,0,95,,2013,500,,,0,100,,2004,500,,,0,100,,2014,500,,,0,100,,2005,500,,,0,100,,2021,500,,,0,100,,2022,500,,,0
1701,'TM-H26-TM_GTFS-Week-end-02',627,,2041,500,,,0,100,,2032,500,,,0,100,,2023,500,,,0,100,,2033,500,,,0,100,,2024,500,,,0,100,,2034,500,,,0,100,,2025,500,,,0,100,,2035,500,,,0,100,,2026,500,,,0,100,,2036,500,,,0,100,,2027,500,,,0,100,,2037,500,,,0,100,,2028,500,,,0,100,,2038,500,,,0,100,,2029,500,,,0,100,,2039,500,,,0,100,,2030,500,,,0,100,,2040,500,,,0,100,,2031,500,,,0
