1100,'TM-E26-TM_GTFS-Fête-1-01',630,,3577,570,,,0,100,,3587,570,,,0,101,,3578,570,,,0,101,,3579,570,,,0,100,,3588,570,,,0,101,,3580,570,,,0,100,,3589,570,,,0,100,,3581,570,,,0,100,,3590,570,,,0,100,,3582,570,,,0,100,,3591,570,,,0,100,,3583,570,,,0,99,,3592,570,,,0,100,,3584,570,,,0,100,,3593,570,,,0,98,,3585,570,,,0,100,,3594,570,,,0,100,,3586,570,,,0,100,,3595,570,,,0,100,,3596,570,,,0
1100,'TM-E26-TM_GTFS-Semaine-01',600,,3597,570,,,0,30,,3619,570,,,0,70,,3608,570,,,0,30,,3604,570,,,0,70,,3598,570,,,0,30,,3620,570,,,0,70,,3609,570,,,0,31,,3612,570,,,0,102,,3616,570,,,0,100,,3613,570,,,0,100,,3617,570,,,0,100,,3614,570,,,0,101,,3618,570,,,0,100,,3625,570,,,0,70,,3605,570,,,0,31,,3607,570,,,0,68,,3610,570,,,0,30,,3599,570,,,0,70,,3606,570,,,0,30,,3621,570,,,0,70,,3611,570,,,0,29,,3600,570,,,0,69,,3615,570,,,0,30,,3622,570,,,0,100,,3601,570,,,0,100,,3623,570,,,0,100,,3602,570,,,0,100,,3624,570,,,0,100,,3603,570,,,0
1100,'TM-E26-TM_GTFS-Week-end-01',630,,3626,570,,,0,100,,3636,570,,,0,101,,3627,570,,,0,101,,3628,570,,,0,100,,3637,570,,,0,101,,3629,570,,,0,100,,3638,570,,,0,100,,3630,570,,,0,100,,3639,570,,,0,100,,3631,570,,,0,100,,3640,570,,,0,100,,3632,570,,,0,99,,3641,570,,,0,100,,3633,570,,,0,100,,3642,570,,,0,98,,3634,570,,,0,100,,3643,570,,,0,100,,3635,570,,,0,100,,3644,570,,,0,100,,3645,570,,,0
1101,'TM-E26-TM_GTFS-Fête-1-01',605,,3656,120,,,0,100,,3646,120,,,0,100,,3657,120,,,0,101,,3647,120,,,0,100,,3648,120,,,0,100,,3658,120,,,0,100,,3649,120,,,0,100,,3659,120,,,0,100,,3650,120,,,0,100,,3660,120,,,0,100,,3651,120,,,0,100,,3661,120,,,0,100,,3652,120,,,0,100,,3662,120,,,0,100,,3653,120,,,0,99,,3663,120,,,0,100,,3654,120,,,0,100,,3664,120,,,0,100,,3655,120,,,0
1101,'TM-E26-TM_GTFS-Semaine-01',534,,3674,10,,,0,70,,3670,120,,,0,30,,3665,120,,,0,70,,3685,120,,,0,30,,3675,120,,,0,70,,3678,120,,,0,100,,3686,120,,,0,97,,3679,120,,,0,102,,3682,120,,,0,100,,3680,120,,,0,100,,3683,120,,,0,100,,3681,120,,,0,97,,3684,120,,,0,30,,3676,120,,,0,73,,3690,120,,,0,30,,3671,120,,,0,72,,3673,120,,,0,29,,3677,120,,,0,70,,3666,120,,,0,29,,3672,120,,,0,72,,3687,120,,,0,103,,3667,120,,,0,99,,3688,120,,,0,101,,3668,120,,,0,99,,3689,120,,,0,101,,3669,120,,,0
1101,'TM-E26-TM_GTFS-Week-end-01',605,,3701,120,,,0,100,,3691,120,,,0,100,,3702,120,,,0,101,,3692,120,,,0,100,,3693,120,,,0,100,,3703,120,,,0,100,,3694,120,,,0,100,,3704,120,,,0,100,,3695,120,,,0,100,,3705,120,,,0,100,,3696,120,,,0,100,,3706,120,,,0,100,,3697,120,,,0,100,,3707,120,,,0,100,,3698,120,,,0,99,,3708,120,,,0,100,,3699,120,,,0,100,,3709,120,,,0,100,,3700,120,,,0
4000,'TM-E26-TM_GTFS-Fête-1-01',728,,4417,290,,,0,397,,4418,290,,,0,500,,4419,290,,,0
4000,'TM-E26-TM_GTFS-Week-end-01',728,,4420,290,,,0,397,,4421,290,,,0,500,,4422,290,,,0
4001,'TM-E26-TM_GTFS-Fête-1-01',814,,4423,140,,,0,402,,4424,140,,,0,498,,4425,140,,,0
4001,'TM-E26-TM_GTFS-Week-end-01',814,,4426,140,,,0,402,,4427,140,,,0,498,,4428,140,,,0
14001,'TM-E26-TM_GTFS-Semaine-01',655,,4457,250,,,0,146,,4452,250,,,0,57,,4456,250,,,0,470,,4454,250,,,0,208,,4449,250,,,0,101,,4453,250,,,0,78,,4451,250,,,0,27,,4455,250,,,0,70,,4458,250,,,0,40,,4446,250,,,0,70,,4450,250,,,0,96,,4447,250,,,0,292,,4448,250,,,0
2000001200,'TM-E26-TM_GTFS-Semaine-01',1230,,4631,20,,,0,390,,4632,20,,,0,215,,4633,20,,,0
