200,'TM-E26-TM_GTFS-Fête-1-01',654,,3404,40,,,0,200,,3405,40,,,0,200,,3406,40,,,0,200,,3407,40,,,0,200,,3408,40,,,0,200,,3409,40,,,0,200,,3410,40,,,0,200,,3411,40,,,0,200,,3412,40,,,0,200,,3413,40,0,12,0
200,'TM-E26-TM_GTFS-Semaine-01',554,,3432,40,,,0,70,,3426,40,,,0,30,,3433,40,,,0,70,,3427,40,,,0,30,,3434,40,,,0,70,,3428,40,,,0,130,,3422,40,,,0,200,,3423,40,,,0,200,,3424,40,0,8 7,0,101,,3421,40,,,0,100,,3430,40,,,0,70,,3429,40,,,0,30,,3431,40,,,0,70,,3425,40,,,0,100,,3414,40,,,0,130,,3420,40,,,0,99,,3417,40,,,0,100,,3416,40,,,0,100,,3418,40,,,0,200,,3419,40,0,12,0
200,'TM-E26-TM_GTFS-Week-end-01',654,,3435,40,,,0,200,,3436,40,,,0,200,,3437,40,,,0,200,,3438,40,,,0,200,,3439,40,,,0,200,,3440,40,,,0,200,,3441,40,,,0,200,,3442,40,,,0,200,,3443,40,,,0,200,,3444,40,0,12,0
400,'TM-E26-TM_GTFS-Semaine-01',1636,,3488,40,,,0,93,,3484,40,,,0,100,,3485,40,,,0,295,,3486,40,,,0,235,,3487,40,,,0
401,'TM-E26-TM_GTFS-Semaine-01',544,,3490,120,,,0,100,,3492,120,,,0,100,,3491,120,,,0,101,,3489,120,,,0,1074,,3493,120,,,0
800,'TM-E26-TM_GTFS-Fête-1-01',625,,3497,270,,,0,99,,3498,570,,,0,100,,3499,570,,,0,100,,3500,570,,,0,101,,3501,570,,,0,100,,3502,570,,,0,100,,3503,570,,,0,100,,3504,570,,,0,100,,3505,570,,,0,100,,3506,570,,,0,100,,3507,570,,,0,100,,3508,570,,,0,99,,3509,570,,,0,100,,3510,570,,,0,100,,3511,570,,,0,100,,3512,570,,,0,100,,3513,570,,,0,100,,3514,570,,,0,100,,3515,570,,,0
800,'TM-E26-TM_GTFS-Semaine-01',625,,3528,570,,,0,102,,3523,570,,,0,100,,3519,570,,,0,99,,3520,570,,,0,100,,3526,570,,,0,100,,3527,570,,,0,100,,3517,570,,,0,100,,3518,570,,,0,100,,3524,570,,,0,102,,3529,570,,,0,100,,3525,570,,,0,100,,3521,570,,,0,96,,3522,570,,,0,100,,3530,570,,,0,100,,3531,570,,,0,100,,3532,570,,,0,100,,3533,570,,,0,100,,3534,570,,,0,99,,3535,570,,,0
800,'TM-E26-TM_GTFS-Week-end-01',625,,3537,270,,,0,99,,3538,570,,,0,100,,3539,570,,,0,100,,3540,570,,,0,101,,3541,570,,,0,100,,3542,570,,,0,100,,3543,570,,,0,100,,3544,570,,,0,100,,3545,570,,,0,100,,3546,570,,,0,100,,3547,570,,,0,100,,3548,570,,,0,99,,3549,570,,,0,100,,3550,570,,,0,100,,3551,570,,,0,100,,3552,570,,,0,100,,3553,570,,,0,100,,3554,570,,,0,100,,3555,570,,,0
1100,'TM-E26-TM_GTFS-Fête-1-01',553,,3577,40,,,0,100,,3587,40,,,0,100,,3578,40,,,0,100,,3579,40,,,0,100,,3588,40,,,0,101,,3580,40,,,0,100,,3589,40,,,0,100,,3581,40,,,0,100,,3590,40,,,0,100,,3582,40,,,0,100,,3591,40,,,0,100,,3583,40,,,0,100,,3592,40,,,0,100,,3584,40,,,0,100,,3593,40,,,0,100,,3585,40,,,0,100,,3594,40,,,0,100,,3586,40,,,0,100,,3595,40,,,0,100,,3596,40,,,0
1100,'TM-E26-TM_GTFS-Semaine-01',523,,3597,40,,,0,30,,3619,40,,,0,70,,3608,40,,,0,30,,3604,40,,,0,70,,3598,40,,,0,30,,3620,40,,,0,70,,3609,40,,,0,31,,3612,40,,,0,100,,3616,40,,,0,100,,3613,40,,,0,100,,3617,40,,,0,100,,3614,40,,,0,101,,3618,40,,,0,100,,3625,40,,,0,70,,3605,40,,,0,30,,3607,40,,,0,70,,3610,40,,,0,30,,3599,40,,,0,70,,3606,40,,,0,30,,3621,40,,,0,70,,3611,40,,,0,29,,3600,40,,,0,69,,3615,40,,,0,30,,3622,40,,,0,100,,3601,40,,,0,100,,3623,40,,,0,100,,3602,40,,,0,100,,3624,40,,,0,100,,3603,40,,,0
1100,'TM-E26-TM_GTFS-Week-end-01',553,,3626,40,,,0,100,,3636,40,,,0,100,,3627,40,,,0,100,,3628,40,,,0,100,,3637,40,,,0,101,,3629,40,,,0,100,,3638,40,,,0,100,,3630,40,,,0,100,,3639,40,,,0,100,,3631,40,,,0,100,,3640,40,,,0,100,,3632,40,,,0,100,,3641,40,,,0,100,,3633,40,,,0,100,,3642,40,,,0,100,,3634,40,,,0,100,,3643,40,,,0,100,,3635,40,,,0,100,,3644,40,,,0,100,,3645,40,,,0
2000,'TM-E26-TM_GTFS-Fête-1-01',654,,4182,40,,,0,100,,4183,40,,,0,100,,4184,40,,,0,100,,4173,40,,,0,100,,4174,40,,,0,100,,4175,40,,,0,100,,4176,40,,,0,100,,4177,40,,,0,100,,4178,40,,,0,100,,4179,40,,,0,100,,4180,40,,,0,100,,4181,40,,,0,100,,4185,40,,,0,100,,4186,40,,,0,100,,4187,40,,,0,100,,4188,40,,,0,100,,4189,40,,,0,100,,4190,40,,,0,100,,4191,40,,,0
2000,'TM-E26-TM_GTFS-Semaine-01',554,,4198,40,,,0,70,,4193,40,,,0,30,,4199,40,,,0,70,,4217,40,,,0,30,,4200,40,,,0,70,,4215,40,,,0,30,,4201,40,,,0,100,,4202,40,,,0,100,,4203,40,,,0,100,,4204,40,,,0,101,,4208,40,,,0,100,,4192,40,,,0,100,,4207,40,,,0,100,,4194,40,,,0,70,,4196,40,,,0,30,,4195,40,,,0,69,,4214,40,,,0,30,,4205,40,,,0,70,,4216,40,,,0,30,,4197,40,,,0,100,,4206,40,,,0,100,,4209,40,,,0,100,,4210,40,,,0,100,,4211,40,,,0,100,,4212,40,,,0,100,,4213,40,,,0
2000,'TM-E26-TM_GTFS-Week-end-01',654,,4227,40,,,0,100,,4228,40,,,0,100,,4229,40,,,0,100,,4218,40,,,0,100,,4219,40,,,0,100,,4220,40,,,0,100,,4221,40,,,0,100,,4222,40,,,0,100,,4223,40,,,0,100,,4224,40,,,0,100,,4225,40,,,0,100,,4226,40,,,0,100,,4230,40,,,0,100,,4231,40,,,0,100,,4232,40,,,0,100,,4233,40,,,0,100,,4234,40,,,0,100,,4235,40,,,0,100,,4236,40,,,0
2100,'TM-E26-TM_GTFS-Semaine-01',653,,4301,40,0,5,0,100,,4303,40,0,5,0,100,,4304,40,0,5,0
2101,'TM-E26-TM_GTFS-Semaine-01',1554,,4307,40,0,5,0,100,,4306,40,0,5,0,100,,4305,40,0,5,0
