200,'TM-H26-TM_GTFS-Semaine-02',555,,1295,50,,,0,70,,1289,50,,,0,30,,1296,50,,,0,70,,1290,50,,,0,30,,1297,50,,,0,70,,1291,50,,,0,130,,1285,50,,,0,200,,1286,50,,,0,200,,1287,50,0,8 7,0,100,,1284,50,,,0,100,,1293,50,,,0,70,,1292,50,,,0,30,,1294,50,,,0,70,,1288,50,,,0,100,,1277,50,,,0,130,,1283,50,,,0,100,,1280,50,,,0,100,,1279,50,,,0,100,,1281,50,,,0,199,,1282,50,0,12,0
200,'TM-H26-TM_GTFS-Week-end-02',655,,1298,50,,,0,200,,1299,50,,,0,200,,1300,50,,,0,200,,1301,50,,,0,200,,1302,50,,,0,200,,1303,50,,,0,200,,1304,50,,,0,200,,1305,50,,,0,200,,1306,50,,,0,200,,1307,50,0,12,0
400,'TM-H26-TM_GTFS-Semaine-02',1637,,1375,50,,,0,93,,1371,50,,,0,100,,1372,50,,,0,295,,1373,50,,,0,275,,1374,50,,,0
401,'TM-H26-TM_GTFS-Semaine-02',545,,1382,130,,,0,100,,1384,130,,,0,100,,1383,130,,,0,101,,1381,130,,,0,1074,,1385,130,,,0
800,'TM-H26-TM_GTFS-Semaine-02',625,,1443,580,,,0,102,,1438,580,,,0,100,,1434,580,,,0,99,,1435,580,,,0,100,,1441,580,,,0,100,,1442,580,,,0,100,,1432,580,,,0,100,,1433,580,,,0,100,,1439,580,,,0,102,,1444,580,,,0,100,,1440,580,,,0,100,,1436,580,,,0,97,,1437,580,,,0,100,,1445,580,,,0,100,,1446,580,,,0,100,,1447,580,,,0,100,,1448,580,,,0,100,,1449,580,,,0,99,,1450,580,,,0
800,'TM-H26-TM_GTFS-Week-end-02',625,,1452,280,,,0,99,,1453,580,,,0,100,,1454,580,,,0,100,,1455,580,,,0,101,,1456,580,,,0,100,,1457,580,,,0,100,,1458,580,,,0,100,,1459,580,,,0,100,,1460,580,,,0,100,,1461,580,,,0,100,,1462,580,,,0,100,,1463,580,,,0,99,,1464,580,,,0,100,,1465,580,,,0,100,,1466,580,,,0,100,,1467,580,,,0,100,,1468,580,,,0,100,,1469,580,,,0,100,,1470,580,,,0
1100,'TM-H26-TM_GTFS-Semaine-02',524,,1561,50,,,0,30,,1583,50,,,0,70,,1572,50,,,0,30,,1568,50,,,0,70,,1562,50,,,0,30,,1584,50,,,0,70,,1573,50,,,0,30,,1576,50,,,0,100,,1580,50,,,0,100,,1577,50,,,0,100,,1581,50,,,0,100,,1578,50,,,0,101,,1582,50,,,0,100,,1589,50,,,0,70,,1569,50,,,0,30,,1571,50,,,0,70,,1574,50,,,0,30,,1563,50,,,0,70,,1570,50,,,0,30,,1585,50,,,0,70,,1575,50,,,0,30,,1564,50,,,0,69,,1579,50,,,0,30,,1586,50,,,0,100,,1565,50,,,0,100,,1587,50,,,0,100,,1566,50,,,0,100,,1588,50,,,0,100,,1567,50,,,0
1100,'TM-H26-TM_GTFS-Week-end-02',554,,1590,50,,,0,100,,1600,50,,,0,100,,1591,50,,,0,100,,1592,50,,,0,100,,1601,50,,,0,101,,1593,50,,,0,100,,1602,50,,,0,100,,1594,50,,,0,100,,1603,50,,,0,100,,1595,50,,,0,100,,1604,50,,,0,100,,1596,50,,,0,100,,1605,50,,,0,100,,1597,50,,,0,100,,1606,50,,,0,100,,1598,50,,,0,100,,1607,50,,,0,100,,1599,50,,,0,100,,1608,50,,,0,100,,1609,50,,,0
2000,'TM-H26-TM_GTFS-Semaine-02',555,,2477,50,,,0,70,,2472,50,,,0,30,,2478,50,,,0,70,,2496,50,,,0,30,,2479,50,,,0,70,,2494,50,,,0,30,,2480,50,,,0,100,,2481,50,,,0,100,,2482,50,,,0,100,,2483,50,,,0,100,,2487,50,,,0,100,,2471,50,,,0,100,,2486,50,,,0,100,,2473,50,,,0,70,,2475,50,,,0,30,,2474,50,,,0,70,,2493,50,,,0,30,,2484,50,,,0,70,,2495,50,,,0,30,,2476,50,,,0,100,,2485,50,,,0,100,,2488,50,,,0,100,,2489,50,,,0,100,,2490,50,,,0,100,,2491,50,,,0,100,,2492,50,,,0
2000,'TM-H26-TM_GTFS-Week-end-02',655,,2506,50,,,0,100,,2507,50,,,0,100,,2508,50,,,0,100,,2497,50,,,0,100,,2498,50,,,0,100,,2499,50,,,0,100,,2500,50,,,0,100,,2501,50,,,0,100,,2502,50,,,0,100,,2503,50,,,0,100,,2504,50,,,0,100,,2505,50,,,0,100,,2509,50,,,0,100,,2510,50,,,0,100,,2511,50,,,0,100,,2512,50,,,0,100,,2513,50,,,0,100,,2514,50,,,0,100,,2515,50,,,0
2100,'TM-H26-TM_GTFS-Semaine-02',654,,2610,50,0,5,0,100,,2612,50,0,5,0,100,,2613,50,0,5,0
2101,'TM-H26-TM_GTFS-Semaine-02',1555,,2619,50,0,5,0,100,,2618,50,0,5,0,100,,2617,50,0,5,0
2700,'TM-H26-TM_GTFS-Semaine-02',719,,2726,50,,,0,100,,2721,50,,,0,706,,2724,50,,,0,100,,2725,50,,,0,100,,2723,50,,,0,100,,2722,50,,,0,100,,2727,50,,,0
