1401,'TM-H26-TM_GTFS-Fête-1-01',800,,1801,160,,,0,103,,1798,160,,,0,101,,1812,160,,,0,101,,1808,160,,,0,101,,1806,160,,,0,100,,1809,160,,,0,101,,1807,160,,,0,100,,1810,160,,,0,100,,1813,160,,,0,99,,1811,160,,,0,100,,1796,160,,,0,99,,1799,160,,,0,99,,1797,160,,,0,100,,1802,160,,,0,97,,1805,160,,,0,103,,1803,160,,,0,99,,1800,160,,,0,100,,1804,160,,,0
1401,'TM-H26-TM_GTFS-Fête-2-02',634,,1821,160,,,0,70,,1829,160,,,0,30,,1840,160,,,0,70,,1822,160,,,0,30,,1830,160,,,0,70,,1820,160,,,0,30,,1823,160,,,0,70,,1831,160,,,0,30,,1824,160,,,0,101,,1833,160,,,0,101,,1835,160,,,0,100,,1834,160,,,0,102,,1814,160,,,0,101,,1819,160,,,0,102,,1815,160,,,0,70,,1836,160,,,0,29,,1825,160,,,0,68,,1816,160,,,0,28,,1837,160,,,0,70,,1826,160,,,0,29,,1817,160,,,0,100,,1838,160,,,0,100,,1818,160,,,0,99,,1827,160,,,0,99,,1832,160,,,0,99,,1828,160,,,0,100,,1839,160,,,0
1401,'TM-H26-TM_GTFS-Semaine-02',634,,1848,160,,,0,70,,1856,160,,,0,30,,1867,160,,,0,70,,1849,160,,,0,30,,1857,160,,,0,70,,1847,160,,,0,30,,1850,160,,,0,70,,1858,160,,,0,30,,1851,160,,,0,101,,1860,160,,,0,101,,1862,160,,,0,100,,1861,160,,,0,102,,1841,160,,,0,101,,1846,160,,,0,102,,1842,160,,,0,70,,1863,160,,,0,29,,1852,160,,,0,68,,1843,160,,,0,28,,1864,160,,,0,70,,1853,160,,,0,29,,1844,160,,,0,100,,1865,160,,,0,100,,1845,160,,,0,99,,1854,160,,,0,99,,1859,160,,,0,99,,1855,160,,,0,100,,1866,160,,,0
1401,'TM-H26-TM_GTFS-Week-end-02',800,,1873,160,,,0,103,,1870,160,,,0,101,,1884,160,,,0,101,,1880,160,,,0,101,,1878,160,,,0,100,,1881,160,,,0,101,,1879,160,,,0,100,,1882,160,,,0,100,,1885,160,,,0,99,,1883,160,,,0,100,,1868,160,,,0,99,,1871,160,,,0,99,,1869,160,,,0,100,,1874,160,,,0,97,,1877,160,,,0,103,,1875,160,,,0,99,,1872,160,,,0,100,,1876,160,,,0
1700,'TM-H26-TM_GTFS-Fête-1-01',702,,1886,160,,,0,100,,1896,160,,,0,101,,1887,160,,,0,101,,1897,160,,,0,100,,1888,160,,,0,101,,1898,160,,,0,100,,1889,160,,,0,101,,1899,160,,,0,100,,1890,160,,,0,100,,1900,160,,,0,100,,1891,160,,,0,99,,1901,160,,,0,99,,1892,160,,,0,100,,1902,160,,,0,100,,1893,160,,,0,100,,1903,160,,,0,99,,1894,160,,,0,99,,1904,160,,,0,100,,1895,160,,,0
1700,'TM-H26-TM_GTFS-Fête-2-02',603,,1909,160,,,0,101,,1917,160,,,0,100,,1910,160,,,0,100,,1918,160,,,0,101,,1911,160,,,0,100,,1905,160,,,0,100,,1912,160,,,0,100,,1919,160,,,0,101,,1913,160,,,0,102,,1920,160,,,0,102,,1914,160,,,0,100,,1906,160,,,0,97,,1915,160,,,0,98,,1907,160,,,0,99,,1916,160,,,0,100,,1908,160,,,0,100,,1922,160,,,0,99,,1924,160,,,0,100,,1923,160,,,0,98,,1921,160,,,0
1700,'TM-H26-TM_GTFS-Semaine-02',603,,1929,160,,,0,101,,1937,160,,,0,100,,1930,160,,,0,100,,1938,160,,,0,101,,1931,160,,,0,100,,1925,160,,,0,100,,1932,160,,,0,100,,1939,160,,,0,101,,1933,160,,,0,102,,1940,160,,,0,102,,1934,160,,,0,100,,1926,160,,,0,97,,1935,160,,,0,98,,1927,160,,,0,99,,1936,160,,,0,100,,1928,160,,,0,100,,1942,160,,,0,99,,1944,160,,,0,100,,1943,160,,,0,98,,1941,160,,,0
1700,'TM-H26-TM_GTFS-Week-end-02',702,,1945,160,,,0,100,,1955,160,,,0,101,,1946,160,,,0,101,,1956,160,,,0,100,,1947,160,,,0,101,,1957,160,,,0,100,,1948,160,,,0,101,,1958,160,,,0,100,,1949,160,,,0,100,,1959,160,,,0,100,,1950,160,,,0,99,,1960,160,,,0,99,,1951,160,,,0,100,,1961,160,,,0,100,,1952,160,,,0,100,,1962,160,,,0,99,,1953,160,,,0,99,,1963,160,,,0,100,,1954,160,,,0
2000001500,'TM-H26-TM_GTFS-Fête-2-02',1227,,3219,90,,,0,400,,3220,90,,,0,100,,3221,90,,,0,100,,3222,90,,,0
2000001500,'TM-H26-TM_GTFS-Semaine-02',1227,,3223,90,,,0,400,,3224,90,,,0,100,,3225,90,,,0,100,,3226,90,,,0
