200,'TM-H26-TM_GTFS-Semaine-02',554,,1295,20,,,0,70,,1289,20,,,0,30,,1296,20,,,0,70,,1290,20,,,0,30,,1297,20,,,0,70,,1291,20,,,0,130,,1285,20,,,0,200,,1286,20,,,0,200,,1287,20,0,8 7,0,100,,1284,20,,,0,100,,1293,20,,,0,70,,1292,20,,,0,30,,1294,20,,,0,70,,1288,20,,,0,100,,1277,20,,,0,130,,1283,20,,,0,100,,1280,20,,,0,100,,1279,20,,,0,100,,1281,20,,,0,200,,1282,20,0,12,0
200,'TM-H26-TM_GTFS-Week-end-02',654,,1298,20,,,0,200,,1299,20,,,0,200,,1300,20,,,0,200,,1301,20,,,0,200,,1302,20,,,0,200,,1303,20,,,0,200,,1304,20,,,0,200,,1305,20,,,0,200,,1306,20,,,0,200,,1307,20,0,12,0
400,'TM-H26-TM_GTFS-Semaine-02',1636,,1375,20,,,0,93,,1371,20,,,0,100,,1372,20,,,0,295,,1373,20,,,0,235,,1374,20,,,0
401,'TM-H26-TM_GTFS-Semaine-02',544,,1382,100,,,0,100,,1384,100,,,0,100,,1383,100,,,0,101,,1381,100,,,0,1074,,1385,100,,,0
800,'TM-H26-TM_GTFS-Semaine-02',624,,1443,550,,,0,102,,1438,550,,,0,100,,1434,550,,,0,99,,1435,550,,,0,100,,1441,550,,,0,100,,1442,550,,,0,100,,1432,550,,,0,100,,1433,550,,,0,100,,1439,550,,,0,102,,1444,550,,,0,100,,1440,550,,,0,100,,1436,550,,,0,97,,1437,550,,,0,100,,1445,550,,,0,100,,1446,550,,,0,100,,1447,550,,,0,100,,1448,550,,,0,100,,1449,550,,,0,99,,1450,550,,,0
800,'TM-H26-TM_GTFS-Week-end-02',624,,1452,250,,,0,99,,1453,550,,,0,100,,1454,550,,,0,100,,1455,550,,,0,101,,1456,550,,,0,100,,1457,550,,,0,100,,1458,550,,,0,100,,1459,550,,,0,100,,1460,550,,,0,100,,1461,550,,,0,100,,1462,550,,,0,100,,1463,550,,,0,99,,1464,550,,,0,100,,1465,550,,,0,100,,1466,550,,,0,100,,1467,550,,,0,100,,1468,550,,,0,100,,1469,550,,,0,100,,1470,550,,,0
1100,'TM-H26-TM_GTFS-Semaine-02',523,,1561,20,,,0,30,,1583,20,,,0,70,,1572,20,,,0,30,,1568,20,,,0,70,,1562,20,,,0,30,,1584,20,,,0,70,,1573,20,,,0,30,,1576,20,,,0,100,,1580,20,,,0,100,,1577,20,,,0,100,,1581,20,,,0,100,,1578,20,,,0,101,,1582,20,,,0,100,,1589,20,,,0,70,,1569,20,,,0,30,,1571,20,,,0,70,,1574,20,,,0,30,,1563,20,,,0,70,,1570,20,,,0,30,,1585,20,,,0,70,,1575,20,,,0,30,,1564,20,,,0,69,,1579,20,,,0,30,,1586,20,,,0,100,,1565,20,,,0,100,,1587,20,,,0,100,,1566,20,,,0,100,,1588,20,,,0,100,,1567,20,,,0
1100,'TM-H26-TM_GTFS-Week-end-02',553,,1590,20,,,0,100,,1600,20,,,0,100,,1591,20,,,0,100,,1592,20,,,0,100,,1601,20,,,0,101,,1593,20,,,0,100,,1602,20,,,0,100,,1594,20,,,0,100,,1603,20,,,0,100,,1595,20,,,0,100,,1604,20,,,0,100,,1596,20,,,0,100,,1605,20,,,0,100,,1597,20,,,0,100,,1606,20,,,0,100,,1598,20,,,0,100,,1607,20,,,0,100,,1599,20,,,0,100,,1608,20,,,0,100,,1609,20,,,0
2000,'TM-H26-TM_GTFS-Semaine-02',554,,2477,20,,,0,70,,2472,20,,,0,30,,2478,20,,,0,70,,2496,20,,,0,30,,2479,20,,,0,70,,2494,20,,,0,30,,2480,20,,,0,100,,2481,20,,,0,100,,2482,20,,,0,100,,2483,20,,,0,100,,2487,20,,,0,100,,2471,20,,,0,100,,2486,20,,,0,100,,2473,20,,,0,70,,2475,20,,,0,30,,2474,20,,,0,70,,2493,20,,,0,30,,2484,20,,,0,70,,2495,20,,,0,30,,2476,20,,,0,100,,2485,20,,,0,100,,2488,20,,,0,100,,2489,20,,,0,100,,2490,20,,,0,100,,2491,20,,,0,100,,2492,20,,,0
2000,'TM-H26-TM_GTFS-Week-end-02',654,,2506,20,,,0,100,,2507,20,,,0,100,,2508,20,,,0,100,,2497,20,,,0,100,,2498,20,,,0,100,,2499,20,,,0,100,,2500,20,,,0,100,,2501,20,,,0,100,,2502,20,,,0,100,,2503,20,,,0,100,,2504,20,,,0,100,,2505,20,,,0,100,,2509,20,,,0,100,,2510,20,,,0,100,,2511,20,,,0,100,,2512,20,,,0,100,,2513,20,,,0,100,,2514,20,,,0,100,,2515,20,,,0
2001,'TM-H26-TM_GTFS-Semaine-02',539,,2565,300,,,0,101,,2566,300,,,0,70,,2562,300,,,0,30,,2567,300,,,0,72,,2586,300,,,0,30,,2568,300,,,0,70,,2584,300,,,0,30,,2569,300,,,0,100,,2570,300,,,0,101,,2561,300,,,0,100,,2571,300,,,0,100,,2578,300,,,0,100,,2579,300,,,0,99,,2580,300,,,0,100,,2581,300,,,0,64,,2582,300,,,0,30,,2563,300,,,0,70,,2583,300,,,0,30,,2572,300,,,0,71,,2585,300,,,0,28,,2564,300,,,0,105,,2573,300,,,0,99,,2574,300,,,0,97,,2575,300,,,0,100,,2576,300,,,0,100,,2577,300,,,0
2001,'TM-H26-TM_GTFS-Week-end-02',637,,2593,300,,,0,102,,2594,300,,,0,101,,2595,300,,,0,100,,2596,300,,,0,101,,2587,300,,,0,101,,2588,300,,,0,100,,2597,300,,,0,101,,2598,300,,,0,100,,2599,300,,,0,99,,2589,300,,,0,100,,2590,300,,,0,99,,2591,300,,,0,98,,2592,300,,,0,100,,2600,300,,,0,100,,2601,300,,,0,100,,2602,300,,,0,99,,2603,300,,,0,100,,2604,300,,,0,100,,2605,300,,,0
2100,'TM-H26-TM_GTFS-Semaine-02',639,,2611,390,0,5,0,14,,2610,20,0,5,0,80,,2610,610,0,5,0,20,,2612,20,0,5,0,80,,2612,610,0,5,0,20,,2613,20,0,5,0,80,,2613,610,0,5,0
2101,'TM-H26-TM_GTFS-Semaine-02',1554,,2619,20,0,5,0,100,,2618,20,0,5,0,100,,2617,20,0,5,0
2700,'TM-H26-TM_GTFS-Semaine-02',718,,2726,20,,,0,100,,2721,20,,,0,706,,2724,20,,,0,100,,2725,20,,,0,100,,2723,20,,,0,100,,2722,20,,,0,100,,2727,20,,,0
