1401,'TM-H26-TM_GTFS-Fête-1-01',755,,1801,70,,,0,103,,1798,70,,,0,101,,1812,70,,,0,141,,1808,70,,,0,100,,1806,70,,,0,100,,1809,70,,,0,101,,1807,70,,,0,99,,1810,70,,,0,100,,1813,70,,,0,100,,1811,70,,,0,100,,1796,70,,,0,59,,1799,70,,,0,99,,1797,70,,,0,100,,1802,70,,,0,97,,1805,70,,,0,103,,1803,70,,,0,99,,1800,70,,,0,100,,1804,70,,,0
1401,'TM-H26-TM_GTFS-Fête-2-02',628,,1821,70,,,0,30,,1829,70,,,0,70,,1840,70,,,0,30,,1822,70,,,0,70,,1830,70,,,0,30,,1820,70,,,0,70,,1823,70,,,0,30,,1831,70,,,0,70,,1824,70,,,0,101,,1833,70,,,0,101,,1835,70,,,0,100,,1834,70,,,0,101,,1814,70,,,0,100,,1819,70,,,0,100,,1815,70,,,0,70,,1836,70,,,0,30,,1825,70,,,0,70,,1816,70,,,0,29,,1837,70,,,0,70,,1826,70,,,0,29,,1817,70,,,0,100,,1838,70,,,0,100,,1818,70,,,0,100,,1827,70,,,0,99,,1832,70,,,0,99,,1828,70,,,0,100,,1839,70,,,0
1401,'TM-H26-TM_GTFS-Semaine-02',628,,1848,70,,,0,30,,1856,70,,,0,70,,1867,70,,,0,30,,1849,70,,,0,70,,1857,70,,,0,30,,1847,70,,,0,70,,1850,70,,,0,30,,1858,70,,,0,70,,1851,70,,,0,101,,1860,70,,,0,101,,1862,70,,,0,100,,1861,70,,,0,101,,1841,70,,,0,100,,1846,70,,,0,100,,1842,70,,,0,70,,1863,70,,,0,30,,1852,70,,,0,70,,1843,70,,,0,29,,1864,70,,,0,70,,1853,70,,,0,29,,1844,70,,,0,100,,1865,70,,,0,100,,1845,70,,,0,100,,1854,70,,,0,99,,1859,70,,,0,99,,1855,70,,,0,100,,1866,70,,,0
1401,'TM-H26-TM_GTFS-Week-end-02',755,,1873,70,,,0,103,,1870,70,,,0,101,,1884,70,,,0,141,,1880,70,,,0,100,,1878,70,,,0,100,,1881,70,,,0,101,,1879,70,,,0,99,,1882,70,,,0,100,,1885,70,,,0,100,,1883,70,,,0,100,,1868,70,,,0,59,,1871,70,,,0,99,,1869,70,,,0,100,,1874,70,,,0,97,,1877,70,,,0,103,,1875,70,,,0,99,,1872,70,,,0,100,,1876,70,,,0
1700,'TM-H26-TM_GTFS-Fête-1-01',657,,1886,70,,,0,100,,1896,70,,,0,101,,1887,70,,,0,101,,1897,70,,,0,100,,1888,70,,,0,141,,1898,70,,,0,100,,1889,70,,,0,100,,1899,70,,,0,100,,1890,70,,,0,100,,1900,70,,,0,100,,1891,70,,,0,59,,1901,70,,,0,99,,1892,70,,,0,100,,1902,70,,,0,100,,1893,70,,,0,100,,1903,70,,,0,99,,1894,70,,,0,100,,1904,70,,,0,100,,1895,70,,,0
1700,'TM-H26-TM_GTFS-Fête-2-02',558,,1909,70,,,0,101,,1917,70,,,0,100,,1910,70,,,0,100,,1918,70,,,0,100,,1911,70,,,0,100,,1905,70,,,0,100,,1912,70,,,0,100,,1919,70,,,0,141,,1913,70,,,0,100,,1920,70,,,0,101,,1914,70,,,0,100,,1906,70,,,0,99,,1915,70,,,0,100,,1907,70,,,0,59,,1916,70,,,0,100,,1908,70,,,0,100,,1922,70,,,0,99,,1924,70,,,0,100,,1923,70,,,0,99,,1921,70,,,0
1700,'TM-H26-TM_GTFS-Semaine-02',558,,1929,70,,,0,101,,1937,70,,,0,100,,1930,70,,,0,100,,1938,70,,,0,100,,1931,70,,,0,100,,1925,70,,,0,100,,1932,70,,,0,100,,1939,70,,,0,141,,1933,70,,,0,100,,1940,70,,,0,101,,1934,70,,,0,100,,1926,70,,,0,99,,1935,70,,,0,100,,1927,70,,,0,59,,1936,70,,,0,100,,1928,70,,,0,100,,1942,70,,,0,99,,1944,70,,,0,100,,1943,70,,,0,99,,1941,70,,,0
1700,'TM-H26-TM_GTFS-Week-end-02',657,,1945,70,,,0,100,,1955,70,,,0,101,,1946,70,,,0,101,,1956,70,,,0,100,,1947,70,,,0,141,,1957,70,,,0,100,,1948,70,,,0,100,,1958,70,,,0,100,,1949,70,,,0,100,,1959,70,,,0,100,,1950,70,,,0,59,,1960,70,,,0,99,,1951,70,,,0,100,,1961,70,,,0,100,,1952,70,,,0,100,,1962,70,,,0,99,,1953,70,,,0,100,,1963,70,,,0,100,,1954,70,,,0
1801,'TM-H26-TM_GTFS-Fête-2-02',603,,2088,160,0,21 5,0,100,,2089,160,0,21 5,0,53,,2097,160,0,21 5,0,147,,2090,160,0,21 5,0,200,,2091,160,0,21 5,0,200,,2092,160,0,21 5,0,200,,2093,160,0,21 5,0,101,,2087,160,0,21 5,0,100,,2095,160,0,21 5,0,100,,2094,160,0,21 5,0,199,,2086,160,0,21 5,0,200,,2096,160,0,21 5,0
1801,'TM-H26-TM_GTFS-Semaine-02',603,,2101,160,0,21 5,0,100,,2102,160,0,21 5,0,53,,2110,160,0,21 5,0,147,,2103,160,0,21 5,0,200,,2104,160,0,21 5,0,200,,2105,160,0,21 5,0,200,,2106,160,0,21 5,0,101,,2100,160,0,21 5,0,100,,2108,160,0,21 5,0,100,,2107,160,0,21 5,0,199,,2099,160,0,21 5,0,200,,2109,160,0,21 5,0
2300,'TM-H26-TM_GTFS-Fête-2-02',557,,2629,70,,,0,101,,2630,70,,,0,100,,2632,70,,,0,100,,2635,70,,,0,300,,2634,70,,,0,200,,2633,70,,,0,382,,2631,70,,,0
2300,'TM-H26-TM_GTFS-Semaine-02',557,,2636,70,,,0,101,,2637,70,,,0,100,,2639,70,,,0,100,,2642,70,,,0,300,,2641,70,,,0,200,,2640,70,,,0,382,,2638,70,,,0
2700,'TM-H26-TM_GTFS-Semaine-02',734,,2726,230,,,0,100,,2721,230,,,0,707,,2724,230,,,0,102,,2725,230,,,0,100,,2723,230,,,0,97,,2722,230,,,0,100,,2727,230,,,0
