1401,'TM-H26-TM_GTFS-Fête-1-01',806,,1801,290,,,0,103,,1798,290,,,0,101,,1812,290,,,0,101,,1808,290,,,0,101,,1806,290,,,0,100,,1809,290,,,0,101,,1807,290,,,0,100,,1810,290,,,0,100,,1813,290,,,0,99,,1811,290,,,0,100,,1796,290,,,0,99,,1799,290,,,0,99,,1797,290,,,0,100,,1802,290,,,0,97,,1805,290,,,0,102,,1803,290,,,0,99,,1800,290,,,0,100,,1804,290,,,0
1401,'TM-H26-TM_GTFS-Fête-2-02',639,,1821,290,,,0,71,,1829,290,,,0,30,,1840,290,,,0,70,,1822,290,,,0,30,,1830,290,,,0,70,,1820,290,,,0,30,,1823,290,,,0,70,,1831,290,,,0,30,,1824,290,,,0,101,,1833,290,,,0,101,,1835,290,,,0,100,,1834,290,,,0,102,,1814,290,,,0,103,,1819,290,,,0,103,,1815,290,,,0,70,,1836,290,,,0,28,,1825,290,,,0,66,,1816,290,,,0,28,,1837,290,,,0,70,,1826,290,,,0,29,,1817,290,,,0,100,,1838,290,,,0,100,,1818,290,,,0,99,,1827,290,,,0,99,,1832,290,,,0,99,,1828,290,,,0,100,,1839,290,,,0
1401,'TM-H26-TM_GTFS-Semaine-02',639,,1848,290,,,0,71,,1856,290,,,0,30,,1867,290,,,0,70,,1849,290,,,0,30,,1857,290,,,0,70,,1847,290,,,0,30,,1850,290,,,0,70,,1858,290,,,0,30,,1851,290,,,0,101,,1860,290,,,0,101,,1862,290,,,0,100,,1861,290,,,0,102,,1841,290,,,0,103,,1846,290,,,0,103,,1842,290,,,0,70,,1863,290,,,0,28,,1852,290,,,0,66,,1843,290,,,0,28,,1864,290,,,0,70,,1853,290,,,0,29,,1844,290,,,0,100,,1865,290,,,0,100,,1845,290,,,0,99,,1854,290,,,0,99,,1859,290,,,0,99,,1855,290,,,0,100,,1866,290,,,0
1401,'TM-H26-TM_GTFS-Week-end-02',806,,1873,290,,,0,103,,1870,290,,,0,101,,1884,290,,,0,101,,1880,290,,,0,101,,1878,290,,,0,100,,1881,290,,,0,101,,1879,290,,,0,100,,1882,290,,,0,100,,1885,290,,,0,99,,1883,290,,,0,100,,1868,290,,,0,99,,1871,290,,,0,99,,1869,290,,,0,100,,1874,290,,,0,97,,1877,290,,,0,102,,1875,290,,,0,99,,1872,290,,,0,100,,1876,290,,,0
41700,'TM-H26-TM_GTFS-Fête-2-02',545,,2957,140,,,0,73,,2959,140,,,0,40,,2956,140,,,0,99,,2958,140,,,0
41700,'TM-H26-TM_GTFS-Semaine-02',545,,2961,140,,,0,73,,2963,140,,,0,40,,2960,140,,,0,99,,2962,140,,,0
2000001500,'TM-H26-TM_GTFS-Fête-2-02',1239,,3219,180,,,0,400,,3220,180,,,0,100,,3221,180,,,0,100,,3222,180,,,0
2000001500,'TM-H26-TM_GTFS-Semaine-02',1239,,3223,180,,,0,400,,3224,180,,,0,100,,3225,180,,,0,100,,3226,180,,,0
2000041700,'TM-H26-TM_GTFS-Fête-2-02',1302,,3329,140,,,0
2000041700,'TM-H26-TM_GTFS-Semaine-02',1302,,3330,140,,,0
