300,'TM-H26-TM_GTFS-Fête-1-01',612,,1308,210,,,0,199,,1309,330,,,0,205,,1310,330,,,0,200,,1311,330,,,0,200,,1312,330,,,0,199,,1313,330,,,0,198,,1314,330,,,0,199,,1315,330,,,0,200,,1316,330,,,0,199,,1317,330,,,0
300,'TM-H26-TM_GTFS-Fête-2-02',518,,1319,210,,,0,96,,1320,330,,,0,30,,1336,330,,,0,71,,1330,330,,,0,30,,1335,330,,,0,71,,1329,330,,,0,100,,1324,330,,,0,201,,1325,330,,,0,200,,1326,330,,,0,130,,1328,330,,,0,105,,1327,330,,,0,97,,1333,330,,,0,68,,1332,330,,,0,30,,1334,330,,,0,70,,1331,330,,,0,97,,1318,330,,,0,128,,1321,330,,,0,100,,1322,330,,,0,269,,1323,330,,,0
300,'TM-H26-TM_GTFS-Semaine-02',518,,1338,210,,,0,96,,1339,330,,,0,30,,1355,330,,,0,71,,1349,330,,,0,30,,1354,330,,,0,71,,1348,330,,,0,100,,1343,330,,,0,201,,1344,330,,,0,200,,1345,330,,,0,130,,1347,330,,,0,105,,1346,330,,,0,97,,1352,330,,,0,68,,1351,330,,,0,30,,1353,330,,,0,70,,1350,330,,,0,97,,1337,330,,,0,128,,1340,330,,,0,100,,1341,330,,,0,269,,1342,330,,,0
300,'TM-H26-TM_GTFS-Week-end-02',612,,1356,210,,,0,199,,1357,330,,,0,205,,1358,330,,,0,200,,1359,330,,,0,200,,1360,330,,,0,199,,1361,330,,,0,198,,1362,330,,,0,199,,1363,330,,,0,200,,1364,330,,,0,199,,1365,330,,,0
2001,'TM-H26-TM_GTFS-Fête-1-01',623,,2522,100,,,0,100,,2523,100,,,0,101,,2524,100,,,0,100,,2525,100,,,0,100,,2516,100,,,0,100,,2517,100,,,0,100,,2526,100,,,0,101,,2527,100,,,0,100,,2528,100,,,0,100,,2518,100,,,0,100,,2519,100,,,0,100,,2520,100,,,0,100,,2521,100,,,0,100,,2529,100,,,0,100,,2530,100,,,0,100,,2531,100,,,0,99,,2532,100,,,0,100,,2533,100,,,0,100,,2534,100,,,0
2001,'TM-H26-TM_GTFS-Fête-2-02',525,,2539,100,,,0,99,,2540,100,,,0,30,,2536,100,,,0,70,,2541,100,,,0,32,,2560,100,,,0,70,,2542,100,,,0,30,,2558,100,,,0,70,,2543,100,,,0,100,,2544,100,,,0,100,,2535,100,,,0,100,,2545,100,,,0,100,,2552,100,,,0,98,,2553,100,,,0,99,,2554,100,,,0,100,,2555,100,,,0,25,,2556,100,,,0,71,,2537,100,,,0,30,,2557,100,,,0,70,,2546,100,,,0,31,,2559,100,,,0,70,,2538,100,,,0,105,,2547,100,,,0,99,,2548,100,,,0,100,,2549,100,,,0,100,,2550,100,,,0,100,,2551,100,,,0
2001,'TM-H26-TM_GTFS-Semaine-02',525,,2565,100,,,0,99,,2566,100,,,0,30,,2562,100,,,0,70,,2567,100,,,0,32,,2586,100,,,0,70,,2568,100,,,0,30,,2584,100,,,0,70,,2569,100,,,0,100,,2570,100,,,0,100,,2561,100,,,0,100,,2571,100,,,0,100,,2578,100,,,0,98,,2579,100,,,0,99,,2580,100,,,0,100,,2581,100,,,0,25,,2582,100,,,0,71,,2563,100,,,0,30,,2583,100,,,0,70,,2572,100,,,0,31,,2585,100,,,0,70,,2564,100,,,0,105,,2573,100,,,0,99,,2574,100,,,0,100,,2575,100,,,0,100,,2576,100,,,0,100,,2577,100,,,0
2001,'TM-H26-TM_GTFS-Week-end-02',623,,2593,100,,,0,100,,2594,100,,,0,101,,2595,100,,,0,100,,2596,100,,,0,100,,2587,100,,,0,100,,2588,100,,,0,100,,2597,100,,,0,101,,2598,100,,,0,100,,2599,100,,,0,100,,2589,100,,,0,100,,2590,100,,,0,100,,2591,100,,,0,100,,2592,100,,,0,100,,2600,100,,,0,100,,2601,100,,,0,100,,2602,100,,,0,99,,2603,100,,,0,100,,2604,100,,,0,100,,2605,100,,,0
2101,'TM-H26-TM_GTFS-Fête-2-02',1624,,2616,420,0,16 1 5,0,100,,2615,420,0,16 1 5,0,100,,2614,420,0,16 1 5,0
2101,'TM-H26-TM_GTFS-Semaine-02',1624,,2619,420,0,16 1 5,0,100,,2618,420,0,16 1 5,0,100,,2617,420,0,16 1 5,0
2200,'TM-H26-TM_GTFS-Semaine-02',704,,2620,90,,,0,110,,2621,90,,,0,409,,2622,90,,,0
