100,'TM-H26-TM_GTFS-Fête-1-01',657,,1145,110,,,0,100,,1146,110,,,0,100,,1147,110,,,0,100,,1148,110,,,0,100,,1149,110,,,0,100,,1150,110,,,0,100,,1151,110,,,0,100,,1152,110,,,0,100,,1153,110,,,0,100,,1154,110,,,0,100,,1155,110,,,0,100,,1156,110,,,0,100,,1157,110,,,0,100,,1158,110,,,0,100,,1159,110,,,0,100,,1160,110,,,0,100,,1161,110,,,0,100,,1162,110,,,0,100,,1163,110,0,25 3 18,0
100,'TM-H26-TM_GTFS-Fête-2-02',527,,1164,110,,,0,30,,1192,110,,,0,70,,1190,110,,,0,30,,1182,110,,,0,70,,1191,110,,,0,30,,1170,110,,,0,70,,1187,110,,,0,30,,1171,110,,,0,100,,1172,110,,,0,100,,1173,110,,,0,100,,1174,110,,,0,100,,1175,110,,,0,100,,1176,110,,,0,100,,1177,110,,,0,70,,1188,110,,,0,30,,1178,110,,,0,70,,1189,110,,,0,30,,1180,110,,,0,70,,1168,110,,,0,30,,1179,110,,,0,70,,1167,110,,,0,30,,1181,110,,,0,70,,1169,110,,,0,30,,1183,110,,,0,100,,1193,110,,,0,100,,1194,110,,,0,100,,1184,110,,,0,100,,1185,110,,,0,100,,1186,110,0,25 3 18,0
100,'TM-H26-TM_GTFS-Semaine-02',527,,1195,110,,,0,30,,1223,110,,,0,70,,1221,110,,,0,30,,1213,110,,,0,70,,1222,110,,,0,30,,1201,110,,,0,70,,1218,110,,,0,30,,1202,110,,,0,100,,1203,110,,,0,100,,1204,110,,,0,100,,1205,110,,,0,100,,1206,110,,,0,100,,1207,110,,,0,100,,1208,110,,,0,70,,1219,110,,,0,30,,1209,110,,,0,70,,1220,110,,,0,30,,1211,110,,,0,70,,1199,110,,,0,30,,1210,110,,,0,70,,1198,110,,,0,30,,1212,110,,,0,70,,1200,110,,,0,30,,1214,110,,,0,100,,1224,110,,,0,100,,1225,110,,,0,100,,1215,110,,,0,100,,1216,110,,,0,100,,1217,110,0,25 3 18,0
100,'TM-H26-TM_GTFS-Week-end-02',657,,1227,110,,,0,100,,1228,110,,,0,100,,1229,110,,,0,100,,1230,110,,,0,100,,1231,110,,,0,100,,1232,110,,,0,100,,1233,110,,,0,100,,1234,110,,,0,100,,1235,110,,,0,100,,1236,110,,,0,100,,1237,110,,,0,100,,1238,110,,,0,100,,1239,110,,,0,100,,1240,110,,,0,100,,1241,110,,,0,100,,1242,110,,,0,100,,1243,110,,,0,100,,1244,110,,,0,100,,1245,110,0,25 3 18,0
800,'TM-H26-TM_GTFS-Fête-1-01',614,,1392,60,,,0,97,,1393,360,,,0,100,,1394,360,,,0,100,,1395,360,,,0,101,,1396,360,,,0,100,,1397,360,,,0,100,,1398,360,,,0,100,,1399,360,,,0,100,,1400,360,,,0,100,,1401,360,,,0,100,,1402,360,,,0,100,,1403,360,,,0,100,,1404,360,,,0,100,,1405,360,,,0,100,,1406,360,,,0,100,,1407,360,,,0,100,,1408,360,,,0,100,,1409,360,,,0,100,,1410,360,,,0,98,,1411,360,0,27,0
800,'TM-H26-TM_GTFS-Fête-2-02',612,,1423,360,0,26 5,0,102,,1418,360,,,0,100,,1414,360,,,0,99,,1415,360,,,0,100,,1421,360,,,0,100,,1422,360,,,0,100,,1412,360,,,0,100,,1413,360,,,0,100,,1419,360,,,0,102,,1424,360,,,0,100,,1420,360,,,0,100,,1416,360,,,0,97,,1417,360,,,0,100,,1425,360,,,0,100,,1426,360,,,0,100,,1427,360,,,0,100,,1428,360,,,0,100,,1429,360,,,0,99,,1430,360,,,0,98,,1431,360,0,27,0
800,'TM-H26-TM_GTFS-Semaine-02',612,,1443,360,,,0,102,,1438,360,,,0,100,,1434,360,,,0,99,,1435,360,,,0,100,,1441,360,,,0,100,,1442,360,,,0,100,,1432,360,,,0,100,,1433,360,,,0,100,,1439,360,,,0,102,,1444,360,,,0,100,,1440,360,,,0,100,,1436,360,,,0,97,,1437,360,,,0,100,,1445,360,,,0,100,,1446,360,,,0,100,,1447,360,,,0,100,,1448,360,,,0,100,,1449,360,,,0,99,,1450,360,,,0,98,,1451,360,0,27,0
800,'TM-H26-TM_GTFS-Week-end-02',614,,1452,60,,,0,97,,1453,360,,,0,100,,1454,360,,,0,100,,1455,360,,,0,101,,1456,360,,,0,100,,1457,360,,,0,100,,1458,360,,,0,100,,1459,360,,,0,100,,1460,360,,,0,100,,1461,360,,,0,100,,1462,360,,,0,100,,1463,360,,,0,100,,1464,360,,,0,100,,1465,360,,,0,100,,1466,360,,,0,100,,1467,360,,,0,100,,1468,360,,,0,100,,1469,360,,,0,100,,1470,360,,,0,98,,1471,360,0,27,0
1800,'TM-H26-TM_GTFS-Fête-1-01',657,,2045,110,,,0,100,,2046,110,,,0,100,,2047,110,,,0,400,,2048,110,,,0,200,,2042,110,,,0,100,,2043,110,,,0,100,,2044,110,,,0,300,,2049,110,,,0
1800,'TM-H26-TM_GTFS-Fête-2-02',627,,2059,110,,,0,100,,2051,110,,,0,30,,2055,110,,,0,70,,2052,110,,,0,130,,2056,110,,,0,200,,2057,110,,,0,200,,2058,110,,,0,170,,2053,110,,,0,100,,2062,110,,,0,100,,2063,110,,,0,130,,2061,110,,,0,200,,2054,110,,,0
1800,'TM-H26-TM_GTFS-Semaine-02',627,,2073,110,,,0,100,,2065,110,,,0,30,,2069,110,,,0,70,,2066,110,,,0,130,,2070,110,,,0,200,,2071,110,,,0,200,,2072,110,,,0,170,,2067,110,,,0,100,,2076,110,,,0,100,,2077,110,,,0,130,,2075,110,,,0,200,,2068,110,,,0
1800,'TM-H26-TM_GTFS-Week-end-02',657,,2081,110,,,0,100,,2082,110,,,0,100,,2083,110,,,0,400,,2084,110,,,0,200,,2078,110,,,0,100,,2079,110,,,0,100,,2080,110,,,0,300,,2085,110,,,0
