300,'TM-E26-TM_GTFS-Fête-1-01',629,,3445,470,,,0,201,,3446,590,,,0,207,,3447,590,,,0,200,,3448,590,,,0,200,,3449,590,,,0,197,,3450,590,,,0,197,,3451,590,,,0,199,,3452,590,,,0,200,,3453,590,,,0,198,,3454,590,,,0
300,'TM-E26-TM_GTFS-Semaine-01',536,,3456,460,,,0,98,,3457,580,,,0,70,,3473,580,,,0,31,,3467,580,,,0,70,,3472,580,,,0,32,,3466,580,,,0,100,,3461,580,,,0,200,,3462,580,,,0,200,,3463,580,,,0,171,,3465,580,,,0,105,,3464,580,,,0,99,,3470,580,,,0,28,,3469,580,,,0,66,,3471,580,,,0,30,,3468,580,,,0,95,,3455,580,,,0,128,,3458,580,,,0,100,,3459,580,,,0,267,,3460,580,,,0
300,'TM-E26-TM_GTFS-Week-end-01',629,,3474,470,,,0,201,,3475,590,,,0,207,,3476,590,,,0,200,,3477,590,,,0,200,,3478,590,,,0,197,,3479,590,,,0,197,,3480,590,,,0,199,,3481,590,,,0,200,,3482,590,,,0,198,,3483,590,,,0
400,'TM-E26-TM_GTFS-Semaine-01',1656,,3488,360,,,0,91,,3484,360,,,0,100,,3485,360,,,0,294,,3486,360,,,0,275,,3487,360,,,0
1101,'TM-E26-TM_GTFS-Fête-1-01',636,,3656,600,,,0,100,,3646,600,,,0,100,,3657,600,,,0,100,,3647,600,,,0,101,,3648,600,,,0,100,,3658,600,,,0,100,,3649,600,,,0,100,,3659,600,,,0,100,,3650,600,,,0,100,,3660,600,,,0,100,,3651,600,,,0,100,,3661,600,,,0,99,,3652,600,,,0,99,,3662,600,,,0,100,,3653,600,,,0,99,,3663,600,,,0,100,,3654,600,,,0,100,,3664,600,,,0,100,,3655,600,,,0
1101,'TM-E26-TM_GTFS-Semaine-01',604,,3674,490,,,0,30,,3670,600,,,0,70,,3665,600,,,0,30,,3685,600,,,0,70,,3675,600,,,0,30,,3678,600,,,0,100,,3686,600,,,0,100,,3679,600,,,0,102,,3682,600,,,0,100,,3680,600,,,0,100,,3683,600,,,0,100,,3681,600,,,0,97,,3684,600,,,0,70,,3676,600,,,0,32,,3690,600,,,0,70,,3671,600,,,0,31,,3673,600,,,0,69,,3677,600,,,0,30,,3666,600,,,0,69,,3672,600,,,0,30,,3687,600,,,0,103,,3667,600,,,0,99,,3688,600,,,0,101,,3668,600,,,0,99,,3689,600,,,0,101,,3669,600,,,0
1101,'TM-E26-TM_GTFS-Week-end-01',636,,3701,600,,,0,100,,3691,600,,,0,100,,3702,600,,,0,100,,3692,600,,,0,101,,3693,600,,,0,100,,3703,600,,,0,100,,3694,600,,,0,100,,3704,600,,,0,100,,3695,600,,,0,100,,3705,600,,,0,100,,3696,600,,,0,100,,3706,600,,,0,99,,3697,600,,,0,99,,3707,600,,,0,100,,3698,600,,,0,99,,3708,600,,,0,100,,3699,600,,,0,100,,3709,600,,,0,100,,3700,600,,,0
2001,'TM-E26-TM_GTFS-Fête-1-01',634,,4243,230,,,0,101,,4244,230,,,0,101,,4245,230,,,0,100,,4246,230,,,0,101,,4237,230,,,0,101,,4238,230,,,0,100,,4247,230,,,0,101,,4248,230,,,0,100,,4249,230,,,0,99,,4239,230,,,0,100,,4240,230,,,0,99,,4241,230,,,0,98,,4242,230,,,0,100,,4250,230,,,0,100,,4251,230,,,0,100,,4252,230,,,0,99,,4253,230,,,0,100,,4254,230,,,0,100,,4255,230,,,0
2001,'TM-E26-TM_GTFS-Semaine-01',535,,4260,230,,,0,101,,4261,230,,,0,70,,4257,230,,,0,30,,4262,230,,,0,72,,4281,230,,,0,30,,4263,230,,,0,70,,4279,230,,,0,30,,4264,230,,,0,100,,4265,230,,,0,101,,4256,230,,,0,100,,4266,230,,,0,100,,4273,230,,,0,99,,4274,230,,,0,99,,4275,230,,,0,100,,4276,230,,,0,65,,4277,230,,,0,30,,4258,230,,,0,70,,4278,230,,,0,30,,4267,230,,,0,71,,4280,230,,,0,28,,4259,230,,,0,105,,4268,230,,,0,99,,4269,230,,,0,98,,4270,230,,,0,100,,4271,230,,,0,100,,4272,230,,,0
2001,'TM-E26-TM_GTFS-Week-end-01',634,,4288,230,,,0,101,,4289,230,,,0,101,,4290,230,,,0,100,,4291,230,,,0,101,,4282,230,,,0,101,,4283,230,,,0,100,,4292,230,,,0,101,,4293,230,,,0,100,,4294,230,,,0,99,,4284,230,,,0,100,,4285,230,,,0,99,,4286,230,,,0,98,,4287,230,,,0,100,,4295,230,,,0,100,,4296,230,,,0,100,,4297,230,,,0,99,,4298,230,,,0,100,,4299,230,,,0,100,,4300,230,,,0
2100,'TM-E26-TM_GTFS-Semaine-01',636,,4302,320,0,5,0,94,,4301,540,0,5,0,100,,4303,540,0,5,0,100,,4304,540,0,5,0
2101,'TM-E26-TM_GTFS-Semaine-01',1637,,4307,540,0,5,0,99,,4306,540,0,5,0,100,,4305,540,0,5,0
