1401,'TM-H26-TM_GTFS-Fête-1-01',757,,1801,90,,,0,143,,1798,90,,,0,101,,1812,90,,,0,100,,1808,90,,,0,100,,1806,90,,,0,100,,1809,90,,,0,101,,1807,90,,,0,99,,1810,90,,,0,100,,1813,90,,,0,100,,1811,90,,,0,100,,1796,90,,,0,99,,1799,90,,,0,100,,1797,90,,,0,100,,1802,90,,,0,57,,1805,90,,,0,143,,1803,90,,,0,59,,1800,90,,,0,100,,1804,90,,,0
1401,'TM-H26-TM_GTFS-Fête-2-02',630,,1821,90,,,0,70,,1829,90,,,0,30,,1840,90,,,0,70,,1822,90,,,0,30,,1830,90,,,0,70,,1820,90,,,0,30,,1823,90,,,0,70,,1831,90,,,0,30,,1824,90,,,0,100,,1833,90,,,0,101,,1835,90,,,0,100,,1834,90,,,0,101,,1814,90,,,0,101,,1819,90,,,0,101,,1815,90,,,0,70,,1836,90,,,0,30,,1825,90,,,0,69,,1816,90,,,0,29,,1837,90,,,0,70,,1826,90,,,0,29,,1817,90,,,0,100,,1838,90,,,0,100,,1818,90,,,0,99,,1827,90,,,0,99,,1832,90,,,0,100,,1828,90,,,0,100,,1839,90,,,0
1401,'TM-H26-TM_GTFS-Semaine-02',630,,1848,90,,,0,70,,1856,90,,,0,30,,1867,90,,,0,70,,1849,90,,,0,30,,1857,90,,,0,70,,1847,90,,,0,30,,1850,90,,,0,70,,1858,90,,,0,30,,1851,90,,,0,100,,1860,90,,,0,101,,1862,90,,,0,100,,1861,90,,,0,101,,1841,90,,,0,101,,1846,90,,,0,101,,1842,90,,,0,70,,1863,90,,,0,30,,1852,90,,,0,69,,1843,90,,,0,29,,1864,90,,,0,70,,1853,90,,,0,29,,1844,90,,,0,100,,1865,90,,,0,100,,1845,90,,,0,99,,1854,90,,,0,99,,1859,90,,,0,100,,1855,90,,,0,100,,1866,90,,,0
1401,'TM-H26-TM_GTFS-Week-end-02',757,,1873,90,,,0,143,,1870,90,,,0,101,,1884,90,,,0,100,,1880,90,,,0,100,,1878,90,,,0,100,,1881,90,,,0,101,,1879,90,,,0,99,,1882,90,,,0,100,,1885,90,,,0,100,,1883,90,,,0,100,,1868,90,,,0,99,,1871,90,,,0,100,,1869,90,,,0,100,,1874,90,,,0,57,,1877,90,,,0,143,,1875,90,,,0,59,,1872,90,,,0,100,,1876,90,,,0
1700,'TM-H26-TM_GTFS-Fête-1-01',659,,1886,90,,,0,100,,1896,90,,,0,100,,1887,90,,,0,141,,1897,90,,,0,100,,1888,90,,,0,101,,1898,90,,,0,100,,1889,90,,,0,100,,1899,90,,,0,100,,1890,90,,,0,100,,1900,90,,,0,100,,1891,90,,,0,100,,1901,90,,,0,99,,1892,90,,,0,100,,1902,90,,,0,100,,1893,90,,,0,100,,1903,90,,,0,59,,1894,90,,,0,100,,1904,90,,,0,100,,1895,90,,,0
1700,'TM-H26-TM_GTFS-Fête-2-02',559,,1909,90,,,0,141,,1917,90,,,0,100,,1910,90,,,0,100,,1918,90,,,0,101,,1911,90,,,0,100,,1905,90,,,0,100,,1912,90,,,0,100,,1919,90,,,0,101,,1913,90,,,0,101,,1920,90,,,0,101,,1914,90,,,0,100,,1906,90,,,0,98,,1915,90,,,0,99,,1907,90,,,0,99,,1916,90,,,0,100,,1908,90,,,0,100,,1922,90,,,0,59,,1924,90,,,0,100,,1923,90,,,0,99,,1921,90,,,0
1700,'TM-H26-TM_GTFS-Semaine-02',559,,1929,90,,,0,141,,1937,90,,,0,100,,1930,90,,,0,100,,1938,90,,,0,101,,1931,90,,,0,100,,1925,90,,,0,100,,1932,90,,,0,100,,1939,90,,,0,101,,1933,90,,,0,101,,1940,90,,,0,101,,1934,90,,,0,100,,1926,90,,,0,98,,1935,90,,,0,99,,1927,90,,,0,99,,1936,90,,,0,100,,1928,90,,,0,100,,1942,90,,,0,59,,1944,90,,,0,100,,1943,90,,,0,99,,1941,90,,,0
1700,'TM-H26-TM_GTFS-Week-end-02',659,,1945,90,,,0,100,,1955,90,,,0,100,,1946,90,,,0,141,,1956,90,,,0,100,,1947,90,,,0,101,,1957,90,,,0,100,,1948,90,,,0,100,,1958,90,,,0,100,,1949,90,,,0,100,,1959,90,,,0,100,,1950,90,,,0,100,,1960,90,,,0,99,,1951,90,,,0,100,,1961,90,,,0,100,,1952,90,,,0,100,,1962,90,,,0,59,,1953,90,,,0,100,,1963,90,,,0,100,,1954,90,,,0
1801,'TM-H26-TM_GTFS-Fête-2-02',605,,2088,180,0,21 5,0,100,,2089,180,0,21 5,0,53,,2097,180,0,21 5,0,147,,2090,180,0,21 5,0,200,,2091,180,0,21 5,0,200,,2092,180,0,21 5,0,200,,2093,180,0,21 5,0,102,,2087,180,0,21 5,0,100,,2095,180,0,21 5,0,99,,2094,180,0,21 5,0,198,,2086,180,0,21 5,0,200,,2096,180,0,21 5,0
1801,'TM-H26-TM_GTFS-Semaine-02',605,,2101,180,0,21 5,0,100,,2102,180,0,21 5,0,53,,2110,180,0,21 5,0,147,,2103,180,0,21 5,0,200,,2104,180,0,21 5,0,200,,2105,180,0,21 5,0,200,,2106,180,0,21 5,0,102,,2100,180,0,21 5,0,100,,2108,180,0,21 5,0,99,,2107,180,0,21 5,0,198,,2099,180,0,21 5,0,200,,2109,180,0,21 5,0
2200,'TM-H26-TM_GTFS-Semaine-02',719,,2620,260,,,0,109,,2621,260,,,0,409,,2622,260,,,0
