1400,'TM-H26-TM_GTFS-Fête-1-01',623,,1700,40,,,0,100,,1705,40,,,0,98,,1703,40,,,0,99,,1717,40,,,0,99,,1712,40,,,0,100,,1710,40,,,0,100,,1713,40,,,0,100,,1711,40,,,0,100,,1714,40,,,0,102,,1718,40,,,0,100,,1715,40,,,0,100,,1719,40,,,0,100,,1716,40,,,0,99,,1702,40,,,0,100,,1706,40,,,0,100,,1709,40,,,0,101,,1707,40,,,0,102,,1704,40,,,0,100,,1708,40,,,0,100,,1701,40,,,0
1400,'TM-H26-TM_GTFS-Fête-2-02',510,,1735,40,,,0,30,,1728,40,,,0,70,,1736,40,,,0,30,,1741,40,,,0,67,,1729,40,,,0,32,,1737,40,,,0,70,,1727,40,,,0,34,,1730,40,,,0,70,,1738,40,,,0,32,,1731,40,,,0,100,,1742,40,,,0,100,,1744,40,,,0,100,,1743,40,,,0,100,,1720,40,,,0,100,,1725,40,,,0,101,,1721,40,,,0,70,,1739,40,,,0,30,,1726,40,,,0,70,,1722,40,,,0,30,,1745,40,,,0,72,,1732,40,,,0,30,,1723,40,,,0,102,,1746,40,,,0,101,,1724,40,,,0,100,,1733,40,,,0,102,,1740,40,,,0,101,,1734,40,,,0,99,,1747,40,,,0
1400,'TM-H26-TM_GTFS-Semaine-02',510,,1763,40,,,0,30,,1756,40,,,0,70,,1764,40,,,0,30,,1769,40,,,0,67,,1757,40,,,0,32,,1765,40,,,0,70,,1755,40,,,0,34,,1758,40,,,0,70,,1766,40,,,0,32,,1759,40,,,0,100,,1770,40,,,0,100,,1772,40,,,0,100,,1771,40,,,0,100,,1748,40,,,0,100,,1753,40,,,0,101,,1749,40,,,0,70,,1767,40,,,0,30,,1754,40,,,0,70,,1750,40,,,0,30,,1773,40,,,0,72,,1760,40,,,0,30,,1751,40,,,0,102,,1774,40,,,0,101,,1752,40,,,0,100,,1761,40,,,0,102,,1768,40,,,0,101,,1762,40,,,0,99,,1775,40,,,0
1400,'TM-H26-TM_GTFS-Week-end-02',623,,1776,40,,,0,100,,1781,40,,,0,98,,1779,40,,,0,99,,1793,40,,,0,99,,1788,40,,,0,100,,1786,40,,,0,100,,1789,40,,,0,100,,1787,40,,,0,100,,1790,40,,,0,102,,1794,40,,,0,100,,1791,40,,,0,100,,1795,40,,,0,100,,1792,40,,,0,99,,1778,40,,,0,100,,1782,40,,,0,100,,1785,40,,,0,101,,1783,40,,,0,102,,1780,40,,,0,100,,1784,40,,,0,100,,1777,40,,,0
1701,'TM-H26-TM_GTFS-Fête-1-01',612,,1982,280,,,0,100,,1973,280,,,0,100,,1964,280,,,0,100,,1974,280,,,0,100,,1965,280,,,0,100,,1975,280,,,0,100,,1966,280,,,0,100,,1976,280,,,0,100,,1967,280,,,0,100,,1977,280,,,0,100,,1968,280,,,0,100,,1978,280,,,0,100,,1969,280,,,0,100,,1979,280,,,0,100,,1970,280,,,0,100,,1980,280,,,0,100,,1971,280,,,0,100,,1981,280,,,0,100,,1972,280,,,0
1701,'TM-H26-TM_GTFS-Fête-2-02',510,,1986,280,,,0,100,,1995,280,,,0,94,,1987,280,,,0,106,,1996,280,,,0,100,,1988,280,,,0,100,,1997,280,,,0,100,,1989,280,,,0,100,,1998,280,,,0,100,,1990,280,,,0,100,,1999,280,,,0,100,,1991,280,,,0,100,,2000,280,,,0,104,,1992,280,,,0,100,,1983,280,,,0,95,,1993,280,,,0,100,,1984,280,,,0,100,,1994,280,,,0,100,,1985,280,,,0,100,,2001,280,,,0,100,,2002,280,,,0
1701,'TM-H26-TM_GTFS-Semaine-02',510,,2006,280,,,0,100,,2015,280,,,0,94,,2007,280,,,0,106,,2016,280,,,0,100,,2008,280,,,0,100,,2017,280,,,0,100,,2009,280,,,0,100,,2018,280,,,0,100,,2010,280,,,0,100,,2019,280,,,0,100,,2011,280,,,0,100,,2020,280,,,0,104,,2012,280,,,0,100,,2003,280,,,0,95,,2013,280,,,0,100,,2004,280,,,0,100,,2014,280,,,0,100,,2005,280,,,0,100,,2021,280,,,0,100,,2022,280,,,0
1701,'TM-H26-TM_GTFS-Week-end-02',612,,2041,280,,,0,100,,2032,280,,,0,100,,2023,280,,,0,100,,2033,280,,,0,100,,2024,280,,,0,100,,2034,280,,,0,100,,2025,280,,,0,100,,2035,280,,,0,100,,2026,280,,,0,100,,2036,280,,,0,100,,2027,280,,,0,100,,2037,280,,,0,100,,2028,280,,,0,100,,2038,280,,,0,100,,2029,280,,,0,100,,2039,280,,,0,100,,2030,280,,,0,100,,2040,280,,,0,100,,2031,280,,,0
41700,'TM-H26-TM_GTFS-Fête-2-02',540,,2957,40,,,0,73,,2959,40,,,0,40,,2956,40,,,0,99,,2958,40,,,0
41700,'TM-H26-TM_GTFS-Semaine-02',540,,2961,40,,,0,73,,2963,40,,,0,40,,2960,40,,,0,99,,2962,40,,,0
2000001501,'TM-H26-TM_GTFS-Fête-2-02',703,,3227,60,,,0,110,,3228,60,,,0,90,,3229,60,,,0,315,,3230,60,,,0
2000001501,'TM-H26-TM_GTFS-Semaine-02',703,,3231,60,,,0,110,,3232,60,,,0,90,,3233,60,,,0,315,,3234,60,,,0
2000041700,'TM-H26-TM_GTFS-Fête-2-02',1257,,3329,40,,,0
2000041700,'TM-H26-TM_GTFS-Semaine-02',1257,,3330,40,,,0
