200,'TM-H26-TM_GTFS-Semaine-02',555,,1295,70,,,0,70,,1289,70,,,0,30,,1296,70,,,0,71,,1290,70,,,0,30,,1297,70,,,0,70,,1291,70,,,0,130,,1285,70,,,0,200,,1286,70,,,0,200,,1287,70,0,8 7,0,100,,1284,70,,,0,100,,1293,70,,,0,70,,1292,70,,,0,30,,1294,70,,,0,70,,1288,70,,,0,100,,1277,70,,,0,130,,1283,70,,,0,99,,1280,70,,,0,100,,1279,70,,,0,100,,1281,70,,,0,200,,1282,70,0,12,0
200,'TM-H26-TM_GTFS-Week-end-02',655,,1298,70,,,0,201,,1299,70,,,0,200,,1300,70,,,0,200,,1301,70,,,0,200,,1302,70,,,0,199,,1303,70,,,0,200,,1304,70,,,0,200,,1305,70,,,0,200,,1306,70,,,0,200,,1307,70,0,12,0
400,'TM-H26-TM_GTFS-Semaine-02',1637,,1375,70,,,0,93,,1371,70,,,0,100,,1372,70,,,0,295,,1373,70,,,0,275,,1374,70,,,0
401,'TM-H26-TM_GTFS-Semaine-02',546,,1382,150,,,0,100,,1384,150,,,0,100,,1383,150,,,0,101,,1381,150,,,0,1074,,1385,150,,,0
800,'TM-H26-TM_GTFS-Semaine-02',626,,1443,600,,,0,102,,1438,600,,,0,100,,1434,600,,,0,99,,1435,600,,,0,100,,1441,600,,,0,100,,1442,600,,,0,100,,1432,600,,,0,100,,1433,600,,,0,100,,1439,600,,,0,102,,1444,600,,,0,100,,1440,600,,,0,100,,1436,600,,,0,97,,1437,600,,,0,100,,1445,600,,,0,100,,1446,600,,,0,100,,1447,600,,,0,100,,1448,600,,,0,100,,1449,600,,,0,99,,1450,600,,,0
800,'TM-H26-TM_GTFS-Week-end-02',626,,1452,300,,,0,99,,1453,600,,,0,100,,1454,600,,,0,100,,1455,600,,,0,101,,1456,600,,,0,100,,1457,600,,,0,100,,1458,600,,,0,100,,1459,600,,,0,100,,1460,600,,,0,100,,1461,600,,,0,100,,1462,600,,,0,100,,1463,600,,,0,99,,1464,600,,,0,100,,1465,600,,,0,100,,1466,600,,,0,100,,1467,600,,,0,100,,1468,600,,,0,100,,1469,600,,,0,100,,1470,600,,,0
1100,'TM-H26-TM_GTFS-Semaine-02',525,,1561,70,,,0,30,,1583,70,,,0,70,,1572,70,,,0,30,,1568,70,,,0,70,,1562,70,,,0,30,,1584,70,,,0,70,,1573,70,,,0,30,,1576,70,,,0,100,,1580,70,,,0,100,,1577,70,,,0,100,,1581,70,,,0,100,,1578,70,,,0,101,,1582,70,,,0,100,,1589,70,,,0,70,,1569,70,,,0,30,,1571,70,,,0,70,,1574,70,,,0,30,,1563,70,,,0,70,,1570,70,,,0,30,,1585,70,,,0,70,,1575,70,,,0,30,,1564,70,,,0,69,,1579,70,,,0,30,,1586,70,,,0,100,,1565,70,,,0,100,,1587,70,,,0,100,,1566,70,,,0,100,,1588,70,,,0,100,,1567,70,,,0
1100,'TM-H26-TM_GTFS-Week-end-02',555,,1590,70,,,0,100,,1600,70,,,0,100,,1591,70,,,0,100,,1592,70,,,0,100,,1601,70,,,0,101,,1593,70,,,0,100,,1602,70,,,0,100,,1594,70,,,0,100,,1603,70,,,0,100,,1595,70,,,0,100,,1604,70,,,0,100,,1596,70,,,0,100,,1605,70,,,0,100,,1597,70,,,0,100,,1606,70,,,0,100,,1598,70,,,0,100,,1607,70,,,0,100,,1599,70,,,0,100,,1608,70,,,0,100,,1609,70,,,0
2000,'TM-H26-TM_GTFS-Semaine-02',556,,2477,70,,,0,70,,2472,70,,,0,30,,2478,70,,,0,70,,2496,70,,,0,30,,2479,70,,,0,70,,2494,70,,,0,30,,2480,70,,,0,100,,2481,70,,,0,100,,2482,70,,,0,100,,2483,70,,,0,100,,2487,70,,,0,100,,2471,70,,,0,100,,2486,70,,,0,100,,2473,70,,,0,70,,2475,70,,,0,30,,2474,70,,,0,70,,2493,70,,,0,30,,2484,70,,,0,70,,2495,70,,,0,30,,2476,70,,,0,100,,2485,70,,,0,100,,2488,70,,,0,100,,2489,70,,,0,99,,2490,70,,,0,100,,2491,70,,,0,100,,2492,70,,,0
2000,'TM-H26-TM_GTFS-Week-end-02',655,,2506,70,,,0,100,,2507,70,,,0,101,,2508,70,,,0,100,,2497,70,,,0,100,,2498,70,,,0,100,,2499,70,,,0,100,,2500,70,,,0,100,,2501,70,,,0,100,,2502,70,,,0,100,,2503,70,,,0,100,,2504,70,,,0,100,,2505,70,,,0,100,,2509,70,,,0,100,,2510,70,,,0,100,,2511,70,,,0,100,,2512,70,,,0,99,,2513,70,,,0,100,,2514,70,,,0,100,,2515,70,,,0
2100,'TM-H26-TM_GTFS-Semaine-02',655,,2610,70,0,5,0,100,,2612,70,0,5,0,100,,2613,70,0,5,0
2101,'TM-H26-TM_GTFS-Semaine-02',1556,,2619,70,0,5,0,100,,2618,70,0,5,0,100,,2617,70,0,5,0
2700,'TM-H26-TM_GTFS-Semaine-02',719,,2726,70,,,0,100,,2721,70,,,0,706,,2724,70,,,0,100,,2725,70,,,0,100,,2723,70,,,0,100,,2722,70,,,0,100,,2727,70,,,0
