2000001200,'TM-H26-TM_GTFS-Fête-2-01',1210,,2046,,,0,390,,2047,,,0,215,,2048,,,0
2000001200,'TM-H26-TM_GTFS-Semaine-01',1210,,2049,,,0,390,,2050,,,0,215,,2051,,,0
2000001201,'TM-H26-TM_GTFS-Fête-2-01',830,,2052,4,,0,100,,2053,4,,0,315,,2054,4,,0
2000001201,'TM-H26-TM_GTFS-Semaine-01',830,,2055,4,,0,100,,2056,4,,0,315,,2057,4,,0
2000001300,'TM-H26-TM_GTFS-Fête-2-01',1215,,2061,,,0,400,,2058,,,0,100,,2062,,,0,30,,2059,,,0,70,,2060,,,0
2000001300,'TM-H26-TM_GTFS-Semaine-01',1215,,2066,,,0,400,,2063,,,0,100,,2067,,,0,30,,2064,,,0,70,,2065,,,0
2000001301,'TM-H26-TM_GTFS-Fête-2-01',735,,2068,4,,0,100,,2069,4,,0,100,,2070,4,,0,200,,2071,4,,0
2000001301,'TM-H26-TM_GTFS-Semaine-01',735,,2072,4,,0,100,,2073,4,,0,100,,2074,4,,0,200,,2075,4,,0
2000001500,'TM-H26-TM_GTFS-Fête-2-01',1215,,2076,,,0,400,,2077,,,0,100,,2078,,,0,100,,2079,,,0
2000001500,'TM-H26-TM_GTFS-Semaine-01',1215,,2080,,,0,400,,2081,,,0,100,,2082,,,0,100,,2083,,,0
2000001501,'TM-H26-TM_GTFS-Fête-2-01',730,,2084,4,,0,110,,2085,4,,0,90,,2086,4,,0,315,,2087,4,,0
2000001501,'TM-H26-TM_GTFS-Semaine-01',730,,2088,4,,0,110,,2089,4,,0,90,,2090,4,,0,315,,2091,4,,0
