1401,'TM-H26-TM_GTFS-Fête-1-01',756,,1801,80,,,0,103,,1798,80,,,0,141,,1812,80,,,0,100,,1808,80,,,0,100,,1806,80,,,0,100,,1809,80,,,0,101,,1807,80,,,0,99,,1810,80,,,0,100,,1813,80,,,0,100,,1811,80,,,0,100,,1796,80,,,0,59,,1799,80,,,0,100,,1797,80,,,0,100,,1802,80,,,0,97,,1805,80,,,0,103,,1803,80,,,0,99,,1800,80,,,0,100,,1804,80,,,0
1401,'TM-H26-TM_GTFS-Fête-2-02',629,,1821,80,,,0,30,,1829,80,,,0,70,,1840,80,,,0,30,,1822,80,,,0,70,,1830,80,,,0,30,,1820,80,,,0,70,,1823,80,,,0,30,,1831,80,,,0,70,,1824,80,,,0,100,,1833,80,,,0,101,,1835,80,,,0,100,,1834,80,,,0,101,,1814,80,,,0,101,,1819,80,,,0,100,,1815,80,,,0,70,,1836,80,,,0,30,,1825,80,,,0,70,,1816,80,,,0,29,,1837,80,,,0,70,,1826,80,,,0,29,,1817,80,,,0,100,,1838,80,,,0,100,,1818,80,,,0,99,,1827,80,,,0,99,,1832,80,,,0,100,,1828,80,,,0,100,,1839,80,,,0
1401,'TM-H26-TM_GTFS-Semaine-02',629,,1848,80,,,0,30,,1856,80,,,0,70,,1867,80,,,0,30,,1849,80,,,0,70,,1857,80,,,0,30,,1847,80,,,0,70,,1850,80,,,0,30,,1858,80,,,0,70,,1851,80,,,0,100,,1860,80,,,0,101,,1862,80,,,0,100,,1861,80,,,0,101,,1841,80,,,0,101,,1846,80,,,0,100,,1842,80,,,0,70,,1863,80,,,0,30,,1852,80,,,0,70,,1843,80,,,0,29,,1864,80,,,0,70,,1853,80,,,0,29,,1844,80,,,0,100,,1865,80,,,0,100,,1845,80,,,0,99,,1854,80,,,0,99,,1859,80,,,0,100,,1855,80,,,0,100,,1866,80,,,0
1401,'TM-H26-TM_GTFS-Week-end-02',756,,1873,80,,,0,103,,1870,80,,,0,141,,1884,80,,,0,100,,1880,80,,,0,100,,1878,80,,,0,100,,1881,80,,,0,101,,1879,80,,,0,99,,1882,80,,,0,100,,1885,80,,,0,100,,1883,80,,,0,100,,1868,80,,,0,59,,1871,80,,,0,100,,1869,80,,,0,100,,1874,80,,,0,97,,1877,80,,,0,103,,1875,80,,,0,99,,1872,80,,,0,100,,1876,80,,,0
1700,'TM-H26-TM_GTFS-Fête-1-01',658,,1886,80,,,0,100,,1896,80,,,0,100,,1887,80,,,0,101,,1897,80,,,0,100,,1888,80,,,0,141,,1898,80,,,0,100,,1889,80,,,0,100,,1899,80,,,0,100,,1890,80,,,0,100,,1900,80,,,0,100,,1891,80,,,0,100,,1901,80,,,0,59,,1892,80,,,0,100,,1902,80,,,0,100,,1893,80,,,0,100,,1903,80,,,0,99,,1894,80,,,0,100,,1904,80,,,0,100,,1895,80,,,0
1700,'TM-H26-TM_GTFS-Fête-2-02',558,,1909,80,,,0,101,,1917,80,,,0,100,,1910,80,,,0,100,,1918,80,,,0,141,,1911,80,,,0,100,,1905,80,,,0,100,,1912,80,,,0,100,,1919,80,,,0,101,,1913,80,,,0,100,,1920,80,,,0,101,,1914,80,,,0,100,,1906,80,,,0,99,,1915,80,,,0,99,,1907,80,,,0,59,,1916,80,,,0,100,,1908,80,,,0,100,,1922,80,,,0,99,,1924,80,,,0,100,,1923,80,,,0,99,,1921,80,,,0
1700,'TM-H26-TM_GTFS-Semaine-02',558,,1929,80,,,0,101,,1937,80,,,0,100,,1930,80,,,0,100,,1938,80,,,0,141,,1931,80,,,0,100,,1925,80,,,0,100,,1932,80,,,0,100,,1939,80,,,0,101,,1933,80,,,0,100,,1940,80,,,0,101,,1934,80,,,0,100,,1926,80,,,0,99,,1935,80,,,0,99,,1927,80,,,0,59,,1936,80,,,0,100,,1928,80,,,0,100,,1942,80,,,0,99,,1944,80,,,0,100,,1943,80,,,0,99,,1941,80,,,0
1700,'TM-H26-TM_GTFS-Week-end-02',658,,1945,80,,,0,100,,1955,80,,,0,100,,1946,80,,,0,101,,1956,80,,,0,100,,1947,80,,,0,141,,1957,80,,,0,100,,1948,80,,,0,100,,1958,80,,,0,100,,1949,80,,,0,100,,1959,80,,,0,100,,1950,80,,,0,100,,1960,80,,,0,59,,1951,80,,,0,100,,1961,80,,,0,100,,1952,80,,,0,100,,1962,80,,,0,99,,1953,80,,,0,100,,1963,80,,,0,100,,1954,80,,,0
1801,'TM-H26-TM_GTFS-Fête-2-02',603,,2088,170,0,21 5,0,100,,2089,170,0,21 5,0,53,,2097,170,0,21 5,0,147,,2090,170,0,21 5,0,200,,2091,170,0,21 5,0,200,,2092,170,0,21 5,0,200,,2093,170,0,21 5,0,102,,2087,170,0,21 5,0,100,,2095,170,0,21 5,0,99,,2094,170,0,21 5,0,199,,2086,170,0,21 5,0,200,,2096,170,0,21 5,0
1801,'TM-H26-TM_GTFS-Semaine-02',603,,2101,170,0,21 5,0,100,,2102,170,0,21 5,0,53,,2110,170,0,21 5,0,147,,2103,170,0,21 5,0,200,,2104,170,0,21 5,0,200,,2105,170,0,21 5,0,200,,2106,170,0,21 5,0,102,,2100,170,0,21 5,0,100,,2108,170,0,21 5,0,99,,2107,170,0,21 5,0,199,,2099,170,0,21 5,0,200,,2109,170,0,21 5,0
2300,'TM-H26-TM_GTFS-Fête-2-02',558,,2629,80,,,0,101,,2630,80,,,0,100,,2632,80,,,0,100,,2635,80,,,0,300,,2634,80,,,0,200,,2633,80,,,0,382,,2631,80,,,0
2300,'TM-H26-TM_GTFS-Semaine-02',558,,2636,80,,,0,101,,2637,80,,,0,100,,2639,80,,,0,100,,2642,80,,,0,300,,2641,80,,,0,200,,2640,80,,,0,382,,2638,80,,,0
