1400,'TM-H26-TM_GTFS-Fête-1-01',630,,1700,180,,,0,100,,1705,180,,,0,99,,1703,180,,,0,98,,1717,180,,,0,99,,1712,180,,,0,100,,1710,180,,,0,100,,1713,180,,,0,100,,1711,180,,,0,100,,1714,180,,,0,102,,1718,180,,,0,100,,1715,180,,,0,100,,1719,180,,,0,100,,1716,180,,,0,100,,1702,180,,,0,100,,1706,180,,,0,100,,1709,180,,,0,101,,1707,180,,,0,102,,1704,180,,,0,100,,1708,180,,,0,100,,1701,180,,,0
1400,'TM-H26-TM_GTFS-Fête-2-02',518,,1735,180,,,0,31,,1728,180,,,0,70,,1736,180,,,0,30,,1741,180,,,0,67,,1729,180,,,0,31,,1737,180,,,0,70,,1727,180,,,0,34,,1730,180,,,0,70,,1738,180,,,0,32,,1731,180,,,0,100,,1742,180,,,0,100,,1744,180,,,0,100,,1743,180,,,0,100,,1720,180,,,0,100,,1725,180,,,0,100,,1721,180,,,0,70,,1739,180,,,0,30,,1726,180,,,0,70,,1722,180,,,0,30,,1745,180,,,0,72,,1732,180,,,0,30,,1723,180,,,0,102,,1746,180,,,0,101,,1724,180,,,0,100,,1733,180,,,0,142,,1740,180,,,0,101,,1734,180,,,0,99,,1747,180,,,0
1400,'TM-H26-TM_GTFS-Semaine-02',518,,1763,180,,,0,31,,1756,180,,,0,70,,1764,180,,,0,30,,1769,180,,,0,67,,1757,180,,,0,31,,1765,180,,,0,70,,1755,180,,,0,34,,1758,180,,,0,70,,1766,180,,,0,32,,1759,180,,,0,100,,1770,180,,,0,100,,1772,180,,,0,100,,1771,180,,,0,100,,1748,180,,,0,100,,1753,180,,,0,100,,1749,180,,,0,70,,1767,180,,,0,30,,1754,180,,,0,70,,1750,180,,,0,30,,1773,180,,,0,72,,1760,180,,,0,30,,1751,180,,,0,102,,1774,180,,,0,101,,1752,180,,,0,100,,1761,180,,,0,142,,1768,180,,,0,101,,1762,180,,,0,99,,1775,180,,,0
1400,'TM-H26-TM_GTFS-Week-end-02',630,,1776,180,,,0,100,,1781,180,,,0,99,,1779,180,,,0,98,,1793,180,,,0,99,,1788,180,,,0,100,,1786,180,,,0,100,,1789,180,,,0,100,,1787,180,,,0,100,,1790,180,,,0,102,,1794,180,,,0,100,,1791,180,,,0,100,,1795,180,,,0,100,,1792,180,,,0,100,,1778,180,,,0,100,,1782,180,,,0,100,,1785,180,,,0,101,,1783,180,,,0,102,,1780,180,,,0,100,,1784,180,,,0,100,,1777,180,,,0
41701,'TM-H26-TM_GTFS-Fête-2-02',1739,,2964,290,,,0,87,,2966,290,,,0,76,,2967,290,,,0,38,,2965,290,,,0
41701,'TM-H26-TM_GTFS-Semaine-02',1739,,2968,290,,,0,87,,2970,290,,,0,76,,2971,290,,,0,38,,2969,290,,,0
2000001501,'TM-H26-TM_GTFS-Fête-2-02',712,,3227,200,,,0,110,,3228,200,,,0,90,,3229,200,,,0,315,,3230,200,,,0
2000001501,'TM-H26-TM_GTFS-Semaine-02',712,,3231,200,,,0,110,,3232,200,,,0,90,,3233,200,,,0,315,,3234,200,,,0
2000041701,'TM-H26-TM_GTFS-Fête-2-02',1345,,3331,290,,,0
2000041701,'TM-H26-TM_GTFS-Semaine-02',1345,,3332,290,,,0
