1100,'TM-H26-TM_GTFS-Fête-1-01',628,,369,,,0,100,,379,,,0,101,,370,,,0,101,,371,,,0,100,,380,,,0,101,,372,,,0,100,,381,,,0,100,,373,,,0,100,,382,,,0,100,,374,,,0,100,,383,,,0,100,,375,,,0,99,,384,,,0,100,,376,,,0,100,,385,,,0,98,,377,,,0,100,,386,,,0,100,,378,,,0,100,,387,,,0,100,,388,,,0
1100,'TM-H26-TM_GTFS-Fête-2-01',558,,389,,,0,70,,411,,,0,30,,400,,,0,70,,396,,,0,30,,390,,,0,70,,412,,,0,30,,401,,,0,71,,404,,,0,101,,408,,,0,100,,405,,,0,100,,409,,,0,100,,406,,,0,101,,410,,,0,100,,417,,,0,70,,397,,,0,31,,399,,,0,69,,402,,,0,30,,391,,,0,70,,398,,,0,30,,413,,,0,70,,403,,,0,29,,392,,,0,28,,407,,,0,70,,414,,,0,100,,393,,,0,100,,415,,,0,100,,394,,,0,100,,416,,,0,100,,395,,,0
1100,'TM-H26-TM_GTFS-Semaine-01',558,,418,,,0,70,,440,,,0,30,,429,,,0,70,,425,,,0,30,,419,,,0,70,,441,,,0,30,,430,,,0,71,,433,,,0,101,,437,,,0,100,,434,,,0,100,,438,,,0,100,,435,,,0,101,,439,,,0,100,,446,,,0,70,,426,,,0,31,,428,,,0,69,,431,,,0,30,,420,,,0,70,,427,,,0,30,,442,,,0,70,,432,,,0,29,,421,,,0,28,,436,,,0,70,,443,,,0,100,,422,,,0,100,,444,,,0,100,,423,,,0,100,,445,,,0,100,,424,,,0
1100,'TM-H26-TM_GTFS-Week-end-01',628,,447,,,0,100,,457,,,0,101,,448,,,0,101,,449,,,0,100,,458,,,0,101,,450,,,0,100,,459,,,0,100,,451,,,0,100,,460,,,0,100,,452,,,0,100,,461,,,0,100,,453,,,0,99,,462,,,0,100,,454,,,0,100,,463,,,0,98,,455,,,0,100,,464,,,0,100,,456,,,0,100,,465,,,0,100,,466,,,0
1101,'TM-H26-TM_GTFS-Fête-1-01',603,,477,,,0,100,,467,,,0,100,,478,,,0,101,,468,,,0,100,,469,,,0,100,,479,,,0,100,,470,,,0,100,,480,,,0,100,,471,,,0,100,,481,,,0,100,,472,,,0,100,,482,,,0,100,,473,,,0,100,,483,,,0,100,,474,,,0,99,,484,,,0,100,,475,,,0,100,,485,,,0,100,,476,,,0
1101,'TM-H26-TM_GTFS-Fête-2-01',602,,491,,,0,30,,486,,,0,70,,506,,,0,30,,496,,,0,70,,499,,,0,100,,507,,,0,57,,500,,,0,142,,503,,,0,100,,501,,,0,100,,504,,,0,100,,502,,,0,57,,505,,,0,70,,497,,,0,73,,511,,,0,30,,492,,,0,72,,494,,,0,29,,498,,,0,70,,487,,,0,29,,493,,,0,72,,508,,,0,103,,488,,,0,99,,509,,,0,101,,489,,,0,99,,510,,,0,101,,490,,,0
1101,'TM-H26-TM_GTFS-Semaine-01',602,,517,,,0,30,,512,,,0,70,,532,,,0,30,,522,,,0,70,,525,,,0,100,,533,,,0,57,,526,,,0,142,,529,,,0,100,,527,,,0,100,,530,,,0,100,,528,,,0,57,,531,,,0,70,,523,,,0,73,,537,,,0,30,,518,,,0,72,,520,,,0,29,,524,,,0,70,,513,,,0,29,,519,,,0,72,,534,,,0,103,,514,,,0,99,,535,,,0,101,,515,,,0,99,,536,,,0,101,,516,,,0
1101,'TM-H26-TM_GTFS-Week-end-01',603,,548,,,0,100,,538,,,0,100,,549,,,0,101,,539,,,0,100,,540,,,0,100,,550,,,0,100,,541,,,0,100,,551,,,0,100,,542,,,0,100,,552,,,0,100,,543,,,0,100,,553,,,0,100,,544,,,0,100,,554,,,0,100,,545,,,0,99,,555,,,0,100,,546,,,0,100,,556,,,0,100,,547,,,0
4000,'TM-H26-TM_GTFS-Fête-1-01',726,,1741,,,0,397,,1742,,,0,500,,1743,,,0
4000,'TM-H26-TM_GTFS-Week-end-01',726,,1744,,,0,397,,1745,,,0,500,,1746,,,0
4001,'TM-H26-TM_GTFS-Fête-1-01',812,,1747,,,0,402,,1748,,,0,498,,1749,,,0
4001,'TM-H26-TM_GTFS-Week-end-01',812,,1750,,,0,402,,1751,,,0,498,,1752,,,0
