300,'TM-H26-TM_GTFS-Semaine-02',538,,1338,500,,,0,98,,1339,620,,,0,70,,1355,620,,,0,31,,1349,620,,,0,70,,1354,620,,,0,32,,1348,620,,,0,100,,1343,620,,,0,200,,1344,620,,,0,200,,1345,620,,,0,171,,1347,620,,,0,105,,1346,620,,,0,99,,1352,620,,,0,28,,1351,620,,,0,66,,1353,620,,,0,30,,1350,620,,,0,95,,1337,620,,,0,168,,1340,620,,,0,100,,1341,620,,,0,227,,1342,620,,,0
300,'TM-H26-TM_GTFS-Week-end-02',631,,1356,510,,,0,201,,1357,630,,,0,207,,1358,630,,,0,200,,1359,630,,,0,200,,1360,630,,,0,196,,1361,630,,,0,197,,1362,630,,,0,199,,1363,630,,,0,200,,1364,630,,,0,198,,1365,630,,,0
400,'TM-H26-TM_GTFS-Semaine-02',1659,,1375,400,,,0,90,,1371,400,,,0,100,,1372,400,,,0,294,,1373,400,,,0,275,,1374,400,,,0
401,'TM-H26-TM_GTFS-Semaine-02',606,,1382,470,,,0,100,,1384,470,,,0,100,,1383,470,,,0,101,,1381,470,,,0,1031,,1385,470,,,0
800,'TM-H26-TM_GTFS-Semaine-02',602,,1443,200,,,0,102,,1438,200,,,0,100,,1434,200,,,0,100,,1435,200,,,0,100,,1441,200,,,0,100,,1442,200,,,0,100,,1432,200,,,0,100,,1433,200,,,0,100,,1439,200,,,0,100,,1444,200,,,0,100,,1440,200,,,0,100,,1436,200,,,0,99,,1437,200,,,0,100,,1445,200,,,0,100,,1446,200,,,0,100,,1447,200,,,0,100,,1448,200,,,0,100,,1449,200,,,0,100,,1450,200,,,0,98,,1451,200,0,16,0
800,'TM-H26-TM_GTFS-Week-end-02',702,,1453,200,,,0,100,,1454,200,,,0,100,,1455,200,,,0,101,,1456,200,,,0,100,,1457,200,,,0,100,,1458,200,,,0,100,,1459,200,,,0,100,,1460,200,,,0,100,,1461,200,,,0,100,,1462,200,,,0,100,,1463,200,,,0,99,,1464,200,,,0,100,,1465,200,,,0,100,,1466,200,,,0,100,,1467,200,,,0,100,,1468,200,,,0,100,,1469,200,,,0,100,,1470,200,,,0,99,,1471,200,0,16,0
1101,'TM-H26-TM_GTFS-Semaine-02',606,,1664,530,,,0,30,,1660,640,,,0,70,,1655,640,,,0,30,,1675,640,,,0,70,,1665,640,,,0,30,,1668,640,,,0,100,,1676,640,,,0,100,,1669,640,,,0,102,,1672,640,,,0,100,,1670,640,,,0,100,,1673,640,,,0,100,,1671,640,,,0,97,,1674,640,,,0,70,,1666,640,,,0,32,,1680,640,,,0,70,,1661,640,,,0,32,,1663,640,,,0,69,,1667,640,,,0,29,,1656,640,,,0,69,,1662,640,,,0,30,,1677,640,,,0,103,,1657,640,,,0,99,,1678,640,,,0,100,,1658,640,,,0,99,,1679,640,,,0,101,,1659,640,,,0
1101,'TM-H26-TM_GTFS-Week-end-02',637,,1691,640,,,0,100,,1681,640,,,0,100,,1692,640,,,0,101,,1682,640,,,0,101,,1683,640,,,0,100,,1693,640,,,0,100,,1684,640,,,0,100,,1694,640,,,0,100,,1685,640,,,0,100,,1695,640,,,0,100,,1686,640,,,0,100,,1696,640,,,0,99,,1687,640,,,0,98,,1697,640,,,0,100,,1688,640,,,0,99,,1698,640,,,0,100,,1689,640,,,0,100,,1699,640,,,0,100,,1690,640,,,0
2001,'TM-H26-TM_GTFS-Semaine-02',537,,2565,270,,,0,100,,2566,270,,,0,70,,2562,270,,,0,30,,2567,270,,,0,72,,2586,270,,,0,30,,2568,270,,,0,70,,2584,270,,,0,30,,2569,270,,,0,100,,2570,270,,,0,101,,2561,270,,,0,100,,2571,270,,,0,100,,2578,270,,,0,100,,2579,270,,,0,99,,2580,270,,,0,100,,2581,270,,,0,64,,2582,270,,,0,30,,2563,270,,,0,70,,2583,270,,,0,30,,2572,270,,,0,71,,2585,270,,,0,29,,2564,270,,,0,105,,2573,270,,,0,99,,2574,270,,,0,97,,2575,270,,,0,100,,2576,270,,,0,100,,2577,270,,,0
2001,'TM-H26-TM_GTFS-Week-end-02',635,,2593,270,,,0,101,,2594,270,,,0,101,,2595,270,,,0,100,,2596,270,,,0,101,,2587,270,,,0,101,,2588,270,,,0,100,,2597,270,,,0,101,,2598,270,,,0,100,,2599,270,,,0,99,,2589,270,,,0,100,,2590,270,,,0,99,,2591,270,,,0,99,,2592,270,,,0,100,,2600,270,,,0,100,,2601,270,,,0,100,,2602,270,,,0,99,,2603,270,,,0,100,,2604,270,,,0,100,,2605,270,,,0
2100,'TM-H26-TM_GTFS-Semaine-02',637,,2611,360,0,5,0,94,,2610,580,0,5,0,100,,2612,580,0,5,0,100,,2613,580,0,5,0
2101,'TM-H26-TM_GTFS-Semaine-02',1639,,2619,580,0,5,0,99,,2618,580,0,5,0,100,,2617,580,0,5,0
2701,'TM-H26-TM_GTFS-Semaine-02',602,,2728,230,,,0,98,,2731,230,,,0,100,,2732,230,,,0,100,,2733,320,,,0,730,,2729,320,,,0,103,,2730,320,,,0,100,,2734,320,,,0
