300,'TM-H26-TM_GTFS-Fête-1-01',757,,1309,60,,,0,201,,1310,60,,,0,200,,1311,60,,,0,200,,1312,60,,,0,200,,1313,60,,,0,199,,1314,60,,,0,200,,1315,60,,,0,200,,1316,60,,,0,199,,1317,60,,,0
300,'TM-H26-TM_GTFS-Fête-2-02',558,,1320,60,,,0,70,,1336,60,,,0,30,,1330,60,,,0,70,,1335,60,,,0,31,,1329,60,,,0,100,,1324,60,,,0,241,,1325,60,,,0,200,,1326,60,,,0,130,,1328,60,,,0,105,,1327,60,,,0,96,,1333,60,,,0,69,,1332,60,,,0,30,,1334,60,,,0,70,,1331,60,,,0,58,,1318,60,,,0,169,,1321,60,,,0,100,,1322,60,,,0,230,,1323,60,,,0
300,'TM-H26-TM_GTFS-Semaine-02',558,,1339,60,,,0,70,,1355,60,,,0,30,,1349,60,,,0,70,,1354,60,,,0,31,,1348,60,,,0,100,,1343,60,,,0,241,,1344,60,,,0,200,,1345,60,,,0,130,,1347,60,,,0,105,,1346,60,,,0,96,,1352,60,,,0,69,,1351,60,,,0,30,,1353,60,,,0,70,,1350,60,,,0,58,,1337,60,,,0,169,,1340,60,,,0,100,,1341,60,,,0,230,,1342,60,,,0
300,'TM-H26-TM_GTFS-Week-end-02',757,,1357,60,,,0,201,,1358,60,,,0,200,,1359,60,,,0,200,,1360,60,,,0,200,,1361,60,,,0,199,,1362,60,,,0,200,,1363,60,,,0,200,,1364,60,,,0,199,,1365,60,,,0
1401,'TM-H26-TM_GTFS-Fête-1-01',755,,1801,60,,,0,103,,1798,60,,,0,101,,1812,60,,,0,100,,1808,60,,,0,100,,1806,60,,,0,100,,1809,60,,,0,141,,1807,60,,,0,59,,1810,60,,,0,100,,1813,60,,,0,100,,1811,60,,,0,100,,1796,60,,,0,99,,1799,60,,,0,100,,1797,60,,,0,100,,1802,60,,,0,97,,1805,60,,,0,103,,1803,60,,,0,99,,1800,60,,,0,100,,1804,60,,,0
1401,'TM-H26-TM_GTFS-Fête-2-02',628,,1821,60,,,0,30,,1829,60,,,0,70,,1840,60,,,0,30,,1822,60,,,0,70,,1830,60,,,0,30,,1820,60,,,0,70,,1823,60,,,0,30,,1831,60,,,0,70,,1824,60,,,0,100,,1833,60,,,0,101,,1835,60,,,0,100,,1834,60,,,0,101,,1814,60,,,0,100,,1819,60,,,0,100,,1815,60,,,0,70,,1836,60,,,0,30,,1825,60,,,0,70,,1816,60,,,0,29,,1837,60,,,0,30,,1826,60,,,0,69,,1817,60,,,0,100,,1838,60,,,0,100,,1818,60,,,0,100,,1827,60,,,0,99,,1832,60,,,0,100,,1828,60,,,0,100,,1839,60,,,0
1401,'TM-H26-TM_GTFS-Semaine-02',628,,1848,60,,,0,30,,1856,60,,,0,70,,1867,60,,,0,30,,1849,60,,,0,70,,1857,60,,,0,30,,1847,60,,,0,70,,1850,60,,,0,30,,1858,60,,,0,70,,1851,60,,,0,100,,1860,60,,,0,101,,1862,60,,,0,100,,1861,60,,,0,101,,1841,60,,,0,100,,1846,60,,,0,100,,1842,60,,,0,70,,1863,60,,,0,30,,1852,60,,,0,70,,1843,60,,,0,29,,1864,60,,,0,30,,1853,60,,,0,69,,1844,60,,,0,100,,1865,60,,,0,100,,1845,60,,,0,100,,1854,60,,,0,99,,1859,60,,,0,100,,1855,60,,,0,100,,1866,60,,,0
1401,'TM-H26-TM_GTFS-Week-end-02',755,,1873,60,,,0,103,,1870,60,,,0,101,,1884,60,,,0,100,,1880,60,,,0,100,,1878,60,,,0,100,,1881,60,,,0,141,,1879,60,,,0,59,,1882,60,,,0,100,,1885,60,,,0,100,,1883,60,,,0,100,,1868,60,,,0,99,,1871,60,,,0,100,,1869,60,,,0,100,,1874,60,,,0,97,,1877,60,,,0,103,,1875,60,,,0,99,,1872,60,,,0,100,,1876,60,,,0
1700,'TM-H26-TM_GTFS-Fête-1-01',657,,1886,60,,,0,100,,1896,60,,,0,100,,1887,60,,,0,101,,1897,60,,,0,100,,1888,60,,,0,101,,1898,60,,,0,100,,1889,60,,,0,100,,1899,60,,,0,100,,1890,60,,,0,100,,1900,60,,,0,100,,1891,60,,,0,100,,1901,60,,,0,99,,1892,60,,,0,100,,1902,60,,,0,100,,1893,60,,,0,100,,1903,60,,,0,99,,1894,60,,,0,100,,1904,60,,,0,100,,1895,60,,,0
1700,'TM-H26-TM_GTFS-Fête-2-02',557,,1909,60,,,0,101,,1917,60,,,0,100,,1910,60,,,0,100,,1918,60,,,0,100,,1911,60,,,0,100,,1905,60,,,0,100,,1912,60,,,0,100,,1919,60,,,0,101,,1913,60,,,0,100,,1920,60,,,0,141,,1914,60,,,0,100,,1906,60,,,0,59,,1915,60,,,0,100,,1907,60,,,0,99,,1916,60,,,0,100,,1908,60,,,0,100,,1922,60,,,0,99,,1924,60,,,0,100,,1923,60,,,0,100,,1921,60,,,0
1700,'TM-H26-TM_GTFS-Semaine-02',557,,1929,60,,,0,101,,1937,60,,,0,100,,1930,60,,,0,100,,1938,60,,,0,100,,1931,60,,,0,100,,1925,60,,,0,100,,1932,60,,,0,100,,1939,60,,,0,101,,1933,60,,,0,100,,1940,60,,,0,141,,1934,60,,,0,100,,1926,60,,,0,59,,1935,60,,,0,100,,1927,60,,,0,99,,1936,60,,,0,100,,1928,60,,,0,100,,1942,60,,,0,99,,1944,60,,,0,100,,1943,60,,,0,100,,1941,60,,,0
1700,'TM-H26-TM_GTFS-Week-end-02',657,,1945,60,,,0,100,,1955,60,,,0,100,,1946,60,,,0,101,,1956,60,,,0,100,,1947,60,,,0,101,,1957,60,,,0,100,,1948,60,,,0,100,,1958,60,,,0,100,,1949,60,,,0,100,,1959,60,,,0,100,,1950,60,,,0,100,,1960,60,,,0,99,,1951,60,,,0,100,,1961,60,,,0,100,,1952,60,,,0,100,,1962,60,,,0,99,,1953,60,,,0,100,,1963,60,,,0,100,,1954,60,,,0
1801,'TM-H26-TM_GTFS-Fête-2-02',602,,2088,150,0,5 1 6 7 5,0,100,,2089,150,0,5 1 6 7 5,0,53,,2097,150,0,5 1 6 7 5,0,147,,2090,150,0,5 1 6 7 5,0,200,,2091,150,0,5 1 6 7 5,0,200,,2092,150,0,5 1 6 7 5,0,200,,2093,150,0,5 1 6 7 5,0,101,,2087,150,0,5 1 6 7 5,0,100,,2095,150,0,5 1 6 7 5,0,100,,2094,150,0,5 1 6 7 5,0,199,,2086,150,0,5 1 6 7 5,0,200,,2096,150,0,5 1 6 7 5,0
1801,'TM-H26-TM_GTFS-Semaine-02',602,,2101,150,0,5 1 6 7 5,0,100,,2102,150,0,5 1 6 7 5,0,53,,2110,150,0,5 1 6 7 5,0,147,,2103,150,0,5 1 6 7 5,0,200,,2104,150,0,5 1 6 7 5,0,200,,2105,150,0,5 1 6 7 5,0,200,,2106,150,0,5 1 6 7 5,0,101,,2100,150,0,5 1 6 7 5,0,100,,2108,150,0,5 1 6 7 5,0,100,,2107,150,0,5 1 6 7 5,0,199,,2099,150,0,5 1 6 7 5,0,200,,2109,150,0,5 1 6 7 5,0
2300,'TM-H26-TM_GTFS-Fête-2-02',556,,2629,60,,,0,101,,2630,60,,,0,100,,2632,60,,,0,100,,2635,60,,,0,300,,2634,60,,,0,200,,2633,60,,,0,382,,2631,60,,,0
2300,'TM-H26-TM_GTFS-Semaine-02',556,,2636,60,,,0,101,,2637,60,,,0,100,,2639,60,,,0,100,,2642,60,,,0,300,,2641,60,,,0,200,,2640,60,,,0,382,,2638,60,,,0
