1100,'TM-H26-TM_GTFS-Fête-1-01',623,,1512,510,,,0,100,,1522,510,,,0,100,,1513,510,,,0,101,,1514,510,,,0,100,,1523,510,,,0,101,,1515,510,,,0,100,,1524,510,,,0,100,,1516,510,,,0,100,,1525,510,,,0,100,,1517,510,,,0,100,,1526,510,,,0,100,,1518,510,,,0,100,,1527,510,,,0,100,,1519,510,,,0,100,,1528,510,,,0,98,,1520,510,,,0,100,,1529,510,,,0,100,,1521,510,,,0,100,,1530,510,,,0,100,,1531,510,,,0
1100,'TM-H26-TM_GTFS-Fête-2-02',552,,1532,510,,,0,70,,1554,510,,,0,30,,1543,510,,,0,70,,1539,510,,,0,30,,1533,510,,,0,70,,1555,510,,,0,30,,1544,510,,,0,71,,1547,510,,,0,101,,1551,510,,,0,100,,1548,510,,,0,100,,1552,510,,,0,100,,1549,510,,,0,101,,1553,510,,,0,100,,1560,510,,,0,30,,1540,510,,,0,70,,1542,510,,,0,30,,1545,510,,,0,70,,1534,510,,,0,30,,1541,510,,,0,70,,1556,510,,,0,30,,1546,510,,,0,69,,1535,510,,,0,28,,1550,510,,,0,70,,1557,510,,,0,100,,1536,510,,,0,100,,1558,510,,,0,100,,1537,510,,,0,100,,1559,510,,,0,100,,1538,510,,,0
1100,'TM-H26-TM_GTFS-Semaine-02',552,,1561,510,,,0,70,,1583,510,,,0,30,,1572,510,,,0,70,,1568,510,,,0,30,,1562,510,,,0,70,,1584,510,,,0,30,,1573,510,,,0,71,,1576,510,,,0,101,,1580,510,,,0,100,,1577,510,,,0,100,,1581,510,,,0,100,,1578,510,,,0,101,,1582,510,,,0,100,,1589,510,,,0,30,,1569,510,,,0,70,,1571,510,,,0,30,,1574,510,,,0,70,,1563,510,,,0,30,,1570,510,,,0,70,,1585,510,,,0,30,,1575,510,,,0,69,,1564,510,,,0,28,,1579,510,,,0,70,,1586,510,,,0,100,,1565,510,,,0,100,,1587,510,,,0,100,,1566,510,,,0,100,,1588,510,,,0,100,,1567,510,,,0
1100,'TM-H26-TM_GTFS-Week-end-02',623,,1590,510,,,0,100,,1600,510,,,0,100,,1591,510,,,0,101,,1592,510,,,0,100,,1601,510,,,0,101,,1593,510,,,0,100,,1602,510,,,0,100,,1594,510,,,0,100,,1603,510,,,0,100,,1595,510,,,0,100,,1604,510,,,0,100,,1596,510,,,0,100,,1605,510,,,0,100,,1597,510,,,0,100,,1606,510,,,0,98,,1598,510,,,0,100,,1607,510,,,0,100,,1599,510,,,0,100,,1608,510,,,0,100,,1609,510,,,0
4000,'TM-H26-TM_GTFS-Fête-1-01',722,,2884,230,,,0,396,,2885,230,,,0,500,,2886,230,,,0
4000,'TM-H26-TM_GTFS-Week-end-02',722,,2887,230,,,0,396,,2888,230,,,0,500,,2889,230,,,0
14001,'TM-H26-TM_GTFS-Fête-2-02',645,,2941,160,,,0,106,,2936,160,,,0,97,,2940,160,,,0,470,,2938,160,,,0,208,,2933,160,,,0,98,,2937,160,,,0,81,,2935,160,,,0,27,,2939,160,,,0,70,,2942,160,,,0,40,,2930,160,,,0,70,,2934,160,,,0,96,,2931,160,,,0,292,,2932,160,,,0
14001,'TM-H26-TM_GTFS-Semaine-02',645,,2954,160,,,0,106,,2949,160,,,0,97,,2953,160,,,0,470,,2951,160,,,0,208,,2946,160,,,0,98,,2950,160,,,0,81,,2948,160,,,0,27,,2952,160,,,0,70,,2955,160,,,0,40,,2943,160,,,0,70,,2947,160,,,0,96,,2944,160,,,0,292,,2945,160,,,0
2000001201,'TM-H26-TM_GTFS-Fête-2-02',808,,3195,70,,,0,100,,3196,70,,,0,315,,3197,70,,,0
2000001201,'TM-H26-TM_GTFS-Semaine-02',808,,3198,70,,,0,100,,3199,70,,,0,315,,3200,70,,,0
