200,'TM-H26-TM_GTFS-Semaine-02',555,,1295,60,,,0,70,,1289,60,,,0,30,,1296,60,,,0,70,,1290,60,,,0,30,,1297,60,,,0,70,,1291,60,,,0,130,,1285,60,,,0,200,,1286,60,,,0,200,,1287,60,0,8 7,0,100,,1284,60,,,0,101,,1293,60,,,0,70,,1292,60,,,0,30,,1294,60,,,0,70,,1288,60,,,0,99,,1277,60,,,0,130,,1283,60,,,0,100,,1280,60,,,0,100,,1279,60,,,0,100,,1281,60,,,0,200,,1282,60,0,12,0
200,'TM-H26-TM_GTFS-Week-end-02',655,,1298,60,,,0,200,,1299,60,,,0,200,,1300,60,,,0,200,,1301,60,,,0,200,,1302,60,,,0,200,,1303,60,,,0,200,,1304,60,,,0,200,,1305,60,,,0,200,,1306,60,,,0,200,,1307,60,0,12,0
400,'TM-H26-TM_GTFS-Semaine-02',1637,,1375,60,,,0,93,,1371,60,,,0,100,,1372,60,,,0,295,,1373,60,,,0,275,,1374,60,,,0
401,'TM-H26-TM_GTFS-Semaine-02',545,,1382,140,,,0,100,,1384,140,,,0,100,,1383,140,,,0,101,,1381,140,,,0,1074,,1385,140,,,0
800,'TM-H26-TM_GTFS-Semaine-02',626,,1443,590,,,0,102,,1438,590,,,0,100,,1434,590,,,0,99,,1435,590,,,0,100,,1441,590,,,0,100,,1442,590,,,0,100,,1432,590,,,0,100,,1433,590,,,0,100,,1439,590,,,0,102,,1444,590,,,0,100,,1440,590,,,0,100,,1436,590,,,0,96,,1437,590,,,0,100,,1445,590,,,0,100,,1446,590,,,0,100,,1447,590,,,0,100,,1448,590,,,0,100,,1449,590,,,0,99,,1450,590,,,0
800,'TM-H26-TM_GTFS-Week-end-02',626,,1452,290,,,0,99,,1453,590,,,0,100,,1454,590,,,0,100,,1455,590,,,0,101,,1456,590,,,0,100,,1457,590,,,0,100,,1458,590,,,0,100,,1459,590,,,0,100,,1460,590,,,0,100,,1461,590,,,0,100,,1462,590,,,0,100,,1463,590,,,0,99,,1464,590,,,0,100,,1465,590,,,0,100,,1466,590,,,0,100,,1467,590,,,0,100,,1468,590,,,0,100,,1469,590,,,0,100,,1470,590,,,0
1100,'TM-H26-TM_GTFS-Semaine-02',524,,1561,60,,,0,30,,1583,60,,,0,70,,1572,60,,,0,30,,1568,60,,,0,70,,1562,60,,,0,30,,1584,60,,,0,70,,1573,60,,,0,30,,1576,60,,,0,100,,1580,60,,,0,100,,1577,60,,,0,100,,1581,60,,,0,100,,1578,60,,,0,101,,1582,60,,,0,100,,1589,60,,,0,70,,1569,60,,,0,30,,1571,60,,,0,70,,1574,60,,,0,30,,1563,60,,,0,70,,1570,60,,,0,30,,1585,60,,,0,70,,1575,60,,,0,30,,1564,60,,,0,69,,1579,60,,,0,30,,1586,60,,,0,100,,1565,60,,,0,100,,1587,60,,,0,100,,1566,60,,,0,100,,1588,60,,,0,100,,1567,60,,,0
1100,'TM-H26-TM_GTFS-Week-end-02',554,,1590,60,,,0,100,,1600,60,,,0,100,,1591,60,,,0,100,,1592,60,,,0,100,,1601,60,,,0,101,,1593,60,,,0,100,,1602,60,,,0,100,,1594,60,,,0,100,,1603,60,,,0,100,,1595,60,,,0,100,,1604,60,,,0,100,,1596,60,,,0,100,,1605,60,,,0,100,,1597,60,,,0,100,,1606,60,,,0,100,,1598,60,,,0,100,,1607,60,,,0,100,,1599,60,,,0,100,,1608,60,,,0,100,,1609,60,,,0
2000,'TM-H26-TM_GTFS-Semaine-02',555,,2477,60,,,0,70,,2472,60,,,0,30,,2478,60,,,0,70,,2496,60,,,0,30,,2479,60,,,0,70,,2494,60,,,0,30,,2480,60,,,0,100,,2481,60,,,0,100,,2482,60,,,0,100,,2483,60,,,0,100,,2487,60,,,0,100,,2471,60,,,0,100,,2486,60,,,0,100,,2473,60,,,0,70,,2475,60,,,0,30,,2474,60,,,0,70,,2493,60,,,0,30,,2484,60,,,0,70,,2495,60,,,0,30,,2476,60,,,0,100,,2485,60,,,0,100,,2488,60,,,0,100,,2489,60,,,0,100,,2490,60,,,0,100,,2491,60,,,0,100,,2492,60,,,0
2000,'TM-H26-TM_GTFS-Week-end-02',655,,2506,60,,,0,100,,2507,60,,,0,100,,2508,60,,,0,100,,2497,60,,,0,100,,2498,60,,,0,100,,2499,60,,,0,100,,2500,60,,,0,100,,2501,60,,,0,100,,2502,60,,,0,100,,2503,60,,,0,100,,2504,60,,,0,100,,2505,60,,,0,100,,2509,60,,,0,100,,2510,60,,,0,100,,2511,60,,,0,100,,2512,60,,,0,100,,2513,60,,,0,100,,2514,60,,,0,100,,2515,60,,,0
2100,'TM-H26-TM_GTFS-Semaine-02',654,,2610,60,0,5,0,100,,2612,60,0,5,0,100,,2613,60,0,5,0
2101,'TM-H26-TM_GTFS-Semaine-02',1555,,2619,60,0,5,0,100,,2618,60,0,5,0,100,,2617,60,0,5,0
2700,'TM-H26-TM_GTFS-Semaine-02',719,,2726,60,,,0,100,,2721,60,,,0,706,,2724,60,,,0,100,,2725,60,,,0,100,,2723,60,,,0,100,,2722,60,,,0,100,,2727,60,,,0
