200,'TM-H26-TM_GTFS-Fête-1-01',716,,1246,360,,,0,204,,1247,360,,,0,200,,1248,360,,,0,200,,1249,360,,,0,200,,1250,360,,,0,196,,1251,360,,,0,200,,1252,360,,,0,200,,1253,360,,,0,200,,1254,360,,,0,198,,1255,360,0,12,0
200,'TM-H26-TM_GTFS-Fête-2-02',547,,1257,170,,,0,67,,1274,340,,,0,32,,1268,340,,,0,70,,1275,340,,,0,32,,1269,340,,,0,70,,1276,340,,,0,30,,1270,340,,,0,170,,1264,340,,,0,200,,1265,340,,,0,200,,1266,340,,,0,101,,1263,340,,,0,104,,1272,340,,,0,30,,1271,340,,,0,70,,1273,340,,,0,30,,1267,340,,,0,97,,1256,340,,,0,170,,1262,340,,,0,95,,1259,340,,,0,100,,1258,340,,,0,100,,1260,340,,,0,197,,1261,340,0,12,0
200,'TM-H26-TM_GTFS-Semaine-02',547,,1278,170,,,0,67,,1295,340,,,0,32,,1289,340,,,0,70,,1296,340,,,0,32,,1290,340,,,0,70,,1297,340,,,0,30,,1291,340,,,0,170,,1285,340,,,0,200,,1286,340,,,0,200,,1287,340,0,8 7,0,101,,1284,340,,,0,104,,1293,340,,,0,30,,1292,340,,,0,70,,1294,340,,,0,30,,1288,340,,,0,97,,1277,340,,,0,170,,1283,340,,,0,95,,1280,340,,,0,100,,1279,340,,,0,100,,1281,340,,,0,197,,1282,340,0,12,0
200,'TM-H26-TM_GTFS-Week-end-02',716,,1298,360,,,0,204,,1299,360,,,0,200,,1300,360,,,0,200,,1301,360,,,0,200,,1302,360,,,0,196,,1303,360,,,0,200,,1304,360,,,0,200,,1305,360,,,0,200,,1306,360,,,0,198,,1307,360,0,12,0
2000,'TM-H26-TM_GTFS-Fête-1-01',705,,2435,220,,,0,100,,2436,220,,,0,101,,2437,220,,,0,102,,2426,220,,,0,100,,2427,220,,,0,100,,2428,220,,,0,101,,2429,220,,,0,100,,2430,220,,,0,100,,2431,220,,,0,100,,2432,220,,,0,99,,2433,220,,,0,100,,2434,220,,,0,98,,2438,220,,,0,100,,2439,220,,,0,100,,2440,220,,,0,100,,2441,220,,,0,99,,2442,220,,,0,100,,2443,220,,,0,99,,2444,220,,,0
2000,'TM-H26-TM_GTFS-Fête-2-02',605,,2451,220,,,0,30,,2446,220,,,0,70,,2452,220,,,0,31,,2470,220,,,0,70,,2453,220,,,0,30,,2468,220,,,0,71,,2454,220,,,0,100,,2455,220,,,0,100,,2456,220,,,0,100,,2457,220,,,0,102,,2461,220,,,0,100,,2445,220,,,0,100,,2460,220,,,0,100,,2447,220,,,0,30,,2449,220,,,0,70,,2448,220,,,0,29,,2467,220,,,0,70,,2458,220,,,0,29,,2469,220,,,0,70,,2450,220,,,0,99,,2459,220,,,0,100,,2462,220,,,0,100,,2463,220,,,0,98,,2464,220,,,0,100,,2465,220,,,0,100,,2466,220,,,0
2000,'TM-H26-TM_GTFS-Semaine-02',605,,2477,220,,,0,30,,2472,220,,,0,70,,2478,220,,,0,31,,2496,220,,,0,70,,2479,220,,,0,30,,2494,220,,,0,71,,2480,220,,,0,100,,2481,220,,,0,100,,2482,220,,,0,100,,2483,220,,,0,102,,2487,220,,,0,100,,2471,220,,,0,100,,2486,220,,,0,100,,2473,220,,,0,30,,2475,220,,,0,70,,2474,220,,,0,29,,2493,220,,,0,70,,2484,220,,,0,29,,2495,220,,,0,70,,2476,220,,,0,99,,2485,220,,,0,100,,2488,220,,,0,100,,2489,220,,,0,98,,2490,220,,,0,100,,2491,220,,,0,100,,2492,220,,,0
2000,'TM-H26-TM_GTFS-Week-end-02',705,,2506,220,,,0,100,,2507,220,,,0,101,,2508,220,,,0,102,,2497,220,,,0,100,,2498,220,,,0,100,,2499,220,,,0,101,,2500,220,,,0,100,,2501,220,,,0,100,,2502,220,,,0,100,,2503,220,,,0,99,,2504,220,,,0,100,,2505,220,,,0,98,,2509,220,,,0,100,,2510,220,,,0,100,,2511,220,,,0,100,,2512,220,,,0,99,,2513,220,,,0,100,,2514,220,,,0,99,,2515,220,,,0
2100,'TM-H26-TM_GTFS-Fête-2-02',705,,2606,190,0,5,0,100,,2608,190,0,5,0,100,,2609,190,0,5,0
2100,'TM-H26-TM_GTFS-Semaine-02',705,,2610,190,0,5,0,100,,2612,190,0,5,0,100,,2613,190,0,5,0
