1401,'TM-H26-TM_GTFS-Fête-1-01',805,,1801,280,,,0,103,,1798,280,,,0,101,,1812,280,,,0,101,,1808,280,,,0,101,,1806,280,,,0,100,,1809,280,,,0,101,,1807,280,,,0,100,,1810,280,,,0,100,,1813,280,,,0,99,,1811,280,,,0,100,,1796,280,,,0,99,,1799,280,,,0,99,,1797,280,,,0,100,,1802,280,,,0,97,,1805,280,,,0,102,,1803,280,,,0,99,,1800,280,,,0,100,,1804,280,,,0
1401,'TM-H26-TM_GTFS-Fête-2-02',638,,1821,280,,,0,71,,1829,280,,,0,30,,1840,280,,,0,70,,1822,280,,,0,30,,1830,280,,,0,70,,1820,280,,,0,30,,1823,280,,,0,70,,1831,280,,,0,30,,1824,280,,,0,101,,1833,280,,,0,101,,1835,280,,,0,100,,1834,280,,,0,102,,1814,280,,,0,103,,1819,280,,,0,103,,1815,280,,,0,70,,1836,280,,,0,28,,1825,280,,,0,66,,1816,280,,,0,28,,1837,280,,,0,70,,1826,280,,,0,29,,1817,280,,,0,100,,1838,280,,,0,100,,1818,280,,,0,99,,1827,280,,,0,99,,1832,280,,,0,99,,1828,280,,,0,100,,1839,280,,,0
1401,'TM-H26-TM_GTFS-Semaine-02',638,,1848,280,,,0,71,,1856,280,,,0,30,,1867,280,,,0,70,,1849,280,,,0,30,,1857,280,,,0,70,,1847,280,,,0,30,,1850,280,,,0,70,,1858,280,,,0,30,,1851,280,,,0,101,,1860,280,,,0,101,,1862,280,,,0,100,,1861,280,,,0,102,,1841,280,,,0,103,,1846,280,,,0,103,,1842,280,,,0,70,,1863,280,,,0,28,,1852,280,,,0,66,,1843,280,,,0,28,,1864,280,,,0,70,,1853,280,,,0,29,,1844,280,,,0,100,,1865,280,,,0,100,,1845,280,,,0,99,,1854,280,,,0,99,,1859,280,,,0,99,,1855,280,,,0,100,,1866,280,,,0
1401,'TM-H26-TM_GTFS-Week-end-02',805,,1873,280,,,0,103,,1870,280,,,0,101,,1884,280,,,0,101,,1880,280,,,0,101,,1878,280,,,0,100,,1881,280,,,0,101,,1879,280,,,0,100,,1882,280,,,0,100,,1885,280,,,0,99,,1883,280,,,0,100,,1868,280,,,0,99,,1871,280,,,0,99,,1869,280,,,0,100,,1874,280,,,0,97,,1877,280,,,0,102,,1875,280,,,0,99,,1872,280,,,0,100,,1876,280,,,0
41700,'TM-H26-TM_GTFS-Fête-2-02',544,,2957,130,,,0,73,,2959,130,,,0,40,,2956,130,,,0,99,,2958,130,,,0
41700,'TM-H26-TM_GTFS-Semaine-02',544,,2961,130,,,0,73,,2963,130,,,0,40,,2960,130,,,0,99,,2962,130,,,0
2000001500,'TM-H26-TM_GTFS-Fête-2-02',1237,,3219,170,,,0,400,,3220,170,,,0,100,,3221,170,,,0,100,,3222,170,,,0
2000001500,'TM-H26-TM_GTFS-Semaine-02',1237,,3223,170,,,0,400,,3224,170,,,0,100,,3225,170,,,0,100,,3226,170,,,0
2000041700,'TM-H26-TM_GTFS-Fête-2-02',1301,,3329,130,,,0
2000041700,'TM-H26-TM_GTFS-Semaine-02',1301,,3330,130,,,0
