100,'TM-H26-TM_GTFS-Fête-1-01',652,,1145,20,,,0,100,,1146,20,,,0,100,,1147,20,,,0,100,,1148,20,,,0,100,,1149,20,,,0,100,,1150,20,,,0,100,,1151,20,,,0,100,,1152,20,,,0,100,,1153,20,,,0,100,,1154,20,,,0,100,,1155,20,,,0,100,,1156,20,,,0,100,,1157,20,,,0,100,,1158,20,,,0,100,,1159,20,,,0,100,,1160,20,,,0,100,,1161,20,,,0,100,,1162,20,,,0,100,,1163,20,0,13 3 14,0
100,'TM-H26-TM_GTFS-Fête-2-02',522,,1164,20,,,0,30,,1192,20,,,0,70,,1190,20,,,0,30,,1182,20,,,0,70,,1191,20,,,0,30,,1170,20,,,0,70,,1187,20,,,0,30,,1171,20,,,0,100,,1172,20,,,0,100,,1173,20,,,0,100,,1174,20,,,0,100,,1175,20,,,0,100,,1176,20,,,0,100,,1177,20,,,0,70,,1188,20,,,0,30,,1178,20,,,0,70,,1189,20,,,0,30,,1180,20,,,0,70,,1168,20,,,0,30,,1179,20,,,0,70,,1167,20,,,0,30,,1181,20,,,0,70,,1169,20,,,0,30,,1183,20,,,0,100,,1193,20,,,0,100,,1194,20,,,0,100,,1184,20,,,0,100,,1185,20,,,0,100,,1186,20,0,13 3 14,0
100,'TM-H26-TM_GTFS-Semaine-02',522,,1195,20,,,0,30,,1223,20,,,0,70,,1221,20,,,0,30,,1213,20,,,0,70,,1222,20,,,0,30,,1201,20,,,0,70,,1218,20,,,0,30,,1202,20,,,0,100,,1203,20,,,0,100,,1204,20,,,0,100,,1205,20,,,0,100,,1206,20,,,0,100,,1207,20,,,0,100,,1208,20,,,0,70,,1219,20,,,0,30,,1209,20,,,0,70,,1220,20,,,0,30,,1211,20,,,0,70,,1199,20,,,0,30,,1210,20,,,0,70,,1198,20,,,0,30,,1212,20,,,0,70,,1200,20,,,0,30,,1214,20,,,0,100,,1224,20,,,0,100,,1225,20,,,0,100,,1215,20,,,0,100,,1216,20,,,0,100,,1217,20,0,13 3 14,0
100,'TM-H26-TM_GTFS-Week-end-02',652,,1227,20,,,0,100,,1228,20,,,0,100,,1229,20,,,0,100,,1230,20,,,0,100,,1231,20,,,0,100,,1232,20,,,0,100,,1233,20,,,0,100,,1234,20,,,0,100,,1235,20,,,0,100,,1236,20,,,0,100,,1237,20,,,0,100,,1238,20,,,0,100,,1239,20,,,0,100,,1240,20,,,0,100,,1241,20,,,0,100,,1242,20,,,0,100,,1243,20,,,0,100,,1244,20,,,0,100,,1245,20,0,13 3 14,0
400,'TM-H26-TM_GTFS-Fête-2-02',1704,,1370,440,,,0,50,,1366,440,,,0,100,,1367,440,,,0,293,,1368,440,,,0,275,,1369,440,,,0
400,'TM-H26-TM_GTFS-Semaine-02',1704,,1375,440,,,0,50,,1371,440,,,0,100,,1372,440,,,0,293,,1373,440,,,0,275,,1374,440,,,0
800,'TM-H26-TM_GTFS-Fête-1-01',706,,1393,240,,,0,100,,1394,240,,,0,100,,1395,240,,,0,101,,1396,240,,,0,100,,1397,240,,,0,100,,1398,240,,,0,100,,1399,240,,,0,100,,1400,240,,,0,100,,1401,240,,,0,100,,1402,240,,,0,100,,1403,240,,,0,99,,1404,240,,,0,100,,1405,240,,,0,100,,1406,240,,,0,100,,1407,240,,,0,100,,1408,240,,,0,100,,1409,240,,,0,100,,1410,240,,,0,99,,1411,240,0,16,0
800,'TM-H26-TM_GTFS-Fête-2-02',606,,1423,240,0,15 7,0,102,,1418,240,,,0,100,,1414,240,,,0,100,,1415,240,,,0,100,,1421,240,,,0,100,,1422,240,,,0,100,,1412,240,,,0,100,,1413,240,,,0,100,,1419,240,,,0,101,,1424,240,,,0,100,,1420,240,,,0,100,,1416,240,,,0,98,,1417,240,,,0,100,,1425,240,,,0,100,,1426,240,,,0,100,,1427,240,,,0,100,,1428,240,,,0,100,,1429,240,,,0,100,,1430,240,,,0,98,,1431,240,0,16,0
800,'TM-H26-TM_GTFS-Semaine-02',606,,1443,240,,,0,102,,1438,240,,,0,100,,1434,240,,,0,100,,1435,240,,,0,100,,1441,240,,,0,100,,1442,240,,,0,100,,1432,240,,,0,100,,1433,240,,,0,100,,1439,240,,,0,101,,1444,240,,,0,100,,1440,240,,,0,100,,1436,240,,,0,98,,1437,240,,,0,100,,1445,240,,,0,100,,1446,240,,,0,100,,1447,240,,,0,100,,1448,240,,,0,100,,1449,240,,,0,100,,1450,240,,,0,98,,1451,240,0,16,0
800,'TM-H26-TM_GTFS-Week-end-02',706,,1453,240,,,0,100,,1454,240,,,0,100,,1455,240,,,0,101,,1456,240,,,0,100,,1457,240,,,0,100,,1458,240,,,0,100,,1459,240,,,0,100,,1460,240,,,0,100,,1461,240,,,0,100,,1462,240,,,0,100,,1463,240,,,0,99,,1464,240,,,0,100,,1465,240,,,0,100,,1466,240,,,0,100,,1467,240,,,0,100,,1468,240,,,0,100,,1469,240,,,0,100,,1470,240,,,0,99,,1471,240,0,16,0
1800,'TM-H26-TM_GTFS-Fête-1-01',652,,2045,20,,,0,100,,2046,20,,,0,100,,2047,20,,,0,400,,2048,20,,,0,200,,2042,20,,,0,100,,2043,20,,,0,100,,2044,20,,,0,300,,2049,20,,,0
1800,'TM-H26-TM_GTFS-Fête-2-02',622,,2059,20,,,0,100,,2051,20,,,0,30,,2055,20,,,0,70,,2052,20,,,0,130,,2056,20,,,0,200,,2057,20,,,0,200,,2058,20,,,0,170,,2053,20,,,0,100,,2062,20,,,0,100,,2063,20,,,0,130,,2061,20,,,0,200,,2054,20,,,0
1800,'TM-H26-TM_GTFS-Semaine-02',622,,2073,20,,,0,100,,2065,20,,,0,30,,2069,20,,,0,70,,2066,20,,,0,130,,2070,20,,,0,200,,2071,20,,,0,200,,2072,20,,,0,170,,2067,20,,,0,100,,2076,20,,,0,100,,2077,20,,,0,130,,2075,20,,,0,200,,2068,20,,,0
1800,'TM-H26-TM_GTFS-Week-end-02',652,,2081,20,,,0,100,,2082,20,,,0,100,,2083,20,,,0,400,,2084,20,,,0,200,,2078,20,,,0,100,,2079,20,,,0,100,,2080,20,,,0,300,,2085,20,,,0
