900,'TM-H26-TM_GTFS-Semaine-02',623,,1483,460,,,0,98,,1489,460,,,0,100,,1486,460,,,0,103,,1487,460,,,0,101,,1481,460,,,0,100,,1482,460,,,0,302,,1488,190,,,0,200,,1484,190,,,0,200,,1485,190,,,0
901,'TM-H26-TM_GTFS-Semaine-02',739,,1511,260,0,9 10,0,170,,1509,260,0,9 10,0,99,,1510,260,0,9 10,0,201,,1501,260,,,0,100,,1502,260,0,9 10,0,200,,1508,260,,,0,101,,1503,260,,,0,99,,1506,260,,,0,100,,1505,260,,,0,99,,1507,260,,,0,300,,1504,260,,,0
1800,'TM-H26-TM_GTFS-Semaine-02',638,,2073,270,,,0,100,,2065,270,,,0,70,,2069,270,,,0,30,,2066,270,,,0,170,,2070,270,,,0,200,,2071,270,,,0,200,,2072,270,,,0,130,,2067,270,,,0,100,,2076,270,,,0,100,,2077,270,,,0,72,,2074,10,,,0,98,,2075,270,,,0,200,,2068,270,,,0
1800,'TM-H26-TM_GTFS-Week-end-02',707,,2081,270,,,0,100,,2082,270,,,0,100,,2083,270,,,0,400,,2084,270,,,0,200,,2078,270,,,0,100,,2079,270,,,0,100,,2080,270,,,0,300,,2085,270,,,0
1801,'TM-H26-TM_GTFS-Semaine-02',614,,2101,270,0,6 7,0,100,,2102,270,0,6 7,0,93,,2110,270,0,6 7,0,107,,2103,270,0,6 7,0,200,,2104,270,0,6 7,0,200,,2105,270,0,6 7,0,200,,2106,270,0,6 7,0,104,,2100,270,0,6 7,0,100,,2108,270,0,6 7,0,97,,2107,270,0,6 7,0,198,,2099,270,0,6 7,0,200,,2109,270,0,6 7,0
2200,'TM-H26-TM_GTFS-Semaine-02',730,,2620,340,4,,0,106,,2621,340,4,,0,409,,2622,340,4,,0
2201,'TM-H26-TM_GTFS-Semaine-02',1145,,2623,10,,,0,109,,2624,10,,,0,191,,2628,10,,,0,113,,2625,10,,,0,156,,2626,10,,,0,101,,2627,10,,,0
2700,'TM-H26-TM_GTFS-Semaine-02',747,,2726,320,4,,0,100,,2721,320,4,,0,709,,2724,320,4,,0,103,,2725,320,4,,0,97,,2723,320,4,,0,96,,2722,320,4,,0,100,,2727,320,4,,0
2701,'TM-H26-TM_GTFS-Semaine-02',835,,2733,10,,,0,766,,2729,10,,,0,103,,2730,10,,,0,103,,2734,10,,,0
3001100,'TM-H26-TM_GTFS-Semaine-02',732,,3160,110,4,,0
3001101,'TM-H26-TM_GTFS-Semaine-02',1630,,3161,10,,,0,100,,3162,10,,,0
3002400,'TM-H26-TM_GTFS-Semaine-02',940,,3163,60,4,,0,195,,3164,60,4,,0
