100,'TM-H26-TM_GTFS-Fête-1-01',647,,1144,640,,,0,97,,1145,930,,,0,100,,1146,930,,,0,102,,1147,930,,,0,100,,1148,930,,,0,100,,1149,930,,,0,100,,1150,930,,,0,100,,1151,930,,,0,98,,1152,940,,,0,100,,1153,940,,,0,100,,1154,940,,,0,100,,1155,940,,,0,99,,1156,940,,,0,100,,1157,940,,,0,99,,1158,940,,,0,100,,1159,940,,,0,99,,1160,940,,,0,100,,1161,940,,,0,100,,1162,940,,,0
100,'TM-H26-TM_GTFS-Fête-2-02',514,,1165,270,,,0,30,,1166,270,,,0,68,,1164,870,,,0,30,,1192,870,,,0,70,,1190,870,,,0,30,,1182,870,,,0,70,,1191,870,,,0,30,,1170,870,,,0,70,,1187,870,,,0,30,,1171,870,,,0,100,,1172,870,,,0,100,,1173,870,,,0,100,,1174,870,,,0,100,,1175,870,,,0,100,,1176,870,,,0,100,,1177,870,,,0,70,,1188,870,,,0,30,,1178,870,,,0,70,,1189,870,,,0,30,,1180,870,,,0,68,,1168,870,,,0,30,,1179,870,,,0,69,,1167,870,,,0,29,,1181,870,,,0,70,,1169,870,,,0,30,,1183,870,,,0,100,,1193,870,,,0,100,,1194,870,,,0,100,,1184,870,,,0,100,,1185,870,,,0
100,'TM-H26-TM_GTFS-Semaine-02',514,,1196,270,,,0,30,,1197,270,,,0,68,,1195,870,,,0,30,,1223,870,,,0,70,,1221,870,,,0,30,,1213,870,,,0,70,,1222,870,,,0,30,,1201,870,,,0,70,,1218,870,,,0,30,,1202,870,,,0,100,,1203,870,,,0,100,,1204,870,,,0,100,,1205,870,,,0,100,,1206,870,,,0,100,,1207,870,,,0,100,,1208,870,,,0,70,,1219,870,,,0,30,,1209,870,,,0,70,,1220,870,,,0,30,,1211,870,,,0,68,,1199,870,,,0,30,,1210,870,,,0,69,,1198,870,,,0,29,,1212,870,,,0,70,,1200,870,,,0,30,,1214,870,,,0,100,,1224,870,,,0,100,,1225,870,,,0,100,,1215,870,,,0,100,,1216,870,,,0
100,'TM-H26-TM_GTFS-Week-end-02',647,,1226,640,,,0,97,,1227,930,,,0,100,,1228,930,,,0,102,,1229,930,,,0,100,,1230,930,,,0,100,,1231,930,,,0,100,,1232,930,,,0,100,,1233,930,,,0,98,,1234,940,,,0,100,,1235,940,,,0,100,,1236,940,,,0,100,,1237,940,,,0,99,,1238,940,,,0,100,,1239,940,,,0,99,,1240,940,,,0,100,,1241,940,,,0,99,,1242,940,,,0,100,,1243,940,,,0,100,,1244,940,,,0
401,'TM-H26-TM_GTFS-Fête-2-02',542,,1377,90,,,0,100,,1379,90,,,0,100,,1378,90,,,0,101,,1376,90,,,0,1074,,1380,90,,,0
401,'TM-H26-TM_GTFS-Semaine-02',542,,1382,90,,,0,100,,1384,90,,,0,100,,1383,90,,,0,101,,1381,90,,,0,1074,,1385,90,,,0
800,'TM-H26-TM_GTFS-Fête-1-01',622,,1392,240,,,0,99,,1393,540,,,0,100,,1394,540,,,0,100,,1395,540,,,0,101,,1396,540,,,0,100,,1397,540,,,0,100,,1398,540,,,0,100,,1399,540,,,0,100,,1400,540,,,0,100,,1401,540,,,0,100,,1402,540,,,0,100,,1403,540,,,0,99,,1404,540,,,0,100,,1405,540,,,0,100,,1406,540,,,0,100,,1407,540,,,0,100,,1408,540,,,0,100,,1409,540,,,0,100,,1410,540,,,0
800,'TM-H26-TM_GTFS-Fête-2-02',622,,1423,540,0,16 1 8 5,0,102,,1418,540,,,0,100,,1414,540,,,0,99,,1415,540,,,0,100,,1421,540,,,0,100,,1422,540,,,0,100,,1412,540,,,0,100,,1413,540,,,0,100,,1419,540,,,0,102,,1424,540,,,0,100,,1420,540,,,0,100,,1416,540,,,0,97,,1417,540,,,0,100,,1425,540,,,0,100,,1426,540,,,0,100,,1427,540,,,0,100,,1428,540,,,0,100,,1429,540,,,0,99,,1430,540,,,0
800,'TM-H26-TM_GTFS-Semaine-02',622,,1443,540,,,0,102,,1438,540,,,0,100,,1434,540,,,0,99,,1435,540,,,0,100,,1441,540,,,0,100,,1442,540,,,0,100,,1432,540,,,0,100,,1433,540,,,0,100,,1439,540,,,0,102,,1444,540,,,0,100,,1440,540,,,0,100,,1436,540,,,0,97,,1437,540,,,0,100,,1445,540,,,0,100,,1446,540,,,0,100,,1447,540,,,0,100,,1448,540,,,0,100,,1449,540,,,0,99,,1450,540,,,0
800,'TM-H26-TM_GTFS-Week-end-02',622,,1452,240,,,0,99,,1453,540,,,0,100,,1454,540,,,0,100,,1455,540,,,0,101,,1456,540,,,0,100,,1457,540,,,0,100,,1458,540,,,0,100,,1459,540,,,0,100,,1460,540,,,0,100,,1461,540,,,0,100,,1462,540,,,0,100,,1463,540,,,0,99,,1464,540,,,0,100,,1465,540,,,0,100,,1466,540,,,0,100,,1467,540,,,0,100,,1468,540,,,0,100,,1469,540,,,0,100,,1470,540,,,0
1801,'TM-H26-TM_GTFS-Fête-2-02',641,,2088,630,0,5 1 6 7 5,0,100,,2089,630,0,5 1 6 7 5,0,93,,2097,630,0,5 1 6 7 5,0,107,,2090,630,0,5 1 6 7 5,0,200,,2091,630,0,5 1 6 7 5,0,200,,2092,630,0,5 1 6 7 5,0,200,,2093,630,0,5 1 6 7 5,0,103,,2087,630,0,5 1 6 7 5,0,100,,2095,630,0,5 1 6 7 5,0,95,,2094,630,0,5 1 6 7 5,0,197,,2086,630,0,5 1 6 7 5,0,200,,2096,630,0,5 1 6 7 5,0
1801,'TM-H26-TM_GTFS-Semaine-02',641,,2101,630,0,5 1 6 7 5,0,100,,2102,630,0,5 1 6 7 5,0,93,,2110,630,0,5 1 6 7 5,0,107,,2103,630,0,5 1 6 7 5,0,200,,2104,630,0,5 1 6 7 5,0,200,,2105,630,0,5 1 6 7 5,0,200,,2106,630,0,5 1 6 7 5,0,103,,2100,630,0,5 1 6 7 5,0,100,,2108,630,0,5 1 6 7 5,0,95,,2107,630,0,5 1 6 7 5,0,197,,2099,630,0,5 1 6 7 5,0,200,,2109,630,0,5 1 6 7 5,0
