300,'TM-H26-TM_GTFS-Fête-1-01',626,,1308,440,,,0,201,,1309,560,,,0,207,,1310,560,,,0,200,,1311,560,,,0,200,,1312,560,,,0,197,,1313,560,,,0,197,,1314,560,,,0,199,,1315,560,,,0,200,,1316,560,,,0,198,,1317,560,,,0
300,'TM-H26-TM_GTFS-Fête-2-02',533,,1319,430,,,0,97,,1320,550,,,0,70,,1336,550,,,0,31,,1330,550,,,0,70,,1335,550,,,0,32,,1329,550,,,0,100,,1324,550,,,0,200,,1325,550,,,0,200,,1326,550,,,0,171,,1328,550,,,0,105,,1327,550,,,0,99,,1333,550,,,0,28,,1332,550,,,0,67,,1334,550,,,0,30,,1331,550,,,0,95,,1318,550,,,0,128,,1321,550,,,0,100,,1322,550,,,0,267,,1323,550,,,0
300,'TM-H26-TM_GTFS-Semaine-02',533,,1338,430,,,0,97,,1339,550,,,0,70,,1355,550,,,0,31,,1349,550,,,0,70,,1354,550,,,0,32,,1348,550,,,0,100,,1343,550,,,0,200,,1344,550,,,0,200,,1345,550,,,0,171,,1347,550,,,0,105,,1346,550,,,0,99,,1352,550,,,0,28,,1351,550,,,0,67,,1353,550,,,0,30,,1350,550,,,0,95,,1337,550,,,0,128,,1340,550,,,0,100,,1341,550,,,0,267,,1342,550,,,0
300,'TM-H26-TM_GTFS-Week-end-02',626,,1356,440,,,0,201,,1357,560,,,0,207,,1358,560,,,0,200,,1359,560,,,0,200,,1360,560,,,0,197,,1361,560,,,0,197,,1362,560,,,0,199,,1363,560,,,0,200,,1364,560,,,0,198,,1365,560,,,0
2001,'TM-H26-TM_GTFS-Fête-1-01',630,,2522,200,,,0,101,,2523,200,,,0,101,,2524,200,,,0,100,,2525,200,,,0,101,,2516,200,,,0,101,,2517,200,,,0,100,,2526,200,,,0,101,,2527,200,,,0,100,,2528,200,,,0,99,,2518,200,,,0,100,,2519,200,,,0,99,,2520,200,,,0,98,,2521,200,,,0,100,,2529,200,,,0,100,,2530,200,,,0,100,,2531,200,,,0,99,,2532,200,,,0,100,,2533,200,,,0,100,,2534,200,,,0
2001,'TM-H26-TM_GTFS-Fête-2-02',531,,2539,200,,,0,101,,2540,200,,,0,70,,2536,200,,,0,30,,2541,200,,,0,72,,2560,200,,,0,30,,2542,200,,,0,70,,2558,200,,,0,30,,2543,200,,,0,100,,2544,200,,,0,101,,2535,200,,,0,100,,2545,200,,,0,100,,2552,200,,,0,98,,2553,200,,,0,99,,2554,200,,,0,100,,2555,200,,,0,25,,2556,200,,,0,70,,2537,200,,,0,30,,2557,200,,,0,70,,2546,200,,,0,31,,2559,200,,,0,69,,2538,200,,,0,105,,2547,200,,,0,99,,2548,200,,,0,99,,2549,200,,,0,100,,2550,200,,,0,100,,2551,200,,,0
2001,'TM-H26-TM_GTFS-Semaine-02',531,,2565,200,,,0,101,,2566,200,,,0,70,,2562,200,,,0,30,,2567,200,,,0,72,,2586,200,,,0,30,,2568,200,,,0,70,,2584,200,,,0,30,,2569,200,,,0,100,,2570,200,,,0,101,,2561,200,,,0,100,,2571,200,,,0,100,,2578,200,,,0,98,,2579,200,,,0,99,,2580,200,,,0,100,,2581,200,,,0,25,,2582,200,,,0,70,,2563,200,,,0,30,,2583,200,,,0,70,,2572,200,,,0,31,,2585,200,,,0,69,,2564,200,,,0,105,,2573,200,,,0,99,,2574,200,,,0,99,,2575,200,,,0,100,,2576,200,,,0,100,,2577,200,,,0
2001,'TM-H26-TM_GTFS-Week-end-02',630,,2593,200,,,0,101,,2594,200,,,0,101,,2595,200,,,0,100,,2596,200,,,0,101,,2587,200,,,0,101,,2588,200,,,0,100,,2597,200,,,0,101,,2598,200,,,0,100,,2599,200,,,0,99,,2589,200,,,0,100,,2590,200,,,0,99,,2591,200,,,0,98,,2592,200,,,0,100,,2600,200,,,0,100,,2601,200,,,0,100,,2602,200,,,0,99,,2603,200,,,0,100,,2604,200,,,0,100,,2605,200,,,0
2100,'TM-H26-TM_GTFS-Fête-2-02',632,,2607,290,0,20,0,94,,2606,510,0,20,0,100,,2608,510,0,20,0,100,,2609,510,0,20,0
2100,'TM-H26-TM_GTFS-Semaine-02',632,,2611,290,0,20,0,94,,2610,510,0,20,0,100,,2612,510,0,20,0,100,,2613,510,0,20,0
2101,'TM-H26-TM_GTFS-Fête-2-02',1632,,2616,510,0,20,0,100,,2615,510,0,20,0,100,,2614,510,0,20,0
2101,'TM-H26-TM_GTFS-Semaine-02',1632,,2619,510,0,20,0,100,,2618,510,0,20,0,100,,2617,510,0,20,0
2701,'TM-H26-TM_GTFS-Semaine-02',557,,2728,160,,,0,98,,2731,160,,,0,100,,2732,160,,,0,100,,2733,250,,,0,769,,2729,250,,,0,103,,2730,250,,,0,100,,2734,250,,,0
