200,'TM-E26-TM_GTFS-Fête-1-01',656,,3404,90,,,0,201,,3405,90,,,0,200,,3406,90,,,0,200,,3407,90,,,0,200,,3408,90,,,0,199,,3409,90,,,0,200,,3410,90,,,0,200,,3411,90,,,0,200,,3412,90,,,0,200,,3413,90,0,12,0
200,'TM-E26-TM_GTFS-Semaine-01',556,,3432,90,,,0,70,,3426,90,,,0,30,,3433,90,,,0,70,,3427,90,,,0,30,,3434,90,,,0,70,,3428,90,,,0,130,,3422,90,,,0,200,,3423,90,,,0,200,,3424,90,0,8 7,0,101,,3421,90,,,0,101,,3430,90,,,0,70,,3429,90,,,0,30,,3431,90,,,0,70,,3425,90,,,0,99,,3414,90,,,0,130,,3420,90,,,0,99,,3417,90,,,0,100,,3416,90,,,0,100,,3418,90,,,0,200,,3419,90,0,12,0
200,'TM-E26-TM_GTFS-Week-end-01',656,,3435,90,,,0,201,,3436,90,,,0,200,,3437,90,,,0,200,,3438,90,,,0,200,,3439,90,,,0,199,,3440,90,,,0,200,,3441,90,,,0,200,,3442,90,,,0,200,,3443,90,,,0,200,,3444,90,0,12,0
401,'TM-E26-TM_GTFS-Semaine-01',546,,3490,170,,,0,100,,3492,170,,,0,100,,3491,170,,,0,101,,3489,170,,,0,1074,,3493,170,,,0
1100,'TM-E26-TM_GTFS-Fête-1-01',555,,3577,90,,,0,100,,3587,90,,,0,100,,3578,90,,,0,100,,3579,90,,,0,100,,3588,90,,,0,101,,3580,90,,,0,100,,3589,90,,,0,100,,3581,90,,,0,100,,3590,90,,,0,100,,3582,90,,,0,100,,3591,90,,,0,100,,3583,90,,,0,100,,3592,90,,,0,100,,3584,90,,,0,100,,3593,90,,,0,100,,3585,90,,,0,100,,3594,90,,,0,100,,3586,90,,,0,100,,3595,90,,,0,100,,3596,90,,,0
1100,'TM-E26-TM_GTFS-Semaine-01',525,,3597,90,,,0,30,,3619,90,,,0,70,,3608,90,,,0,30,,3604,90,,,0,70,,3598,90,,,0,30,,3620,90,,,0,70,,3609,90,,,0,31,,3612,90,,,0,100,,3616,90,,,0,100,,3613,90,,,0,100,,3617,90,,,0,100,,3614,90,,,0,101,,3618,90,,,0,100,,3625,90,,,0,70,,3605,90,,,0,30,,3607,90,,,0,70,,3610,90,,,0,30,,3599,90,,,0,70,,3606,90,,,0,30,,3621,90,,,0,70,,3611,90,,,0,29,,3600,90,,,0,69,,3615,90,,,0,30,,3622,90,,,0,100,,3601,90,,,0,100,,3623,90,,,0,100,,3602,90,,,0,100,,3624,90,,,0,100,,3603,90,,,0
1100,'TM-E26-TM_GTFS-Week-end-01',555,,3626,90,,,0,100,,3636,90,,,0,100,,3627,90,,,0,100,,3628,90,,,0,100,,3637,90,,,0,101,,3629,90,,,0,100,,3638,90,,,0,100,,3630,90,,,0,100,,3639,90,,,0,100,,3631,90,,,0,100,,3640,90,,,0,100,,3632,90,,,0,100,,3641,90,,,0,100,,3633,90,,,0,100,,3642,90,,,0,100,,3634,90,,,0,100,,3643,90,,,0,100,,3635,90,,,0,100,,3644,90,,,0,100,,3645,90,,,0
2000,'TM-E26-TM_GTFS-Fête-1-01',656,,4182,90,,,0,100,,4183,90,,,0,100,,4184,90,,,0,101,,4173,90,,,0,100,,4174,90,,,0,100,,4175,90,,,0,100,,4176,90,,,0,100,,4177,90,,,0,100,,4178,90,,,0,100,,4179,90,,,0,100,,4180,90,,,0,100,,4181,90,,,0,99,,4185,90,,,0,100,,4186,90,,,0,100,,4187,90,,,0,100,,4188,90,,,0,100,,4189,90,,,0,100,,4190,90,,,0,100,,4191,90,,,0
2000,'TM-E26-TM_GTFS-Semaine-01',556,,4198,90,,,0,70,,4193,90,,,0,30,,4199,90,,,0,70,,4217,90,,,0,30,,4200,90,,,0,70,,4215,90,,,0,31,,4201,90,,,0,100,,4202,90,,,0,100,,4203,90,,,0,100,,4204,90,,,0,100,,4208,90,,,0,100,,4192,90,,,0,100,,4207,90,,,0,100,,4194,90,,,0,70,,4196,90,,,0,30,,4195,90,,,0,70,,4214,90,,,0,30,,4205,90,,,0,70,,4216,90,,,0,30,,4197,90,,,0,99,,4206,90,,,0,100,,4209,90,,,0,100,,4210,90,,,0,100,,4211,90,,,0,100,,4212,90,,,0,100,,4213,90,,,0
2000,'TM-E26-TM_GTFS-Week-end-01',656,,4227,90,,,0,100,,4228,90,,,0,100,,4229,90,,,0,101,,4218,90,,,0,100,,4219,90,,,0,100,,4220,90,,,0,100,,4221,90,,,0,100,,4222,90,,,0,100,,4223,90,,,0,100,,4224,90,,,0,100,,4225,90,,,0,100,,4226,90,,,0,99,,4230,90,,,0,100,,4231,90,,,0,100,,4232,90,,,0,100,,4233,90,,,0,100,,4234,90,,,0,100,,4235,90,,,0,100,,4236,90,,,0
2100,'TM-E26-TM_GTFS-Semaine-01',655,,4301,90,0,5,0,100,,4303,90,0,5,0,100,,4304,90,0,5,0
2101,'TM-E26-TM_GTFS-Semaine-01',1557,,4307,90,0,5,0,100,,4306,90,0,5,0,100,,4305,90,0,5,0
