300,'TM-H26-TM_GTFS-Fête-1-01',611,,165,,,0,199,,166,,,0,204,,167,,,0,200,,168,,,0,200,,169,,,0,200,,170,,,0,198,,171,,,0,199,,172,,,0,200,,173,,,0,199,,174,,,0
300,'TM-H26-TM_GTFS-Fête-2-01',516,,176,,,0,96,,177,,,0,30,,193,,,0,71,,187,,,0,30,,192,,,0,71,,186,,,0,100,,181,,,0,201,,182,,,0,200,,183,,,0,130,,185,,,0,105,,184,,,0,97,,190,,,0,68,,189,,,0,30,,191,,,0,70,,188,,,0,97,,175,,,0,128,,178,,,0,100,,179,,,0,269,,180,,,0
300,'TM-H26-TM_GTFS-Semaine-01',516,,195,,,0,96,,196,,,0,30,,212,,,0,71,,206,,,0,30,,211,,,0,71,,205,,,0,100,,200,,,0,201,,201,,,0,200,,202,,,0,130,,204,,,0,105,,203,,,0,97,,209,,,0,68,,208,,,0,30,,210,,,0,70,,207,,,0,97,,194,,,0,128,,197,,,0,100,,198,,,0,269,,199,,,0
300,'TM-H26-TM_GTFS-Week-end-01',611,,213,,,0,199,,214,,,0,204,,215,,,0,200,,216,,,0,200,,217,,,0,200,,218,,,0,198,,219,,,0,199,,220,,,0,200,,221,,,0,199,,222,,,0
2100,'TM-H26-TM_GTFS-Fête-2-01',1622,,1469,,,0,101,,1468,,,0,100,,1463,,,0
2100,'TM-H26-TM_GTFS-Semaine-01',1622,,1476,,,0,101,,1475,,,0,100,,1470,,,0
41700,'TM-H26-TM_GTFS-Fête-2-01',559,,1814,,,0,73,,1816,,,0,80,,1813,,,0,100,,1815,,,0
41700,'TM-H26-TM_GTFS-Semaine-01',559,,1818,,,0,73,,1820,,,0,80,,1817,,,0,100,,1819,,,0
2000041700,'TM-H26-TM_GTFS-Fête-2-01',1317,,2186,,,0
2000041700,'TM-H26-TM_GTFS-Semaine-01',1317,,2187,,,0
