2000,'TM-H26-TM_GTFS-Fête-1-01',713,,1292,4,,0,100,,1293,4,,0,101,,1294,4,,0,102,,1283,4,,0,100,,1284,4,,0,100,,1285,4,,0,101,,1286,4,,0,100,,1287,4,,0,100,,1288,4,,0,100,,1289,4,,0,99,,1290,4,,0,100,,1291,4,,0,98,,1295,4,,0,100,,1296,4,,0,100,,1297,4,,0,100,,1298,4,,0,98,,1299,4,,0,100,,1300,4,,0,99,,1301,4,,0
2000,'TM-H26-TM_GTFS-Fête-2-01',613,,1308,4,,0,30,,1303,4,,0,70,,1309,4,,0,32,,1327,4,,0,70,,1310,4,,0,30,,1325,4,,0,71,,1311,4,,0,100,,1312,4,,0,100,,1313,4,,0,100,,1314,4,,0,103,,1318,4,,0,100,,1302,4,,0,100,,1317,4,,0,100,,1304,4,,0,30,,1306,4,,0,70,,1305,4,,0,28,,1324,4,,0,70,,1315,4,,0,29,,1326,4,,0,70,,1307,4,,0,98,,1316,4,,0,100,,1319,4,,0,100,,1320,4,,0,98,,1321,4,,0,100,,1322,4,,0,98,,1323,4,,0
2000,'TM-H26-TM_GTFS-Semaine-01',613,,1334,4,,0,30,,1329,4,,0,70,,1335,4,,0,32,,1353,4,,0,70,,1336,4,,0,30,,1351,4,,0,71,,1337,4,,0,100,,1338,4,,0,100,,1339,4,,0,100,,1340,4,,0,103,,1344,4,,0,100,,1328,4,,0,100,,1343,4,,0,100,,1330,4,,0,30,,1332,4,,0,70,,1331,4,,0,28,,1350,4,,0,70,,1341,4,,0,29,,1352,4,,0,70,,1333,4,,0,98,,1342,4,,0,100,,1345,4,,0,100,,1346,4,,0,98,,1347,4,,0,100,,1348,4,,0,98,,1349,4,,0
2000,'TM-H26-TM_GTFS-Week-end-01',713,,1363,4,,0,100,,1364,4,,0,101,,1365,4,,0,102,,1354,4,,0,100,,1355,4,,0,100,,1356,4,,0,101,,1357,4,,0,100,,1358,4,,0,100,,1359,4,,0,100,,1360,4,,0,99,,1361,4,,0,100,,1362,4,,0,98,,1366,4,,0,100,,1367,4,,0,100,,1368,4,,0,100,,1369,4,,0,98,,1370,4,,0,100,,1371,4,,0,99,,1372,4,,0
2001,'TM-H26-TM_GTFS-Fête-1-01',618,,1379,,,0,100,,1380,,,0,100,,1381,,,0,100,,1382,,,0,100,,1373,,,0,100,,1374,,,0,100,,1383,,,0,101,,1384,,,0,100,,1385,,,0,100,,1375,,,0,100,,1376,,,0,100,,1377,,,0,100,,1378,,,0,100,,1386,,,0,100,,1387,,,0,100,,1388,,,0,100,,1389,,,0,100,,1390,,,0,100,,1391,,,0
2001,'TM-H26-TM_GTFS-Fête-2-01',519,,1396,,,0,99,,1397,,,0,30,,1393,,,0,70,,1398,,,0,32,,1417,,,0,70,,1399,,,0,30,,1415,,,0,70,,1400,,,0,100,,1401,,,0,100,,1392,,,0,100,,1402,,,0,100,,1409,,,0,98,,1410,,,0,99,,1411,,,0,100,,1412,,,0,25,,1413,,,0,71,,1394,,,0,30,,1414,,,0,70,,1403,,,0,31,,1416,,,0,71,,1395,,,0,105,,1404,,,0,99,,1405,,,0,100,,1406,,,0,100,,1407,,,0,100,,1408,,,0
2001,'TM-H26-TM_GTFS-Semaine-01',519,,1422,,,0,99,,1423,,,0,30,,1419,,,0,70,,1424,,,0,32,,1443,,,0,70,,1425,,,0,30,,1441,,,0,70,,1426,,,0,100,,1427,,,0,100,,1418,,,0,100,,1428,,,0,100,,1435,,,0,98,,1436,,,0,99,,1437,,,0,100,,1438,,,0,25,,1439,,,0,71,,1420,,,0,30,,1440,,,0,70,,1429,,,0,31,,1442,,,0,71,,1421,,,0,105,,1430,,,0,99,,1431,,,0,100,,1432,,,0,100,,1433,,,0,100,,1434,,,0
2001,'TM-H26-TM_GTFS-Week-end-01',618,,1450,,,0,100,,1451,,,0,100,,1452,,,0,100,,1453,,,0,100,,1444,,,0,100,,1445,,,0,100,,1454,,,0,101,,1455,,,0,100,,1456,,,0,100,,1446,,,0,100,,1447,,,0,100,,1448,,,0,100,,1449,,,0,100,,1457,,,0,100,,1458,,,0,100,,1459,,,0,100,,1460,,,0,100,,1461,,,0,100,,1462,,,0
2000002600,'TM-H26-TM_GTFS-Fête-2-01',1321,,2108,,,0,302,,2109,,,0,98,,2110,,,0,98,,2111,,,0
2000002600,'TM-H26-TM_GTFS-Semaine-01',1321,,2112,,,0,302,,2113,,,0,98,,2114,,,0,98,,2115,,,0
2000002601,'TM-H26-TM_GTFS-Fête-2-01',613,,2116,4,,0,100,,2117,4,,0,100,,2118,4,,0,401,,2119,4,,0
2000002601,'TM-H26-TM_GTFS-Semaine-01',613,,2120,4,,0,100,,2121,4,,0,100,,2122,4,,0,401,,2123,4,,0
