900,'TM-H26-TM_GTFS-Fête-2-01',640,,331,4,,0,100,,337,4,,0,100,,334,4,,0,102,,335,4,,0,100,,329,4,,0,100,,330,4,,0,302,,336,4,,0,200,,332,4,,0,200,,333,4,,0
900,'TM-H26-TM_GTFS-Semaine-01',640,,340,4,,0,100,,346,4,,0,100,,343,4,,0,102,,344,4,,0,100,,338,4,,0,100,,339,4,,0,302,,345,4,,0,200,,341,4,,0,200,,342,4,,0
2100,'TM-H26-TM_GTFS-Fête-2-01',644,,1465,4,,0,95,,1464,4,,0,100,,1466,4,,0,100,,1467,4,,0,708,,1469,4,,0,98,,1468,4,,0,100,,1463,4,,0
2100,'TM-H26-TM_GTFS-Semaine-01',644,,1472,4,,0,95,,1471,4,,0,100,,1473,4,,0,100,,1474,4,,0,708,,1476,4,,0,98,,1475,4,,0,100,,1470,4,,0
2301,'TM-H26-TM_GTFS-Fête-2-01',812,,1500,4,,0,105,,1503,4,,0,393,,1505,4,,0,200,,1504,4,,0,205,,1501,4,,0,131,,1502,4,,0
2301,'TM-H26-TM_GTFS-Semaine-01',812,,1506,4,,0,105,,1509,4,,0,393,,1511,4,,0,200,,1510,4,,0,205,,1507,4,,0,131,,1508,4,,0
2701,'TM-H26-TM_GTFS-Semaine-01',610,,1585,4,,0,98,,1588,4,,0,100,,1589,4,,0,100,,1590,4,,0,734,,1586,4,,0,101,,1587,4,,0,98,,1591,4,,0
3001,'TM-H26-TM_GTFS-Fête-2-01',626,2,1674,,,0,23,,1683,4,,0,73,2,1685,,,0,94,2,1676,,,0,28,,1675,4,,0,694,2,1695,,,0,64,2,1693,,,0,21,2,1687,,,0,20,2,1696,,,0,10,2,1686,,,0,60,2,1684,,,0,20,2,1692,,,0,19,2,1697,,,0,60,2,1688,,,0,16,2,1689,,,0,30,2,1677,,,0
3001,'TM-H26-TM_GTFS-Semaine-01',626,2,1700,,,0,23,,1710,4,,0,62,2,1736,,,0,11,2,1712,,,0,7,,1699,4,,0,87,2,1702,,,0,28,,1701,4,,0,694,2,1733,,,0,13,2,1717,,,0,51,2,1727,,,0,11,2,1721,,,0,10,2,1718,,,0,10,2,1729,,,0,8,,1715,4,,0,2,2,1734,,,0,10,2,1713,,,0,50,2,1728,,,0,10,2,1711,,,0,10,2,1732,,,0,10,2,1726,,,0,10,2,1714,,,0,9,2,1735,,,0,50,2,1731,,,0,10,2,1719,,,0,6,2,1724,,,0,10,2,1722,,,0,15,2,1720,,,0,15,2,1703,,,0,54,2,1704,,,0
4500,'TM-H26-TM_GTFS-Fête-2-01',1544,,1754,4,,0,103,,1753,4,,0,97,,1755,4,,0
4500,'TM-H26-TM_GTFS-Semaine-01',1544,,1757,4,,0,103,,1756,4,,0,97,,1758,4,,0
