200,'TM-H26-TM_GTFS-Semaine-02',557,,1295,110,,,0,70,,1289,110,,,0,30,,1296,110,,,0,71,,1290,110,,,0,30,,1297,110,,,0,70,,1291,110,,,0,130,,1285,110,,,0,200,,1286,110,,,0,200,,1287,110,0,8 7,0,101,,1284,110,,,0,100,,1293,110,,,0,70,,1292,110,,,0,30,,1294,110,,,0,70,,1288,110,,,0,100,,1277,110,,,0,130,,1283,110,,,0,98,,1280,110,,,0,100,,1279,110,,,0,100,,1281,110,,,0,200,,1282,110,0,12,0
200,'TM-H26-TM_GTFS-Week-end-02',657,,1298,110,,,0,201,,1299,110,,,0,200,,1300,110,,,0,200,,1301,110,,,0,200,,1302,110,,,0,199,,1303,110,,,0,200,,1304,110,,,0,200,,1305,110,,,0,200,,1306,110,,,0,200,,1307,110,0,12,0
401,'TM-H26-TM_GTFS-Semaine-02',548,,1382,190,,,0,100,,1384,190,,,0,100,,1383,190,,,0,101,,1381,190,,,0,1074,,1385,190,,,0
1100,'TM-H26-TM_GTFS-Semaine-02',527,,1561,110,,,0,30,,1583,110,,,0,70,,1572,110,,,0,30,,1568,110,,,0,70,,1562,110,,,0,30,,1584,110,,,0,70,,1573,110,,,0,31,,1576,110,,,0,100,,1580,110,,,0,100,,1577,110,,,0,100,,1581,110,,,0,100,,1578,110,,,0,101,,1582,110,,,0,100,,1589,110,,,0,70,,1569,110,,,0,30,,1571,110,,,0,70,,1574,110,,,0,30,,1563,110,,,0,70,,1570,110,,,0,30,,1585,110,,,0,70,,1575,110,,,0,29,,1564,110,,,0,69,,1579,110,,,0,30,,1586,110,,,0,100,,1565,110,,,0,100,,1587,110,,,0,100,,1566,110,,,0,100,,1588,110,,,0,100,,1567,110,,,0
1100,'TM-H26-TM_GTFS-Week-end-02',557,,1590,110,,,0,100,,1600,110,,,0,100,,1591,110,,,0,100,,1592,110,,,0,100,,1601,110,,,0,101,,1593,110,,,0,100,,1602,110,,,0,100,,1594,110,,,0,100,,1603,110,,,0,100,,1595,110,,,0,100,,1604,110,,,0,100,,1596,110,,,0,100,,1605,110,,,0,100,,1597,110,,,0,100,,1606,110,,,0,100,,1598,110,,,0,100,,1607,110,,,0,100,,1599,110,,,0,100,,1608,110,,,0,100,,1609,110,,,0
2000,'TM-H26-TM_GTFS-Semaine-02',558,,2477,110,,,0,70,,2472,110,,,0,30,,2478,110,,,0,70,,2496,110,,,0,30,,2479,110,,,0,70,,2494,110,,,0,30,,2480,110,,,0,100,,2481,110,,,0,100,,2482,110,,,0,100,,2483,110,,,0,101,,2487,110,,,0,100,,2471,110,,,0,100,,2486,110,,,0,100,,2473,110,,,0,70,,2475,110,,,0,30,,2474,110,,,0,69,,2493,110,,,0,30,,2484,110,,,0,70,,2495,110,,,0,30,,2476,110,,,0,100,,2485,110,,,0,100,,2488,110,,,0,100,,2489,110,,,0,99,,2490,110,,,0,100,,2491,110,,,0,100,,2492,110,,,0
2000,'TM-H26-TM_GTFS-Week-end-02',657,,2506,110,,,0,100,,2507,110,,,0,101,,2508,110,,,0,100,,2497,110,,,0,100,,2498,110,,,0,100,,2499,110,,,0,100,,2500,110,,,0,100,,2501,110,,,0,100,,2502,110,,,0,100,,2503,110,,,0,100,,2504,110,,,0,100,,2505,110,,,0,100,,2509,110,,,0,100,,2510,110,,,0,100,,2511,110,,,0,100,,2512,110,,,0,99,,2513,110,,,0,100,,2514,110,,,0,100,,2515,110,,,0
2100,'TM-H26-TM_GTFS-Semaine-02',657,,2610,110,0,5,0,100,,2612,110,0,5,0,100,,2613,110,0,5,0
2101,'TM-H26-TM_GTFS-Semaine-02',1558,,2619,110,0,5,0,100,,2618,110,0,5,0,100,,2617,110,0,5,0
2700,'TM-H26-TM_GTFS-Semaine-02',721,,2726,110,,,0,100,,2721,110,,,0,707,,2724,110,,,0,100,,2725,110,,,0,100,,2723,110,,,0,99,,2722,110,,,0,100,,2727,110,,,0
