300,'TM-H26-TM_GTFS-Fête-1-01',754,,1309,20,,,0,200,,1310,20,,,0,200,,1311,20,,,0,200,,1312,20,,,0,200,,1313,20,,,0,200,,1314,20,,,0,200,,1315,20,,,0,200,,1316,20,,,0,200,,1317,20,,,0
300,'TM-H26-TM_GTFS-Fête-2-02',554,,1320,20,,,0,70,,1336,20,,,0,30,,1330,20,,,0,70,,1335,20,,,0,30,,1329,20,,,0,100,,1324,20,,,0,201,,1325,20,,,0,200,,1326,20,,,0,170,,1328,20,,,0,105,,1327,20,,,0,95,,1333,20,,,0,30,,1332,20,,,0,70,,1334,20,,,0,30,,1331,20,,,0,100,,1318,20,,,0,169,,1321,20,,,0,100,,1322,20,,,0,230,,1323,20,,,0
300,'TM-H26-TM_GTFS-Semaine-02',554,,1339,20,,,0,70,,1355,20,,,0,30,,1349,20,,,0,70,,1354,20,,,0,30,,1348,20,,,0,100,,1343,20,,,0,201,,1344,20,,,0,200,,1345,20,,,0,170,,1347,20,,,0,105,,1346,20,,,0,95,,1352,20,,,0,30,,1351,20,,,0,70,,1353,20,,,0,30,,1350,20,,,0,100,,1337,20,,,0,169,,1340,20,,,0,100,,1341,20,,,0,230,,1342,20,,,0
300,'TM-H26-TM_GTFS-Week-end-02',754,,1357,20,,,0,200,,1358,20,,,0,200,,1359,20,,,0,200,,1360,20,,,0,200,,1361,20,,,0,200,,1362,20,,,0,200,,1363,20,,,0,200,,1364,20,,,0,200,,1365,20,,,0
1401,'TM-H26-TM_GTFS-Fête-1-01',751,,1801,20,,,0,103,,1798,20,,,0,101,,1812,20,,,0,100,,1808,20,,,0,100,,1806,20,,,0,100,,1809,20,,,0,100,,1807,20,,,0,100,,1810,20,,,0,100,,1813,20,,,0,100,,1811,20,,,0,100,,1796,20,,,0,100,,1799,20,,,0,100,,1797,20,,,0,100,,1802,20,,,0,97,,1805,20,,,0,103,,1803,20,,,0,99,,1800,20,,,0,100,,1804,20,,,0
1401,'TM-H26-TM_GTFS-Fête-2-02',624,,1821,20,,,0,30,,1829,20,,,0,70,,1840,20,,,0,30,,1822,20,,,0,70,,1830,20,,,0,30,,1820,20,,,0,70,,1823,20,,,0,30,,1831,20,,,0,70,,1824,20,,,0,100,,1833,20,,,0,100,,1835,20,,,0,100,,1834,20,,,0,101,,1814,20,,,0,100,,1819,20,,,0,100,,1815,20,,,0,30,,1836,20,,,0,70,,1825,20,,,0,30,,1816,20,,,0,69,,1837,20,,,0,30,,1826,20,,,0,70,,1817,20,,,0,100,,1838,20,,,0,100,,1818,20,,,0,100,,1827,20,,,0,100,,1832,20,,,0,100,,1828,20,,,0,100,,1839,20,,,0
1401,'TM-H26-TM_GTFS-Semaine-02',624,,1848,20,,,0,30,,1856,20,,,0,70,,1867,20,,,0,30,,1849,20,,,0,70,,1857,20,,,0,30,,1847,20,,,0,70,,1850,20,,,0,30,,1858,20,,,0,70,,1851,20,,,0,100,,1860,20,,,0,100,,1862,20,,,0,100,,1861,20,,,0,101,,1841,20,,,0,100,,1846,20,,,0,100,,1842,20,,,0,30,,1863,20,,,0,70,,1852,20,,,0,30,,1843,20,,,0,69,,1864,20,,,0,30,,1853,20,,,0,70,,1844,20,,,0,100,,1865,20,,,0,100,,1845,20,,,0,100,,1854,20,,,0,100,,1859,20,,,0,100,,1855,20,,,0,100,,1866,20,,,0
1401,'TM-H26-TM_GTFS-Week-end-02',751,,1873,20,,,0,103,,1870,20,,,0,101,,1884,20,,,0,100,,1880,20,,,0,100,,1878,20,,,0,100,,1881,20,,,0,100,,1879,20,,,0,100,,1882,20,,,0,100,,1885,20,,,0,100,,1883,20,,,0,100,,1868,20,,,0,100,,1871,20,,,0,100,,1869,20,,,0,100,,1874,20,,,0,97,,1877,20,,,0,103,,1875,20,,,0,99,,1872,20,,,0,100,,1876,20,,,0
1700,'TM-H26-TM_GTFS-Fête-1-01',654,,1886,20,,,0,100,,1896,20,,,0,100,,1887,20,,,0,101,,1897,20,,,0,100,,1888,20,,,0,100,,1898,20,,,0,100,,1889,20,,,0,100,,1899,20,,,0,100,,1890,20,,,0,100,,1900,20,,,0,100,,1891,20,,,0,100,,1901,20,,,0,99,,1892,20,,,0,100,,1902,20,,,0,100,,1893,20,,,0,100,,1903,20,,,0,100,,1894,20,,,0,100,,1904,20,,,0,100,,1895,20,,,0
1700,'TM-H26-TM_GTFS-Fête-2-02',554,,1909,20,,,0,101,,1917,20,,,0,100,,1910,20,,,0,100,,1918,20,,,0,100,,1911,20,,,0,100,,1905,20,,,0,100,,1912,20,,,0,100,,1919,20,,,0,100,,1913,20,,,0,100,,1920,20,,,0,100,,1914,20,,,0,100,,1906,20,,,0,100,,1915,20,,,0,100,,1907,20,,,0,100,,1916,20,,,0,100,,1908,20,,,0,100,,1922,20,,,0,99,,1924,20,,,0,100,,1923,20,,,0,100,,1921,20,,,0
1700,'TM-H26-TM_GTFS-Semaine-02',554,,1929,20,,,0,101,,1937,20,,,0,100,,1930,20,,,0,100,,1938,20,,,0,100,,1931,20,,,0,100,,1925,20,,,0,100,,1932,20,,,0,100,,1939,20,,,0,100,,1933,20,,,0,100,,1940,20,,,0,100,,1934,20,,,0,100,,1926,20,,,0,100,,1935,20,,,0,100,,1927,20,,,0,100,,1936,20,,,0,100,,1928,20,,,0,100,,1942,20,,,0,99,,1944,20,,,0,100,,1943,20,,,0,100,,1941,20,,,0
1700,'TM-H26-TM_GTFS-Week-end-02',654,,1945,20,,,0,100,,1955,20,,,0,100,,1946,20,,,0,101,,1956,20,,,0,100,,1947,20,,,0,100,,1957,20,,,0,100,,1948,20,,,0,100,,1958,20,,,0,100,,1949,20,,,0,100,,1959,20,,,0,100,,1950,20,,,0,100,,1960,20,,,0,99,,1951,20,,,0,100,,1961,20,,,0,100,,1952,20,,,0,100,,1962,20,,,0,100,,1953,20,,,0,100,,1963,20,,,0,100,,1954,20,,,0
1801,'TM-H26-TM_GTFS-Fête-2-02',554,,2088,20,0,5 1 6 7 5,0,100,,2089,20,0,5 1 6 7 5,0,93,,2097,20,0,5 1 6 7 5,0,107,,2090,20,0,5 1 6 7 5,0,200,,2091,20,0,5 1 6 7 5,0,200,,2092,20,0,5 1 6 7 5,0,200,,2093,20,0,5 1 6 7 5,0,101,,2087,20,0,5 1 6 7 5,0,100,,2095,20,0,5 1 6 7 5,0,100,,2094,20,0,5 1 6 7 5,0,199,,2086,20,0,5 1 6 7 5,0,200,,2096,20,0,5 1 6 7 5,0,300,,2098,20,0,12 1 13,0
1801,'TM-H26-TM_GTFS-Semaine-02',554,,2101,20,0,5 1 6 7 5,0,100,,2102,20,0,5 1 6 7 5,0,93,,2110,20,0,5 1 6 7 5,0,107,,2103,20,0,5 1 6 7 5,0,200,,2104,20,0,5 1 6 7 5,0,200,,2105,20,0,5 1 6 7 5,0,200,,2106,20,0,5 1 6 7 5,0,101,,2100,20,0,5 1 6 7 5,0,100,,2108,20,0,5 1 6 7 5,0,100,,2107,20,0,5 1 6 7 5,0,199,,2099,20,0,5 1 6 7 5,0,200,,2109,20,0,5 1 6 7 5,0,300,,2111,20,0,12 1 13,0
