1400,'TM-E26-TM_GTFS-Fête-1-01',621,,3710,10,,,0,100,,3715,10,,,0,98,,3713,10,,,0,99,,3727,10,,,0,99,,3722,10,,,0,100,,3720,10,,,0,100,,3723,10,,,0,100,,3721,10,,,0,100,,3724,10,,,0,102,,3728,10,,,0,100,,3725,10,,,0,100,,3729,10,,,0,100,,3726,10,,,0,100,,3712,10,,,0,100,,3716,10,,,0,100,,3719,10,,,0,101,,3717,10,,,0,102,,3714,10,,,0,100,,3718,10,,,0,100,,3711,10,,,0
1400,'TM-E26-TM_GTFS-Semaine-01',508,,3745,10,,,0,30,,3738,10,,,0,70,,3746,10,,,0,30,,3751,10,,,0,67,,3739,10,,,0,32,,3747,10,,,0,70,,3737,10,,,0,34,,3740,10,,,0,70,,3748,10,,,0,32,,3741,10,,,0,100,,3752,10,,,0,100,,3754,10,,,0,100,,3753,10,,,0,100,,3730,10,,,0,100,,3735,10,,,0,101,,3731,10,,,0,70,,3749,10,,,0,30,,3736,10,,,0,70,,3732,10,,,0,30,,3755,10,,,0,72,,3742,10,,,0,30,,3733,10,,,0,102,,3756,10,,,0,101,,3734,10,,,0,100,,3743,10,,,0,102,,3750,10,,,0,101,,3744,10,,,0,99,,3757,10,,,0
1400,'TM-E26-TM_GTFS-Week-end-01',621,,3758,10,,,0,100,,3763,10,,,0,98,,3761,10,,,0,99,,3775,10,,,0,99,,3770,10,,,0,100,,3768,10,,,0,100,,3771,10,,,0,100,,3769,10,,,0,100,,3772,10,,,0,102,,3776,10,,,0,100,,3773,10,,,0,100,,3777,10,,,0,100,,3774,10,,,0,100,,3760,10,,,0,100,,3764,10,,,0,100,,3767,10,,,0,101,,3765,10,,,0,102,,3762,10,,,0,100,,3766,10,,,0,100,,3759,10,,,0
1401,'TM-E26-TM_GTFS-Fête-1-01',816,,3783,420,4,,0,103,,3780,420,4,,0,101,,3794,420,4,,0,101,,3790,420,4,,0,101,,3788,420,4,,0,100,,3791,420,4,,0,101,,3789,420,4,,0,100,,3792,420,4,,0,100,,3795,420,4,,0,99,,3793,420,4,,0,100,,3778,420,4,,0,99,,3781,420,4,,0,99,,3779,420,4,,0,100,,3784,420,4,,0,97,,3787,420,4,,0,102,,3785,420,4,,0,99,,3782,420,4,,0,100,,3786,420,4,,0
1401,'TM-E26-TM_GTFS-Semaine-01',648,,3803,420,4,,0,71,,3811,420,4,,0,30,,3822,420,4,,0,70,,3804,420,4,,0,30,,3812,420,4,,0,70,,3802,420,4,,0,30,,3805,420,4,,0,70,,3813,420,4,,0,30,,3806,420,4,,0,101,,3815,420,4,,0,102,,3817,420,4,,0,100,,3816,420,4,,0,102,,3796,420,4,,0,103,,3801,420,4,,0,144,,3797,420,4,,0,30,,3818,420,4,,0,28,,3807,420,4,,0,65,,3798,420,4,,0,28,,3819,420,4,,0,70,,3808,420,4,,0,29,,3799,420,4,,0,100,,3820,420,4,,0,100,,3800,420,4,,0,99,,3809,420,4,,0,99,,3814,420,4,,0,98,,3810,420,4,,0,100,,3821,420,4,,0
1401,'TM-E26-TM_GTFS-Week-end-01',816,,3828,420,4,,0,103,,3825,420,4,,0,101,,3839,420,4,,0,101,,3835,420,4,,0,101,,3833,420,4,,0,100,,3836,420,4,,0,101,,3834,420,4,,0,100,,3837,420,4,,0,100,,3840,420,4,,0,99,,3838,420,4,,0,100,,3823,420,4,,0,99,,3826,420,4,,0,99,,3824,420,4,,0,100,,3829,420,4,,0,97,,3832,420,4,,0,102,,3830,420,4,,0,99,,3827,420,4,,0,100,,3831,420,4,,0
41700,'TM-E26-TM_GTFS-Semaine-01',538,,4460,10,,,0,73,,4462,10,,,0,40,,4459,10,,,0,99,,4461,10,,,0
41701,'TM-E26-TM_GTFS-Semaine-01',1749,,4463,390,4,,0,87,,4465,390,4,,0,76,,4466,390,4,,0,38,,4464,390,4,,0
2000041700,'TM-E26-TM_GTFS-Semaine-01',1255,,4701,10,,,0
2000041701,'TM-E26-TM_GTFS-Semaine-01',1355,,4702,390,4,,0
