100,'TM-H26-TM_GTFS-Fête-1-01',626,,1,,,0,96,,2,,,0,100,,3,,,0,101,,4,,,0,100,,5,,,0,100,,6,,,0,100,,7,,,0,100,,8,,,0,104,,9,,,0,100,,10,,,0,100,,11,,,0,100,,12,,,0,99,,13,,,0,100,,14,,,0,99,,15,,,0,100,,16,,,0,99,,17,,,0,100,,18,,,0,100,,19,,,0,100,,20,0,16 1 13 3 7 17 18,0
100,'TM-H26-TM_GTFS-Fête-2-01',553,,21,,,0,70,,49,,,0,30,,47,,,0,70,,39,,,0,30,,48,,,0,70,,27,,,0,30,,44,,,0,70,,28,,,0,100,,29,,,0,100,,30,,,0,100,,31,,,0,100,,32,,,0,100,,33,,,0,100,,34,,,0,30,,45,,,0,71,,35,,,0,30,,46,,,0,70,,37,,,0,29,,25,,,0,70,,36,,,0,29,,24,,,0,69,,38,,,0,30,,26,,,0,70,,40,,,0,100,,50,,,0,100,,51,,,0,100,,41,,,0,100,,42,,,0,100,,43,0,16 1 13 3 7 17 18,0
100,'TM-H26-TM_GTFS-Semaine-01',553,,52,,,0,70,,80,,,0,30,,78,,,0,70,,70,,,0,30,,79,,,0,70,,58,,,0,30,,75,,,0,70,,59,,,0,100,,60,,,0,100,,61,,,0,100,,62,,,0,100,,63,,,0,100,,64,,,0,100,,65,,,0,30,,76,,,0,71,,66,,,0,30,,77,,,0,70,,68,,,0,29,,56,,,0,70,,67,,,0,29,,55,,,0,69,,69,,,0,30,,57,,,0,70,,71,,,0,100,,81,,,0,100,,82,,,0,100,,72,,,0,100,,73,,,0,100,,74,0,16 1 13 3 7 17 18,0
100,'TM-H26-TM_GTFS-Week-end-01',626,,83,,,0,96,,84,,,0,100,,85,,,0,101,,86,,,0,100,,87,,,0,100,,88,,,0,100,,89,,,0,100,,90,,,0,104,,91,,,0,100,,92,,,0,100,,93,,,0,100,,94,,,0,99,,95,,,0,100,,96,,,0,99,,97,,,0,100,,98,,,0,99,,99,,,0,100,,100,,,0,100,,101,,,0,100,,102,0,16 1 13 3 7 17 18,0
1400,'TM-H26-TM_GTFS-Fête-1-01',638,,557,,,0,100,,562,,,0,99,,560,,,0,99,,574,,,0,99,,569,,,0,100,,567,,,0,99,,570,,,0,100,,568,,,0,100,,571,,,0,102,,575,,,0,100,,572,,,0,100,,576,,,0,100,,573,,,0,100,,559,,,0,100,,563,,,0,100,,566,,,0,100,,564,,,0,102,,561,,,0,100,,565,,,0,100,,558,,,0
1400,'TM-H26-TM_GTFS-Fête-2-01',528,,592,,,0,31,,585,,,0,71,,593,,,0,72,,598,,,0,27,,586,,,0,30,,594,,,0,70,,584,,,0,71,,587,,,0,30,,595,,,0,72,,588,,,0,100,,599,,,0,100,,601,,,0,100,,600,,,0,100,,577,,,0,100,,582,,,0,99,,578,,,0,30,,596,,,0,70,,583,,,0,30,,579,,,0,70,,602,,,0,32,,589,,,0,70,,580,,,0,102,,603,,,0,101,,581,,,0,100,,590,,,0,101,,597,,,0,101,,591,,,0,99,,604,,,0
1400,'TM-H26-TM_GTFS-Semaine-01',528,,620,,,0,31,,613,,,0,71,,621,,,0,72,,626,,,0,27,,614,,,0,30,,622,,,0,70,,612,,,0,71,,615,,,0,30,,623,,,0,72,,616,,,0,100,,627,,,0,100,,629,,,0,100,,628,,,0,100,,605,,,0,100,,610,,,0,99,,606,,,0,30,,624,,,0,70,,611,,,0,30,,607,,,0,70,,630,,,0,32,,617,,,0,70,,608,,,0,102,,631,,,0,101,,609,,,0,100,,618,,,0,101,,625,,,0,101,,619,,,0,99,,632,,,0
1400,'TM-H26-TM_GTFS-Week-end-01',638,,633,,,0,100,,638,,,0,99,,636,,,0,99,,650,,,0,99,,645,,,0,100,,643,,,0,99,,646,,,0,100,,644,,,0,100,,647,,,0,102,,651,,,0,100,,648,,,0,100,,652,,,0,100,,649,,,0,100,,635,,,0,100,,639,,,0,100,,642,,,0,100,,640,,,0,102,,637,,,0,100,,641,,,0,100,,634,,,0
1701,'TM-H26-TM_GTFS-Fête-1-01',629,,839,,,0,100,,830,,,0,100,,821,,,0,100,,831,,,0,100,,822,,,0,100,,832,,,0,100,,823,,,0,100,,833,,,0,100,,824,,,0,100,,834,,,0,100,,825,,,0,100,,835,,,0,100,,826,,,0,100,,836,,,0,99,,827,,,0,100,,837,,,0,100,,828,,,0,100,,838,,,0,100,,829,,,0
1701,'TM-H26-TM_GTFS-Fête-2-01',529,,843,,,0,102,,852,,,0,94,,844,,,0,104,,853,,,0,99,,845,,,0,99,,854,,,0,100,,846,,,0,100,,855,,,0,100,,847,,,0,100,,856,,,0,101,,848,,,0,100,,857,,,0,104,,849,,,0,98,,840,,,0,95,,850,,,0,100,,841,,,0,100,,851,,,0,100,,842,,,0,100,,858,,,0,100,,859,,,0
1701,'TM-H26-TM_GTFS-Semaine-01',529,,863,,,0,102,,872,,,0,94,,864,,,0,104,,873,,,0,99,,865,,,0,99,,874,,,0,100,,866,,,0,100,,875,,,0,100,,867,,,0,100,,876,,,0,101,,868,,,0,100,,877,,,0,104,,869,,,0,98,,860,,,0,95,,870,,,0,100,,861,,,0,100,,871,,,0,100,,862,,,0,100,,878,,,0,100,,879,,,0
1701,'TM-H26-TM_GTFS-Week-end-01',629,,898,,,0,100,,889,,,0,100,,880,,,0,100,,890,,,0,100,,881,,,0,100,,891,,,0,100,,882,,,0,100,,892,,,0,100,,883,,,0,100,,893,,,0,100,,884,,,0,100,,894,,,0,100,,885,,,0,100,,895,,,0,99,,886,,,0,100,,896,,,0,100,,887,,,0,100,,897,,,0,100,,888,,,0
