100,'TM-E26-TM_GTFS-Fête-1-01',627,,3333,310,,,0,96,,3334,600,,,0,100,,3335,600,,,0,101,,3336,600,,,0,100,,3337,600,,,0,100,,3338,600,,,0,100,,3339,600,,,0,100,,3340,600,,,0,104,,3341,670,,,0,100,,3342,670,,,0,100,,3343,670,,,0,100,,3344,670,,,0,99,,3345,670,,,0,100,,3346,670,,,0,99,,3347,670,,,0,100,,3348,670,,,0,99,,3349,670,,,0,100,,3350,670,,,0,100,,3351,670,,,0,100,,3352,670,0,13 3 14,0
100,'TM-E26-TM_GTFS-Semaine-01',555,,3353,600,,,0,70,,3381,600,,,0,30,,3379,600,,,0,70,,3371,600,,,0,30,,3380,600,,,0,70,,3359,600,,,0,30,,3376,600,,,0,70,,3360,600,,,0,100,,3361,600,,,0,100,,3362,600,,,0,100,,3363,600,,,0,100,,3364,600,,,0,100,,3365,600,,,0,100,,3366,600,,,0,30,,3377,600,,,0,71,,3367,600,,,0,30,,3378,600,,,0,70,,3369,600,,,0,28,,3357,600,,,0,70,,3368,600,,,0,29,,3356,600,,,0,69,,3370,600,,,0,30,,3358,600,,,0,70,,3372,600,,,0,100,,3382,600,,,0,100,,3383,600,,,0,100,,3373,600,,,0,100,,3374,600,,,0,100,,3375,600,0,13 3 14,0
100,'TM-E26-TM_GTFS-Week-end-01',627,,3384,310,,,0,96,,3385,600,,,0,100,,3386,600,,,0,101,,3387,600,,,0,100,,3388,600,,,0,100,,3389,600,,,0,100,,3390,600,,,0,100,,3391,600,,,0,104,,3392,670,,,0,100,,3393,670,,,0,100,,3394,670,,,0,100,,3395,670,,,0,99,,3396,670,,,0,100,,3397,670,,,0,99,,3398,670,,,0,100,,3399,670,,,0,99,,3400,670,,,0,100,,3401,670,,,0,100,,3402,670,,,0,100,,3403,670,0,13 3 14,0
1400,'TM-E26-TM_GTFS-Fête-1-01',639,,3710,330,,,0,100,,3715,330,,,0,99,,3713,330,,,0,99,,3727,330,,,0,99,,3722,330,,,0,100,,3720,330,,,0,99,,3723,330,,,0,100,,3721,330,,,0,100,,3724,330,,,0,102,,3728,330,,,0,100,,3725,330,,,0,100,,3729,330,,,0,100,,3726,330,,,0,100,,3712,330,,,0,100,,3716,330,,,0,100,,3719,330,,,0,100,,3717,330,,,0,101,,3714,330,,,0,100,,3718,330,,,0,100,,3711,330,,,0
1400,'TM-E26-TM_GTFS-Semaine-01',529,,3745,330,,,0,71,,3738,330,,,0,31,,3746,330,,,0,72,,3751,330,,,0,27,,3739,330,,,0,70,,3747,330,,,0,30,,3737,330,,,0,71,,3740,330,,,0,30,,3748,330,,,0,72,,3741,330,,,0,100,,3752,330,,,0,100,,3754,330,,,0,100,,3753,330,,,0,100,,3730,330,,,0,100,,3735,330,,,0,99,,3731,330,,,0,30,,3749,330,,,0,70,,3736,330,,,0,30,,3732,330,,,0,70,,3755,330,,,0,32,,3742,330,,,0,70,,3733,330,,,0,102,,3756,330,,,0,101,,3734,330,,,0,100,,3743,330,,,0,100,,3750,330,,,0,101,,3744,330,,,0,99,,3757,330,,,0
1400,'TM-E26-TM_GTFS-Week-end-01',639,,3758,330,,,0,100,,3763,330,,,0,99,,3761,330,,,0,99,,3775,330,,,0,99,,3770,330,,,0,100,,3768,330,,,0,99,,3771,330,,,0,100,,3769,330,,,0,100,,3772,330,,,0,102,,3776,330,,,0,100,,3773,330,,,0,100,,3777,330,,,0,100,,3774,330,,,0,100,,3760,330,,,0,100,,3764,330,,,0,100,,3767,330,,,0,100,,3765,330,,,0,101,,3762,330,,,0,100,,3766,330,,,0,100,,3759,330,,,0
1701,'TM-E26-TM_GTFS-Fête-1-01',629,,3917,540,,,0,101,,3908,540,,,0,100,,3899,540,,,0,100,,3909,540,,,0,100,,3900,540,,,0,100,,3910,540,,,0,100,,3901,540,,,0,100,,3911,540,,,0,100,,3902,540,,,0,100,,3912,540,,,0,100,,3903,540,,,0,99,,3913,540,,,0,100,,3904,540,,,0,100,,3914,540,,,0,99,,3905,540,,,0,100,,3915,540,,,0,100,,3906,540,,,0,100,,3916,540,,,0,100,,3907,540,,,0
1701,'TM-E26-TM_GTFS-Semaine-01',530,,3921,540,,,0,102,,3930,540,,,0,94,,3922,540,,,0,104,,3931,540,,,0,99,,3923,540,,,0,99,,3932,540,,,0,100,,3924,540,,,0,100,,3933,540,,,0,100,,3925,540,,,0,100,,3934,540,,,0,101,,3926,540,,,0,100,,3935,540,,,0,104,,3927,540,,,0,97,,3918,540,,,0,95,,3928,540,,,0,100,,3919,540,,,0,100,,3929,540,,,0,100,,3920,540,,,0,100,,3936,540,,,0,100,,3937,540,,,0
1701,'TM-E26-TM_GTFS-Week-end-01',629,,3956,540,,,0,101,,3947,540,,,0,100,,3938,540,,,0,100,,3948,540,,,0,100,,3939,540,,,0,100,,3949,540,,,0,100,,3940,540,,,0,100,,3950,540,,,0,100,,3941,540,,,0,100,,3951,540,,,0,100,,3942,540,,,0,99,,3952,540,,,0,100,,3943,540,,,0,100,,3953,540,,,0,99,,3944,540,,,0,100,,3954,540,,,0,100,,3945,540,,,0,100,,3955,540,,,0,100,,3946,540,,,0
1800,'TM-E26-TM_GTFS-Fête-1-01',722,,3960,460,,,0,100,,3961,460,,,0,100,,3962,460,,,0,399,,3963,460,,,0,201,,3957,460,,,0,100,,3958,460,,,0,100,,3959,460,,,0,299,,3964,460,,,0
1800,'TM-E26-TM_GTFS-Semaine-01',552,,3965,150,,,0,102,,3974,460,,,0,100,,3966,460,,,0,70,,3970,460,,,0,29,,3967,460,,,0,170,,3971,460,,,0,200,,3972,460,,,0,200,,3973,460,,,0,129,,3968,460,,,0,100,,3977,460,,,0,100,,3978,460,,,0,71,,3975,200,,,0,98,,3976,460,,,0,200,,3969,460,,,0
1800,'TM-E26-TM_GTFS-Week-end-01',722,,3982,460,,,0,100,,3983,460,,,0,100,,3984,460,,,0,399,,3985,460,,,0,201,,3979,460,,,0,100,,3980,460,,,0,100,,3981,460,,,0,299,,3986,460,,,0
