300,'TM-E26-TM_GTFS-Fête-1-01',756,,3446,40,,,0,201,,3447,40,,,0,200,,3448,40,,,0,200,,3449,40,,,0,200,,3450,40,,,0,199,,3451,40,,,0,200,,3452,40,,,0,200,,3453,40,,,0,200,,3454,40,,,0
300,'TM-E26-TM_GTFS-Semaine-01',557,,3457,40,,,0,70,,3473,40,,,0,30,,3467,40,,,0,70,,3472,40,,,0,30,,3466,40,,,0,100,,3461,40,,,0,201,,3462,40,,,0,200,,3463,40,,,0,170,,3465,40,,,0,105,,3464,40,,,0,96,,3470,40,,,0,29,,3469,40,,,0,70,,3471,40,,,0,30,,3468,40,,,0,99,,3455,40,,,0,169,,3458,40,,,0,100,,3459,40,,,0,230,,3460,40,,,0
300,'TM-E26-TM_GTFS-Week-end-01',756,,3475,40,,,0,201,,3476,40,,,0,200,,3477,40,,,0,200,,3478,40,,,0,200,,3479,40,,,0,199,,3480,40,,,0,200,,3481,40,,,0,200,,3482,40,,,0,200,,3483,40,,,0
1401,'TM-E26-TM_GTFS-Fête-1-01',753,,3783,40,,,0,103,,3780,40,,,0,101,,3794,40,,,0,100,,3790,40,,,0,100,,3788,40,,,0,100,,3791,40,,,0,101,,3789,40,,,0,99,,3792,40,,,0,100,,3795,40,,,0,100,,3793,40,,,0,100,,3778,40,,,0,100,,3781,40,,,0,100,,3779,40,,,0,100,,3784,40,,,0,97,,3787,40,,,0,103,,3785,40,,,0,99,,3782,40,,,0,100,,3786,40,,,0
1401,'TM-E26-TM_GTFS-Semaine-01',626,,3803,40,,,0,30,,3811,40,,,0,70,,3822,40,,,0,30,,3804,40,,,0,70,,3812,40,,,0,30,,3802,40,,,0,70,,3805,40,,,0,30,,3813,40,,,0,70,,3806,40,,,0,100,,3815,40,,,0,101,,3817,40,,,0,100,,3816,40,,,0,101,,3796,40,,,0,100,,3801,40,,,0,100,,3797,40,,,0,30,,3818,40,,,0,70,,3807,40,,,0,30,,3798,40,,,0,69,,3819,40,,,0,30,,3808,40,,,0,69,,3799,40,,,0,100,,3820,40,,,0,100,,3800,40,,,0,100,,3809,40,,,0,100,,3814,40,,,0,100,,3810,40,,,0,100,,3821,40,,,0
1401,'TM-E26-TM_GTFS-Week-end-01',753,,3828,40,,,0,103,,3825,40,,,0,101,,3839,40,,,0,100,,3835,40,,,0,100,,3833,40,,,0,100,,3836,40,,,0,101,,3834,40,,,0,99,,3837,40,,,0,100,,3840,40,,,0,100,,3838,40,,,0,100,,3823,40,,,0,100,,3826,40,,,0,100,,3824,40,,,0,100,,3829,40,,,0,97,,3832,40,,,0,103,,3830,40,,,0,99,,3827,40,,,0,100,,3831,40,,,0
1700,'TM-E26-TM_GTFS-Fête-1-01',656,,3841,40,,,0,100,,3851,40,,,0,100,,3842,40,,,0,101,,3852,40,,,0,100,,3843,40,,,0,100,,3853,40,,,0,100,,3844,40,,,0,100,,3854,40,,,0,100,,3845,40,,,0,100,,3855,40,,,0,100,,3846,40,,,0,100,,3856,40,,,0,99,,3847,40,,,0,100,,3857,40,,,0,100,,3848,40,,,0,100,,3858,40,,,0,100,,3849,40,,,0,100,,3859,40,,,0,100,,3850,40,,,0
1700,'TM-E26-TM_GTFS-Semaine-01',556,,3864,40,,,0,101,,3872,40,,,0,100,,3865,40,,,0,100,,3873,40,,,0,100,,3866,40,,,0,100,,3860,40,,,0,100,,3867,40,,,0,100,,3874,40,,,0,100,,3868,40,,,0,100,,3875,40,,,0,101,,3869,40,,,0,100,,3861,40,,,0,99,,3870,40,,,0,100,,3862,40,,,0,100,,3871,40,,,0,100,,3863,40,,,0,100,,3877,40,,,0,99,,3879,40,,,0,100,,3878,40,,,0,100,,3876,40,,,0
1700,'TM-E26-TM_GTFS-Week-end-01',656,,3880,40,,,0,100,,3890,40,,,0,100,,3881,40,,,0,101,,3891,40,,,0,100,,3882,40,,,0,100,,3892,40,,,0,100,,3883,40,,,0,100,,3893,40,,,0,100,,3884,40,,,0,100,,3894,40,,,0,100,,3885,40,,,0,100,,3895,40,,,0,99,,3886,40,,,0,100,,3896,40,,,0,100,,3887,40,,,0,100,,3897,40,,,0,100,,3888,40,,,0,100,,3898,40,,,0,100,,3889,40,,,0
2300,'TM-E26-TM_GTFS-Semaine-01',555,,4308,40,,,0,101,,4309,40,,,0,100,,4311,40,,,0,100,,4312,40,,,0,882,,4310,40,,,0
