300,'TM-H26-TM_GTFS-Fête-1-01',755,,1309,30,,,0,200,,1310,30,,,0,200,,1311,30,,,0,200,,1312,30,,,0,200,,1313,30,,,0,200,,1314,30,,,0,200,,1315,30,,,0,200,,1316,30,,,0,199,,1317,30,,,0
300,'TM-H26-TM_GTFS-Fête-2-02',555,,1320,30,,,0,70,,1336,30,,,0,30,,1330,30,,,0,70,,1335,30,,,0,30,,1329,30,,,0,100,,1324,30,,,0,201,,1325,30,,,0,200,,1326,30,,,0,170,,1328,30,,,0,105,,1327,30,,,0,96,,1333,30,,,0,29,,1332,30,,,0,70,,1334,30,,,0,30,,1331,30,,,0,100,,1318,30,,,0,169,,1321,30,,,0,100,,1322,30,,,0,230,,1323,30,,,0
300,'TM-H26-TM_GTFS-Semaine-02',555,,1339,30,,,0,70,,1355,30,,,0,30,,1349,30,,,0,70,,1354,30,,,0,30,,1348,30,,,0,100,,1343,30,,,0,201,,1344,30,,,0,200,,1345,30,,,0,170,,1347,30,,,0,105,,1346,30,,,0,96,,1352,30,,,0,29,,1351,30,,,0,70,,1353,30,,,0,30,,1350,30,,,0,100,,1337,30,,,0,169,,1340,30,,,0,100,,1341,30,,,0,230,,1342,30,,,0
300,'TM-H26-TM_GTFS-Week-end-02',755,,1357,30,,,0,200,,1358,30,,,0,200,,1359,30,,,0,200,,1360,30,,,0,200,,1361,30,,,0,200,,1362,30,,,0,200,,1363,30,,,0,200,,1364,30,,,0,199,,1365,30,,,0
1401,'TM-H26-TM_GTFS-Fête-1-01',752,,1801,30,,,0,103,,1798,30,,,0,101,,1812,30,,,0,100,,1808,30,,,0,100,,1806,30,,,0,100,,1809,30,,,0,100,,1807,30,,,0,100,,1810,30,,,0,100,,1813,30,,,0,100,,1811,30,,,0,100,,1796,30,,,0,100,,1799,30,,,0,100,,1797,30,,,0,100,,1802,30,,,0,97,,1805,30,,,0,103,,1803,30,,,0,99,,1800,30,,,0,100,,1804,30,,,0
1401,'TM-H26-TM_GTFS-Fête-2-02',625,,1821,30,,,0,30,,1829,30,,,0,70,,1840,30,,,0,30,,1822,30,,,0,70,,1830,30,,,0,30,,1820,30,,,0,70,,1823,30,,,0,30,,1831,30,,,0,70,,1824,30,,,0,100,,1833,30,,,0,100,,1835,30,,,0,100,,1834,30,,,0,101,,1814,30,,,0,100,,1819,30,,,0,100,,1815,30,,,0,30,,1836,30,,,0,70,,1825,30,,,0,30,,1816,30,,,0,69,,1837,30,,,0,30,,1826,30,,,0,70,,1817,30,,,0,100,,1838,30,,,0,100,,1818,30,,,0,100,,1827,30,,,0,100,,1832,30,,,0,100,,1828,30,,,0,100,,1839,30,,,0
1401,'TM-H26-TM_GTFS-Semaine-02',625,,1848,30,,,0,30,,1856,30,,,0,70,,1867,30,,,0,30,,1849,30,,,0,70,,1857,30,,,0,30,,1847,30,,,0,70,,1850,30,,,0,30,,1858,30,,,0,70,,1851,30,,,0,100,,1860,30,,,0,100,,1862,30,,,0,100,,1861,30,,,0,101,,1841,30,,,0,100,,1846,30,,,0,100,,1842,30,,,0,30,,1863,30,,,0,70,,1852,30,,,0,30,,1843,30,,,0,69,,1864,30,,,0,30,,1853,30,,,0,70,,1844,30,,,0,100,,1865,30,,,0,100,,1845,30,,,0,100,,1854,30,,,0,100,,1859,30,,,0,100,,1855,30,,,0,100,,1866,30,,,0
1401,'TM-H26-TM_GTFS-Week-end-02',752,,1873,30,,,0,103,,1870,30,,,0,101,,1884,30,,,0,100,,1880,30,,,0,100,,1878,30,,,0,100,,1881,30,,,0,100,,1879,30,,,0,100,,1882,30,,,0,100,,1885,30,,,0,100,,1883,30,,,0,100,,1868,30,,,0,100,,1871,30,,,0,100,,1869,30,,,0,100,,1874,30,,,0,97,,1877,30,,,0,103,,1875,30,,,0,99,,1872,30,,,0,100,,1876,30,,,0
1700,'TM-H26-TM_GTFS-Fête-1-01',655,,1886,30,,,0,100,,1896,30,,,0,100,,1887,30,,,0,101,,1897,30,,,0,100,,1888,30,,,0,100,,1898,30,,,0,100,,1889,30,,,0,100,,1899,30,,,0,100,,1890,30,,,0,100,,1900,30,,,0,100,,1891,30,,,0,100,,1901,30,,,0,99,,1892,30,,,0,100,,1902,30,,,0,100,,1893,30,,,0,100,,1903,30,,,0,100,,1894,30,,,0,100,,1904,30,,,0,100,,1895,30,,,0
1700,'TM-H26-TM_GTFS-Fête-2-02',555,,1909,30,,,0,101,,1917,30,,,0,100,,1910,30,,,0,100,,1918,30,,,0,100,,1911,30,,,0,100,,1905,30,,,0,100,,1912,30,,,0,100,,1919,30,,,0,100,,1913,30,,,0,100,,1920,30,,,0,100,,1914,30,,,0,100,,1906,30,,,0,100,,1915,30,,,0,100,,1907,30,,,0,100,,1916,30,,,0,100,,1908,30,,,0,100,,1922,30,,,0,99,,1924,30,,,0,100,,1923,30,,,0,100,,1921,30,,,0
1700,'TM-H26-TM_GTFS-Semaine-02',555,,1929,30,,,0,101,,1937,30,,,0,100,,1930,30,,,0,100,,1938,30,,,0,100,,1931,30,,,0,100,,1925,30,,,0,100,,1932,30,,,0,100,,1939,30,,,0,100,,1933,30,,,0,100,,1940,30,,,0,100,,1934,30,,,0,100,,1926,30,,,0,100,,1935,30,,,0,100,,1927,30,,,0,100,,1936,30,,,0,100,,1928,30,,,0,100,,1942,30,,,0,99,,1944,30,,,0,100,,1943,30,,,0,100,,1941,30,,,0
1700,'TM-H26-TM_GTFS-Week-end-02',655,,1945,30,,,0,100,,1955,30,,,0,100,,1946,30,,,0,101,,1956,30,,,0,100,,1947,30,,,0,100,,1957,30,,,0,100,,1948,30,,,0,100,,1958,30,,,0,100,,1949,30,,,0,100,,1959,30,,,0,100,,1950,30,,,0,100,,1960,30,,,0,99,,1951,30,,,0,100,,1961,30,,,0,100,,1952,30,,,0,100,,1962,30,,,0,100,,1953,30,,,0,100,,1963,30,,,0,100,,1954,30,,,0
2300,'TM-H26-TM_GTFS-Fête-2-02',554,,2629,30,,,0,101,,2630,30,,,0,100,,2632,30,,,0,100,,2635,30,,,0,300,,2634,30,,,0,200,,2633,30,,,0,381,,2631,30,,,0
2300,'TM-H26-TM_GTFS-Semaine-02',554,,2636,30,,,0,101,,2637,30,,,0,100,,2639,30,,,0,100,,2642,30,,,0,300,,2641,30,,,0,200,,2640,30,,,0,381,,2638,30,,,0
