200,'TM-H26-TM_GTFS-Semaine-02',554,,1295,30,,,0,70,,1289,30,,,0,30,,1296,30,,,0,70,,1290,30,,,0,30,,1297,30,,,0,70,,1291,30,,,0,130,,1285,30,,,0,200,,1286,30,,,0,200,,1287,30,0,8 7,0,100,,1284,30,,,0,100,,1293,30,,,0,70,,1292,30,,,0,30,,1294,30,,,0,70,,1288,30,,,0,100,,1277,30,,,0,130,,1283,30,,,0,100,,1280,30,,,0,100,,1279,30,,,0,100,,1281,30,,,0,200,,1282,30,0,12,0
200,'TM-H26-TM_GTFS-Week-end-02',654,,1298,30,,,0,200,,1299,30,,,0,200,,1300,30,,,0,200,,1301,30,,,0,200,,1302,30,,,0,200,,1303,30,,,0,200,,1304,30,,,0,200,,1305,30,,,0,200,,1306,30,,,0,200,,1307,30,0,12,0
400,'TM-H26-TM_GTFS-Semaine-02',1636,,1375,30,,,0,93,,1371,30,,,0,100,,1372,30,,,0,295,,1373,30,,,0,235,,1374,30,,,0
401,'TM-H26-TM_GTFS-Semaine-02',544,,1382,110,,,0,100,,1384,110,,,0,100,,1383,110,,,0,101,,1381,110,,,0,1074,,1385,110,,,0
800,'TM-H26-TM_GTFS-Semaine-02',624,,1443,560,,,0,102,,1438,560,,,0,100,,1434,560,,,0,99,,1435,560,,,0,100,,1441,560,,,0,100,,1442,560,,,0,100,,1432,560,,,0,100,,1433,560,,,0,100,,1439,560,,,0,102,,1444,560,,,0,100,,1440,560,,,0,100,,1436,560,,,0,97,,1437,560,,,0,100,,1445,560,,,0,100,,1446,560,,,0,100,,1447,560,,,0,100,,1448,560,,,0,100,,1449,560,,,0,99,,1450,560,,,0
800,'TM-H26-TM_GTFS-Week-end-02',624,,1452,260,,,0,99,,1453,560,,,0,100,,1454,560,,,0,100,,1455,560,,,0,101,,1456,560,,,0,100,,1457,560,,,0,100,,1458,560,,,0,100,,1459,560,,,0,100,,1460,560,,,0,100,,1461,560,,,0,100,,1462,560,,,0,100,,1463,560,,,0,99,,1464,560,,,0,100,,1465,560,,,0,100,,1466,560,,,0,100,,1467,560,,,0,100,,1468,560,,,0,100,,1469,560,,,0,100,,1470,560,,,0
1100,'TM-H26-TM_GTFS-Semaine-02',523,,1561,30,,,0,30,,1583,30,,,0,70,,1572,30,,,0,30,,1568,30,,,0,70,,1562,30,,,0,30,,1584,30,,,0,70,,1573,30,,,0,30,,1576,30,,,0,100,,1580,30,,,0,100,,1577,30,,,0,100,,1581,30,,,0,100,,1578,30,,,0,101,,1582,30,,,0,100,,1589,30,,,0,70,,1569,30,,,0,30,,1571,30,,,0,70,,1574,30,,,0,30,,1563,30,,,0,70,,1570,30,,,0,30,,1585,30,,,0,70,,1575,30,,,0,30,,1564,30,,,0,69,,1579,30,,,0,30,,1586,30,,,0,100,,1565,30,,,0,100,,1587,30,,,0,100,,1566,30,,,0,100,,1588,30,,,0,100,,1567,30,,,0
1100,'TM-H26-TM_GTFS-Week-end-02',553,,1590,30,,,0,100,,1600,30,,,0,100,,1591,30,,,0,100,,1592,30,,,0,100,,1601,30,,,0,101,,1593,30,,,0,100,,1602,30,,,0,100,,1594,30,,,0,100,,1603,30,,,0,100,,1595,30,,,0,100,,1604,30,,,0,100,,1596,30,,,0,100,,1605,30,,,0,100,,1597,30,,,0,100,,1606,30,,,0,100,,1598,30,,,0,100,,1607,30,,,0,100,,1599,30,,,0,100,,1608,30,,,0,100,,1609,30,,,0
2000,'TM-H26-TM_GTFS-Semaine-02',554,,2477,30,,,0,70,,2472,30,,,0,30,,2478,30,,,0,70,,2496,30,,,0,30,,2479,30,,,0,70,,2494,30,,,0,30,,2480,30,,,0,100,,2481,30,,,0,100,,2482,30,,,0,100,,2483,30,,,0,100,,2487,30,,,0,100,,2471,30,,,0,100,,2486,30,,,0,100,,2473,30,,,0,70,,2475,30,,,0,30,,2474,30,,,0,70,,2493,30,,,0,30,,2484,30,,,0,70,,2495,30,,,0,30,,2476,30,,,0,100,,2485,30,,,0,100,,2488,30,,,0,100,,2489,30,,,0,100,,2490,30,,,0,100,,2491,30,,,0,100,,2492,30,,,0
2000,'TM-H26-TM_GTFS-Week-end-02',654,,2506,30,,,0,100,,2507,30,,,0,100,,2508,30,,,0,100,,2497,30,,,0,100,,2498,30,,,0,100,,2499,30,,,0,100,,2500,30,,,0,100,,2501,30,,,0,100,,2502,30,,,0,100,,2503,30,,,0,100,,2504,30,,,0,100,,2505,30,,,0,100,,2509,30,,,0,100,,2510,30,,,0,100,,2511,30,,,0,100,,2512,30,,,0,100,,2513,30,,,0,100,,2514,30,,,0,100,,2515,30,,,0
2100,'TM-H26-TM_GTFS-Semaine-02',653,,2610,30,0,5,0,100,,2612,30,0,5,0,100,,2613,30,0,5,0
2101,'TM-H26-TM_GTFS-Semaine-02',1554,,2619,30,0,5,0,100,,2618,30,0,5,0,100,,2617,30,0,5,0
2700,'TM-H26-TM_GTFS-Semaine-02',718,,2726,30,,,0,100,,2721,30,,,0,706,,2724,30,,,0,100,,2725,30,,,0,100,,2723,30,,,0,100,,2722,30,,,0,100,,2727,30,,,0
