200,'TM-H26-TM_GTFS-Fête-1-01',731,,1246,650,,,0,206,,1247,650,,,0,200,,1248,650,,,0,200,,1249,650,,,0,200,,1250,650,,,0,196,,1251,650,,,0,198,,1252,650,,,0,200,,1253,650,,,0,200,,1254,650,,,0
200,'TM-H26-TM_GTFS-Fête-2-02',604,,1257,460,,,0,27,,1274,630,,,0,72,,1268,630,,,0,30,,1275,630,,,0,74,,1269,630,,,0,30,,1276,630,,,0,70,,1270,630,,,0,130,,1264,630,,,0,200,,1265,630,,,0,200,,1266,630,,,0,100,,1263,630,,,0,105,,1272,630,,,0,70,,1271,630,,,0,30,,1273,630,,,0,70,,1267,630,,,0,96,,1256,630,,,0,130,,1262,630,,,0,93,,1259,630,,,0,99,,1258,630,,,0,100,,1260,630,,,0
200,'TM-H26-TM_GTFS-Semaine-02',604,,1278,460,,,0,27,,1295,630,,,0,72,,1289,630,,,0,30,,1296,630,,,0,74,,1290,630,,,0,30,,1297,630,,,0,70,,1291,630,,,0,130,,1285,630,,,0,200,,1286,630,,,0,200,,1287,630,0,8 7,0,100,,1284,630,,,0,105,,1293,630,,,0,70,,1292,630,,,0,30,,1294,630,,,0,70,,1288,630,,,0,96,,1277,630,,,0,130,,1283,630,,,0,93,,1280,630,,,0,99,,1279,630,,,0,100,,1281,630,,,0
200,'TM-H26-TM_GTFS-Week-end-02',731,,1298,650,,,0,206,,1299,650,,,0,200,,1300,650,,,0,200,,1301,650,,,0,200,,1302,650,,,0,196,,1303,650,,,0,198,,1304,650,,,0,200,,1305,650,,,0,200,,1306,650,,,0
1400,'TM-H26-TM_GTFS-Fête-1-01',642,,1700,380,,,0,100,,1705,380,,,0,99,,1703,380,,,0,99,,1717,380,,,0,100,,1712,380,,,0,100,,1710,380,,,0,99,,1713,380,,,0,100,,1711,380,,,0,100,,1714,380,,,0,101,,1718,380,,,0,100,,1715,380,,,0,100,,1719,380,,,0,100,,1716,380,,,0,100,,1702,380,,,0,100,,1706,380,,,0,100,,1709,380,,,0,100,,1707,380,,,0,101,,1704,380,,,0,100,,1708,380,,,0,100,,1701,380,,,0
1400,'TM-H26-TM_GTFS-Fête-2-02',532,,1735,380,,,0,72,,1728,380,,,0,31,,1736,380,,,0,72,,1741,380,,,0,28,,1729,380,,,0,70,,1737,380,,,0,30,,1727,380,,,0,70,,1730,380,,,0,30,,1738,380,,,0,72,,1731,380,,,0,100,,1742,380,,,0,100,,1744,380,,,0,100,,1743,380,,,0,100,,1720,380,,,0,100,,1725,380,,,0,100,,1721,380,,,0,30,,1739,380,,,0,70,,1726,380,,,0,30,,1722,380,,,0,70,,1745,380,,,0,30,,1732,380,,,0,70,,1723,380,,,0,102,,1746,380,,,0,101,,1724,380,,,0,100,,1733,380,,,0,100,,1740,380,,,0,101,,1734,380,,,0,99,,1747,380,,,0
1400,'TM-H26-TM_GTFS-Semaine-02',532,,1763,380,,,0,72,,1756,380,,,0,31,,1764,380,,,0,72,,1769,380,,,0,28,,1757,380,,,0,70,,1765,380,,,0,30,,1755,380,,,0,70,,1758,380,,,0,30,,1766,380,,,0,72,,1759,380,,,0,100,,1770,380,,,0,100,,1772,380,,,0,100,,1771,380,,,0,100,,1748,380,,,0,100,,1753,380,,,0,100,,1749,380,,,0,30,,1767,380,,,0,70,,1754,380,,,0,30,,1750,380,,,0,70,,1773,380,,,0,30,,1760,380,,,0,70,,1751,380,,,0,102,,1774,380,,,0,101,,1752,380,,,0,100,,1761,380,,,0,100,,1768,380,,,0,101,,1762,380,,,0,99,,1775,380,,,0
1400,'TM-H26-TM_GTFS-Week-end-02',642,,1776,380,,,0,100,,1781,380,,,0,99,,1779,380,,,0,99,,1793,380,,,0,100,,1788,380,,,0,100,,1786,380,,,0,99,,1789,380,,,0,100,,1787,380,,,0,100,,1790,380,,,0,101,,1794,380,,,0,100,,1791,380,,,0,100,,1795,380,,,0,100,,1792,380,,,0,100,,1778,380,,,0,100,,1782,380,,,0,100,,1785,380,,,0,100,,1783,380,,,0,101,,1780,380,,,0,100,,1784,380,,,0,100,,1777,380,,,0
1701,'TM-H26-TM_GTFS-Fête-1-01',632,,1982,590,,,0,101,,1973,590,,,0,100,,1964,590,,,0,100,,1974,590,,,0,101,,1965,590,,,0,100,,1975,590,,,0,100,,1966,590,,,0,100,,1976,590,,,0,100,,1967,590,,,0,100,,1977,590,,,0,99,,1968,590,,,0,99,,1978,590,,,0,100,,1969,590,,,0,100,,1979,590,,,0,99,,1970,590,,,0,100,,1980,590,,,0,100,,1971,590,,,0,100,,1981,590,,,0,100,,1972,590,,,0
1701,'TM-H26-TM_GTFS-Fête-2-02',533,,1986,590,,,0,102,,1995,590,,,0,94,,1987,590,,,0,104,,1996,590,,,0,100,,1988,590,,,0,99,,1997,590,,,0,100,,1989,590,,,0,100,,1998,590,,,0,100,,1990,590,,,0,100,,1999,590,,,0,101,,1991,590,,,0,100,,2000,590,,,0,104,,1992,590,,,0,96,,1983,590,,,0,95,,1993,590,,,0,100,,1984,590,,,0,100,,1994,590,,,0,100,,1985,590,,,0,100,,2001,590,,,0,100,,2002,590,,,0
1701,'TM-H26-TM_GTFS-Semaine-02',533,,2006,590,,,0,102,,2015,590,,,0,94,,2007,590,,,0,104,,2016,590,,,0,100,,2008,590,,,0,99,,2017,590,,,0,100,,2009,590,,,0,100,,2018,590,,,0,100,,2010,590,,,0,100,,2019,590,,,0,101,,2011,590,,,0,100,,2020,590,,,0,104,,2012,590,,,0,96,,2003,590,,,0,95,,2013,590,,,0,100,,2004,590,,,0,100,,2014,590,,,0,100,,2005,590,,,0,100,,2021,590,,,0,100,,2022,590,,,0
1701,'TM-H26-TM_GTFS-Week-end-02',632,,2041,590,,,0,101,,2032,590,,,0,100,,2023,590,,,0,100,,2033,590,,,0,101,,2024,590,,,0,100,,2034,590,,,0,100,,2025,590,,,0,100,,2035,590,,,0,100,,2026,590,,,0,100,,2036,590,,,0,99,,2027,590,,,0,99,,2037,590,,,0,100,,2028,590,,,0,100,,2038,590,,,0,99,,2029,590,,,0,100,,2039,590,,,0,100,,2030,590,,,0,100,,2040,590,,,0,100,,2031,590,,,0
1800,'TM-H26-TM_GTFS-Fête-1-01',725,,2045,510,,,0,100,,2046,510,,,0,100,,2047,510,,,0,399,,2048,510,,,0,201,,2042,510,,,0,100,,2043,510,,,0,100,,2044,510,,,0,299,,2049,510,,,0
1800,'TM-H26-TM_GTFS-Fête-2-02',557,,2050,200,,,0,102,,2059,510,,,0,100,,2051,510,,,0,70,,2055,510,,,0,29,,2052,510,,,0,170,,2056,510,,,0,200,,2057,510,,,0,200,,2058,510,,,0,129,,2053,510,,,0,100,,2062,510,,,0,100,,2063,510,,,0,71,,2060,250,,,0,98,,2061,510,,,0,200,,2054,510,,,0
1800,'TM-H26-TM_GTFS-Semaine-02',557,,2064,200,,,0,102,,2073,510,,,0,100,,2065,510,,,0,70,,2069,510,,,0,29,,2066,510,,,0,170,,2070,510,,,0,200,,2071,510,,,0,200,,2072,510,,,0,129,,2067,510,,,0,100,,2076,510,,,0,100,,2077,510,,,0,71,,2074,250,,,0,98,,2075,510,,,0,200,,2068,510,,,0
1800,'TM-H26-TM_GTFS-Week-end-02',725,,2081,510,,,0,100,,2082,510,,,0,100,,2083,510,,,0,399,,2084,510,,,0,201,,2078,510,,,0,100,,2079,510,,,0,100,,2080,510,,,0,299,,2085,510,,,0
2301,'TM-H26-TM_GTFS-Fête-2-02',802,,2643,160,,,0,102,,2646,160,,,0,396,,2648,160,,,0,200,,2647,160,,,0,204,,2644,160,,,0,134,,2645,160,,,0
2301,'TM-H26-TM_GTFS-Semaine-02',802,,2649,160,,,0,102,,2652,160,,,0,396,,2654,160,,,0,200,,2653,160,,,0,204,,2650,160,,,0,134,,2651,160,,,0
