1400,'TM-H26-TM_GTFS-Fête-1-01',629,,1700,170,,,0,100,,1705,170,,,0,99,,1703,170,,,0,98,,1717,170,,,0,99,,1712,170,,,0,100,,1710,170,,,0,100,,1713,170,,,0,100,,1711,170,,,0,100,,1714,170,,,0,102,,1718,170,,,0,100,,1715,170,,,0,100,,1719,170,,,0,100,,1716,170,,,0,100,,1702,170,,,0,100,,1706,170,,,0,100,,1709,170,,,0,101,,1707,170,,,0,102,,1704,170,,,0,100,,1708,170,,,0,100,,1701,170,,,0
1400,'TM-H26-TM_GTFS-Fête-2-02',517,,1735,170,,,0,31,,1728,170,,,0,70,,1736,170,,,0,30,,1741,170,,,0,67,,1729,170,,,0,31,,1737,170,,,0,70,,1727,170,,,0,34,,1730,170,,,0,70,,1738,170,,,0,32,,1731,170,,,0,100,,1742,170,,,0,100,,1744,170,,,0,100,,1743,170,,,0,100,,1720,170,,,0,100,,1725,170,,,0,100,,1721,170,,,0,70,,1739,170,,,0,30,,1726,170,,,0,70,,1722,170,,,0,30,,1745,170,,,0,72,,1732,170,,,0,30,,1723,170,,,0,102,,1746,170,,,0,101,,1724,170,,,0,100,,1733,170,,,0,102,,1740,170,,,0,141,,1734,170,,,0,59,,1747,170,,,0
1400,'TM-H26-TM_GTFS-Semaine-02',517,,1763,170,,,0,31,,1756,170,,,0,70,,1764,170,,,0,30,,1769,170,,,0,67,,1757,170,,,0,31,,1765,170,,,0,70,,1755,170,,,0,34,,1758,170,,,0,70,,1766,170,,,0,32,,1759,170,,,0,100,,1770,170,,,0,100,,1772,170,,,0,100,,1771,170,,,0,100,,1748,170,,,0,100,,1753,170,,,0,100,,1749,170,,,0,70,,1767,170,,,0,30,,1754,170,,,0,70,,1750,170,,,0,30,,1773,170,,,0,72,,1760,170,,,0,30,,1751,170,,,0,102,,1774,170,,,0,101,,1752,170,,,0,100,,1761,170,,,0,102,,1768,170,,,0,141,,1762,170,,,0,59,,1775,170,,,0
1400,'TM-H26-TM_GTFS-Week-end-02',629,,1776,170,,,0,100,,1781,170,,,0,99,,1779,170,,,0,98,,1793,170,,,0,99,,1788,170,,,0,100,,1786,170,,,0,100,,1789,170,,,0,100,,1787,170,,,0,100,,1790,170,,,0,102,,1794,170,,,0,100,,1791,170,,,0,100,,1795,170,,,0,100,,1792,170,,,0,100,,1778,170,,,0,100,,1782,170,,,0,100,,1785,170,,,0,101,,1783,170,,,0,102,,1780,170,,,0,100,,1784,170,,,0,100,,1777,170,,,0
41701,'TM-H26-TM_GTFS-Fête-2-02',1739,,2964,280,,,0,87,,2966,280,,,0,76,,2967,280,,,0,38,,2965,280,,,0
41701,'TM-H26-TM_GTFS-Semaine-02',1739,,2968,280,,,0,87,,2970,280,,,0,76,,2971,280,,,0,38,,2969,280,,,0
2000001501,'TM-H26-TM_GTFS-Fête-2-02',711,,3227,190,,,0,110,,3228,190,,,0,90,,3229,190,,,0,315,,3230,190,,,0
2000001501,'TM-H26-TM_GTFS-Semaine-02',711,,3231,190,,,0,110,,3232,190,,,0,90,,3233,190,,,0,315,,3234,190,,,0
2000041701,'TM-H26-TM_GTFS-Fête-2-02',1345,,3331,280,,,0
2000041701,'TM-H26-TM_GTFS-Semaine-02',1345,,3332,280,,,0
