901,'TM-H26-TM_GTFS-Fête-2-02',1250,,1490,730,,,0,300,,1497,730,,,0,96,,1492,730,,,0,100,,1495,730,,,0,99,,1494,730,,,0,97,,1496,730,,,0,302,,1493,730,,,0
901,'TM-H26-TM_GTFS-Semaine-02',1250,,1501,730,,,0,300,,1508,730,,,0,96,,1503,730,,,0,100,,1506,730,,,0,99,,1505,730,,,0,97,,1507,730,,,0,302,,1504,730,,,0
51200,'TM-H26-TM_GTFS-Fête-1-01',851,,2974,380,4,,0,175,,2975,380,4,,0,175,,2973,380,4,,0,135,,2980,380,4,,0,175,,2977,380,4,,0,135,,2972,380,4,,0,175,,2976,380,4,,0,135,,2979,380,4,,0,174,,2978,380,4,,0,172,,2981,380,4,,0
51200,'TM-H26-TM_GTFS-Fête-2-02',731,,2987,380,4,,0,84,,2983,380,4,,0,127,,2984,380,4,,0,194,,2992,380,4,,0,194,,2986,380,4,,0,192,,2991,380,4,,0,222,,2989,380,4,,0,91,,2985,380,4,,0,102,,2990,380,4,,0,90,,2988,380,4,,0,104,,2982,380,4,,0
51200,'TM-H26-TM_GTFS-Semaine-02',731,,2998,380,4,,0,84,,2994,380,4,,0,127,,2995,380,4,,0,194,,3003,380,4,,0,194,,2997,380,4,,0,192,,3002,380,4,,0,222,,3000,380,4,,0,91,,2996,380,4,,0,102,,3001,380,4,,0,90,,2999,380,4,,0,104,,2993,380,4,,0
51200,'TM-H26-TM_GTFS-Week-end-02',851,,3006,380,4,,0,175,,3007,380,4,,0,175,,3005,380,4,,0,135,,3012,380,4,,0,175,,3009,380,4,,0,135,,3004,380,4,,0,175,,3008,380,4,,0,135,,3011,380,4,,0,174,,3010,380,4,,0,172,,3013,380,4,,0
51201,'TM-H26-TM_GTFS-Fête-1-01',720,,3022,10,,,0,132,,3021,10,,,0,175,,3018,10,,,0,175,,3019,10,,,0,135,,3016,10,,,0,175,,3017,10,,,0,135,,3014,10,,,0,175,,3015,10,,,0,135,,3020,10,,,0,174,,3023,10,,,0
51201,'TM-H26-TM_GTFS-Fête-2-02',532,,3030,10,,,0,83,,3032,10,,,0,117,,3033,10,,,0,211,,3029,10,,,0,194,,3027,10,,,0,194,,3028,10,,,0,192,,3026,10,,,0,120,,3031,10,,,0,102,,3034,10,,,0,91,,3025,10,,,0,109,,3024,10,,,0
51201,'TM-H26-TM_GTFS-Semaine-02',532,,3041,10,,,0,83,,3043,10,,,0,117,,3044,10,,,0,211,,3040,10,,,0,194,,3038,10,,,0,194,,3039,10,,,0,192,,3037,10,,,0,120,,3042,10,,,0,102,,3045,10,,,0,91,,3036,10,,,0,109,,3035,10,,,0
51201,'TM-H26-TM_GTFS-Week-end-02',720,,3054,10,,,0,132,,3053,10,,,0,175,,3050,10,,,0,175,,3051,10,,,0,135,,3048,10,,,0,175,,3049,10,,,0,135,,3046,10,,,0,175,,3047,10,,,0,135,,3052,10,,,0,174,,3055,10,,,0
