300,'TM-H26-TM_GTFS-Semaine-02',539,,1338,520,,,0,99,,1339,640,,,0,70,,1355,640,,,0,31,,1349,640,,,0,70,,1354,640,,,0,32,,1348,640,,,0,100,,1343,640,,,0,200,,1344,640,,,0,200,,1345,640,,,0,171,,1347,640,,,0,105,,1346,640,,,0,99,,1352,640,,,0,28,,1351,640,,,0,66,,1353,640,,,0,30,,1350,640,,,0,95,,1337,640,,,0,167,,1340,640,,,0,100,,1341,640,,,0,227,,1342,640,,,0
300,'TM-H26-TM_GTFS-Week-end-02',632,,1356,530,,,0,201,,1357,650,,,0,208,,1358,650,,,0,200,,1359,650,,,0,200,,1360,650,,,0,195,,1361,650,,,0,197,,1362,650,,,0,199,,1363,650,,,0,200,,1364,650,,,0,198,,1365,650,,,0
400,'TM-H26-TM_GTFS-Semaine-02',1700,,1375,420,,,0,50,,1371,420,,,0,100,,1372,420,,,0,294,,1373,420,,,0,275,,1374,420,,,0
401,'TM-H26-TM_GTFS-Semaine-02',607,,1382,490,,,0,101,,1384,490,,,0,100,,1383,490,,,0,101,,1381,490,,,0,1031,,1385,490,,,0
800,'TM-H26-TM_GTFS-Semaine-02',603,,1443,220,,,0,102,,1438,220,,,0,100,,1434,220,,,0,100,,1435,220,,,0,100,,1441,220,,,0,100,,1442,220,,,0,100,,1432,220,,,0,100,,1433,220,,,0,100,,1439,220,,,0,100,,1444,220,,,0,100,,1440,220,,,0,100,,1436,220,,,0,99,,1437,220,,,0,100,,1445,220,,,0,100,,1446,220,,,0,100,,1447,220,,,0,100,,1448,220,,,0,100,,1449,220,,,0,100,,1450,220,,,0,98,,1451,220,0,16,0
800,'TM-H26-TM_GTFS-Week-end-02',703,,1453,220,,,0,100,,1454,220,,,0,100,,1455,220,,,0,101,,1456,220,,,0,100,,1457,220,,,0,100,,1458,220,,,0,100,,1459,220,,,0,100,,1460,220,,,0,100,,1461,220,,,0,100,,1462,220,,,0,100,,1463,220,,,0,99,,1464,220,,,0,100,,1465,220,,,0,100,,1466,220,,,0,100,,1467,220,,,0,100,,1468,220,,,0,100,,1469,220,,,0,100,,1470,220,,,0,99,,1471,220,0,16,0
1101,'TM-H26-TM_GTFS-Semaine-02',607,,1664,550,,,0,30,,1660,660,,,0,70,,1655,660,,,0,30,,1675,660,,,0,70,,1665,660,,,0,30,,1668,660,,,0,100,,1676,660,,,0,101,,1669,660,,,0,102,,1672,660,,,0,100,,1670,660,,,0,100,,1673,660,,,0,100,,1671,660,,,0,97,,1674,660,,,0,70,,1666,660,,,0,32,,1680,660,,,0,70,,1661,660,,,0,31,,1663,660,,,0,69,,1667,660,,,0,29,,1656,660,,,0,69,,1662,660,,,0,30,,1677,660,,,0,103,,1657,660,,,0,99,,1678,660,,,0,100,,1658,660,,,0,99,,1679,660,,,0,101,,1659,660,,,0
1101,'TM-H26-TM_GTFS-Week-end-02',638,,1691,660,,,0,100,,1681,660,,,0,100,,1692,660,,,0,101,,1682,660,,,0,101,,1683,660,,,0,100,,1693,660,,,0,100,,1684,660,,,0,100,,1694,660,,,0,100,,1685,660,,,0,100,,1695,660,,,0,100,,1686,660,,,0,100,,1696,660,,,0,99,,1687,660,,,0,98,,1697,660,,,0,100,,1688,660,,,0,99,,1698,660,,,0,100,,1689,660,,,0,100,,1699,660,,,0,100,,1690,660,,,0
2001,'TM-H26-TM_GTFS-Semaine-02',538,,2565,290,,,0,101,,2566,290,,,0,70,,2562,290,,,0,30,,2567,290,,,0,72,,2586,290,,,0,30,,2568,290,,,0,70,,2584,290,,,0,30,,2569,290,,,0,100,,2570,290,,,0,101,,2561,290,,,0,100,,2571,290,,,0,100,,2578,290,,,0,99,,2579,290,,,0,99,,2580,290,,,0,100,,2581,290,,,0,65,,2582,290,,,0,30,,2563,290,,,0,70,,2583,290,,,0,30,,2572,290,,,0,71,,2585,290,,,0,28,,2564,290,,,0,105,,2573,290,,,0,99,,2574,290,,,0,97,,2575,290,,,0,100,,2576,290,,,0,100,,2577,290,,,0
2001,'TM-H26-TM_GTFS-Week-end-02',636,,2593,290,,,0,102,,2594,290,,,0,101,,2595,290,,,0,100,,2596,290,,,0,101,,2587,290,,,0,101,,2588,290,,,0,100,,2597,290,,,0,101,,2598,290,,,0,100,,2599,290,,,0,99,,2589,290,,,0,100,,2590,290,,,0,99,,2591,290,,,0,98,,2592,290,,,0,100,,2600,290,,,0,100,,2601,290,,,0,100,,2602,290,,,0,99,,2603,290,,,0,100,,2604,290,,,0,100,,2605,290,,,0
2100,'TM-H26-TM_GTFS-Semaine-02',638,,2611,380,0,5,0,94,,2610,600,0,5,0,100,,2612,600,0,5,0,100,,2613,600,0,5,0
2101,'TM-H26-TM_GTFS-Semaine-02',1640,,2619,600,0,5,0,99,,2618,600,0,5,0,100,,2617,600,0,5,0
2701,'TM-H26-TM_GTFS-Semaine-02',603,,2728,250,,,0,98,,2731,250,,,0,100,,2732,250,,,0,100,,2733,340,,,0,731,,2729,340,,,0,103,,2730,340,,,0,100,,2734,340,,,0
