1401,'TM-H26-TM_GTFS-Fête-1-01',800,,658,,,0,103,,655,,,0,101,,669,,,0,101,,665,,,0,101,,663,,,0,100,,666,,,0,101,,664,,,0,100,,667,,,0,100,,670,,,0,99,,668,,,0,100,,653,,,0,99,,656,,,0,99,,654,,,0,100,,659,,,0,97,,662,,,0,103,,660,,,0,99,,657,,,0,100,,661,,,0
1401,'TM-H26-TM_GTFS-Fête-2-01',634,,678,,,0,70,,686,,,0,30,,697,,,0,70,,679,,,0,30,,687,,,0,70,,677,,,0,30,,680,,,0,70,,688,,,0,30,,681,,,0,101,,690,,,0,101,,692,,,0,100,,691,,,0,102,,671,,,0,101,,676,,,0,103,,672,,,0,70,,693,,,0,28,,682,,,0,68,,673,,,0,28,,694,,,0,70,,683,,,0,29,,674,,,0,100,,695,,,0,100,,675,,,0,99,,684,,,0,99,,689,,,0,99,,685,,,0,100,,696,,,0
1401,'TM-H26-TM_GTFS-Semaine-01',634,,705,,,0,70,,713,,,0,30,,724,,,0,70,,706,,,0,30,,714,,,0,70,,704,,,0,30,,707,,,0,70,,715,,,0,30,,708,,,0,101,,717,,,0,101,,719,,,0,100,,718,,,0,102,,698,,,0,101,,703,,,0,103,,699,,,0,70,,720,,,0,28,,709,,,0,68,,700,,,0,28,,721,,,0,70,,710,,,0,29,,701,,,0,100,,722,,,0,100,,702,,,0,99,,711,,,0,99,,716,,,0,99,,712,,,0,100,,723,,,0
1401,'TM-H26-TM_GTFS-Week-end-01',800,,730,,,0,103,,727,,,0,101,,741,,,0,101,,737,,,0,101,,735,,,0,100,,738,,,0,101,,736,,,0,100,,739,,,0,100,,742,,,0,99,,740,,,0,100,,725,,,0,99,,728,,,0,99,,726,,,0,100,,731,,,0,97,,734,,,0,103,,732,,,0,99,,729,,,0,100,,733,,,0
1700,'TM-H26-TM_GTFS-Fête-1-01',702,,743,,,0,100,,753,,,0,101,,744,,,0,101,,754,,,0,100,,745,,,0,101,,755,,,0,100,,746,,,0,101,,756,,,0,100,,747,,,0,100,,757,,,0,100,,748,,,0,99,,758,,,0,99,,749,,,0,100,,759,,,0,100,,750,,,0,100,,760,,,0,99,,751,,,0,99,,761,,,0,100,,752,,,0
1700,'TM-H26-TM_GTFS-Fête-2-01',603,,766,,,0,101,,774,,,0,100,,767,,,0,100,,775,,,0,101,,768,,,0,100,,762,,,0,100,,769,,,0,100,,776,,,0,101,,770,,,0,102,,777,,,0,103,,771,,,0,100,,763,,,0,96,,772,,,0,98,,764,,,0,99,,773,,,0,100,,765,,,0,100,,779,,,0,99,,781,,,0,100,,780,,,0,98,,778,,,0
1700,'TM-H26-TM_GTFS-Semaine-01',603,,786,,,0,101,,794,,,0,100,,787,,,0,100,,795,,,0,101,,788,,,0,100,,782,,,0,100,,789,,,0,100,,796,,,0,101,,790,,,0,102,,797,,,0,103,,791,,,0,100,,783,,,0,96,,792,,,0,98,,784,,,0,99,,793,,,0,100,,785,,,0,100,,799,,,0,99,,801,,,0,100,,800,,,0,98,,798,,,0
1700,'TM-H26-TM_GTFS-Week-end-01',702,,802,,,0,100,,812,,,0,101,,803,,,0,101,,813,,,0,100,,804,,,0,101,,814,,,0,100,,805,,,0,101,,815,,,0,100,,806,,,0,100,,816,,,0,100,,807,,,0,99,,817,,,0,99,,808,,,0,100,,818,,,0,100,,809,,,0,100,,819,,,0,99,,810,,,0,99,,820,,,0,100,,811,,,0
2000001500,'TM-H26-TM_GTFS-Fête-2-01',1227,,2076,,,0,400,,2077,,,0,100,,2078,,,0,100,,2079,,,0
2000001500,'TM-H26-TM_GTFS-Semaine-01',1227,,2080,,,0,400,,2081,,,0,100,,2082,,,0,100,,2083,,,0
