200,'TM-E26-TM_GTFS-Fête-1-01',730,,3404,640,,,0,206,,3405,640,,,0,200,,3406,640,,,0,200,,3407,640,,,0,200,,3408,640,,,0,196,,3409,640,,,0,198,,3410,640,,,0,200,,3411,640,,,0,200,,3412,640,,,0
200,'TM-E26-TM_GTFS-Semaine-01',603,,3415,450,,,0,27,,3432,620,,,0,72,,3426,620,,,0,30,,3433,620,,,0,74,,3427,620,,,0,30,,3434,620,,,0,70,,3428,620,,,0,130,,3422,620,,,0,200,,3423,620,,,0,200,,3424,620,0,8 7,0,100,,3421,620,,,0,105,,3430,620,,,0,70,,3429,620,,,0,30,,3431,620,,,0,70,,3425,620,,,0,96,,3414,620,,,0,130,,3420,620,,,0,93,,3417,620,,,0,99,,3416,620,,,0,100,,3418,620,,,0
200,'TM-E26-TM_GTFS-Week-end-01',730,,3435,640,,,0,206,,3436,640,,,0,200,,3437,640,,,0,200,,3438,640,,,0,200,,3439,640,,,0,196,,3440,640,,,0,198,,3441,640,,,0,200,,3442,640,,,0,200,,3443,640,,,0
1400,'TM-E26-TM_GTFS-Fête-1-01',642,,3710,370,,,0,100,,3715,370,,,0,99,,3713,370,,,0,99,,3727,370,,,0,100,,3722,370,,,0,100,,3720,370,,,0,99,,3723,370,,,0,100,,3721,370,,,0,100,,3724,370,,,0,101,,3728,370,,,0,100,,3725,370,,,0,100,,3729,370,,,0,100,,3726,370,,,0,100,,3712,370,,,0,100,,3716,370,,,0,100,,3719,370,,,0,100,,3717,370,,,0,101,,3714,370,,,0,100,,3718,370,,,0,100,,3711,370,,,0
1400,'TM-E26-TM_GTFS-Semaine-01',532,,3745,370,,,0,72,,3738,370,,,0,31,,3746,370,,,0,72,,3751,370,,,0,27,,3739,370,,,0,70,,3747,370,,,0,30,,3737,370,,,0,70,,3740,370,,,0,30,,3748,370,,,0,72,,3741,370,,,0,100,,3752,370,,,0,100,,3754,370,,,0,100,,3753,370,,,0,100,,3730,370,,,0,100,,3735,370,,,0,100,,3731,370,,,0,30,,3749,370,,,0,70,,3736,370,,,0,30,,3732,370,,,0,70,,3755,370,,,0,31,,3742,370,,,0,70,,3733,370,,,0,102,,3756,370,,,0,101,,3734,370,,,0,100,,3743,370,,,0,100,,3750,370,,,0,101,,3744,370,,,0,99,,3757,370,,,0
1400,'TM-E26-TM_GTFS-Week-end-01',642,,3758,370,,,0,100,,3763,370,,,0,99,,3761,370,,,0,99,,3775,370,,,0,100,,3770,370,,,0,100,,3768,370,,,0,99,,3771,370,,,0,100,,3769,370,,,0,100,,3772,370,,,0,101,,3776,370,,,0,100,,3773,370,,,0,100,,3777,370,,,0,100,,3774,370,,,0,100,,3760,370,,,0,100,,3764,370,,,0,100,,3767,370,,,0,100,,3765,370,,,0,101,,3762,370,,,0,100,,3766,370,,,0,100,,3759,370,,,0
1701,'TM-E26-TM_GTFS-Fête-1-01',632,,3917,580,,,0,101,,3908,580,,,0,100,,3899,580,,,0,100,,3909,580,,,0,100,,3900,580,,,0,100,,3910,580,,,0,100,,3901,580,,,0,100,,3911,580,,,0,100,,3902,580,,,0,100,,3912,580,,,0,100,,3903,580,,,0,99,,3913,580,,,0,100,,3904,580,,,0,100,,3914,580,,,0,99,,3905,580,,,0,100,,3915,580,,,0,100,,3906,580,,,0,100,,3916,580,,,0,100,,3907,580,,,0
1701,'TM-E26-TM_GTFS-Semaine-01',533,,3921,580,,,0,102,,3930,580,,,0,94,,3922,580,,,0,104,,3931,580,,,0,100,,3923,580,,,0,99,,3932,580,,,0,100,,3924,580,,,0,100,,3933,580,,,0,100,,3925,580,,,0,100,,3934,580,,,0,101,,3926,580,,,0,100,,3935,580,,,0,104,,3927,580,,,0,96,,3918,580,,,0,95,,3928,580,,,0,100,,3919,580,,,0,100,,3929,580,,,0,100,,3920,580,,,0,100,,3936,580,,,0,100,,3937,580,,,0
1701,'TM-E26-TM_GTFS-Week-end-01',632,,3956,580,,,0,101,,3947,580,,,0,100,,3938,580,,,0,100,,3948,580,,,0,100,,3939,580,,,0,100,,3949,580,,,0,100,,3940,580,,,0,100,,3950,580,,,0,100,,3941,580,,,0,100,,3951,580,,,0,100,,3942,580,,,0,99,,3952,580,,,0,100,,3943,580,,,0,100,,3953,580,,,0,99,,3944,580,,,0,100,,3954,580,,,0,100,,3945,580,,,0,100,,3955,580,,,0,100,,3946,580,,,0
1800,'TM-E26-TM_GTFS-Fête-1-01',725,,3960,500,,,0,100,,3961,500,,,0,100,,3962,500,,,0,399,,3963,500,,,0,201,,3957,500,,,0,100,,3958,500,,,0,100,,3959,500,,,0,299,,3964,500,,,0
1800,'TM-E26-TM_GTFS-Semaine-01',555,,3965,190,,,0,102,,3974,500,,,0,100,,3966,500,,,0,70,,3970,500,,,0,29,,3967,500,,,0,170,,3971,500,,,0,200,,3972,500,,,0,200,,3973,500,,,0,129,,3968,500,,,0,100,,3977,500,,,0,100,,3978,500,,,0,71,,3975,240,,,0,98,,3976,500,,,0,200,,3969,500,,,0
1800,'TM-E26-TM_GTFS-Week-end-01',725,,3982,500,,,0,100,,3983,500,,,0,100,,3984,500,,,0,399,,3985,500,,,0,201,,3979,500,,,0,100,,3980,500,,,0,100,,3981,500,,,0,299,,3986,500,,,0
2301,'TM-E26-TM_GTFS-Semaine-01',801,,4313,150,,,0,102,,4316,150,,,0,800,,4314,150,,,0,134,,4315,150,,,0
