300,'TM-H26-TM_GTFS-Fête-1-01',612,,1308,200,,,0,199,,1309,320,,,0,205,,1310,320,,,0,200,,1311,320,,,0,200,,1312,320,,,0,199,,1313,320,,,0,198,,1314,320,,,0,199,,1315,320,,,0,200,,1316,320,,,0,199,,1317,320,,,0
300,'TM-H26-TM_GTFS-Fête-2-02',517,,1319,200,,,0,96,,1320,320,,,0,30,,1336,320,,,0,71,,1330,320,,,0,30,,1335,320,,,0,71,,1329,320,,,0,100,,1324,320,,,0,201,,1325,320,,,0,200,,1326,320,,,0,130,,1328,320,,,0,105,,1327,320,,,0,97,,1333,320,,,0,68,,1332,320,,,0,30,,1334,320,,,0,70,,1331,320,,,0,97,,1318,320,,,0,128,,1321,320,,,0,100,,1322,320,,,0,269,,1323,320,,,0
300,'TM-H26-TM_GTFS-Semaine-02',517,,1338,200,,,0,96,,1339,320,,,0,30,,1355,320,,,0,71,,1349,320,,,0,30,,1354,320,,,0,71,,1348,320,,,0,100,,1343,320,,,0,201,,1344,320,,,0,200,,1345,320,,,0,130,,1347,320,,,0,105,,1346,320,,,0,97,,1352,320,,,0,68,,1351,320,,,0,30,,1353,320,,,0,70,,1350,320,,,0,97,,1337,320,,,0,128,,1340,320,,,0,100,,1341,320,,,0,269,,1342,320,,,0
300,'TM-H26-TM_GTFS-Week-end-02',612,,1356,200,,,0,199,,1357,320,,,0,205,,1358,320,,,0,200,,1359,320,,,0,200,,1360,320,,,0,199,,1361,320,,,0,198,,1362,320,,,0,199,,1363,320,,,0,200,,1364,320,,,0,199,,1365,320,,,0
2001,'TM-H26-TM_GTFS-Fête-1-01',622,,2522,90,,,0,100,,2523,90,,,0,101,,2524,90,,,0,100,,2525,90,,,0,100,,2516,90,,,0,100,,2517,90,,,0,100,,2526,90,,,0,101,,2527,90,,,0,100,,2528,90,,,0,100,,2518,90,,,0,100,,2519,90,,,0,100,,2520,90,,,0,100,,2521,90,,,0,100,,2529,90,,,0,100,,2530,90,,,0,100,,2531,90,,,0,99,,2532,90,,,0,100,,2533,90,,,0,100,,2534,90,,,0
2001,'TM-H26-TM_GTFS-Fête-2-02',524,,2539,90,,,0,99,,2540,90,,,0,30,,2536,90,,,0,70,,2541,90,,,0,32,,2560,90,,,0,70,,2542,90,,,0,30,,2558,90,,,0,70,,2543,90,,,0,100,,2544,90,,,0,100,,2535,90,,,0,100,,2545,90,,,0,100,,2552,90,,,0,98,,2553,90,,,0,99,,2554,90,,,0,100,,2555,90,,,0,25,,2556,90,,,0,71,,2537,90,,,0,30,,2557,90,,,0,70,,2546,90,,,0,31,,2559,90,,,0,70,,2538,90,,,0,105,,2547,90,,,0,99,,2548,90,,,0,100,,2549,90,,,0,100,,2550,90,,,0,100,,2551,90,,,0
2001,'TM-H26-TM_GTFS-Semaine-02',524,,2565,90,,,0,99,,2566,90,,,0,30,,2562,90,,,0,70,,2567,90,,,0,32,,2586,90,,,0,70,,2568,90,,,0,30,,2584,90,,,0,70,,2569,90,,,0,100,,2570,90,,,0,100,,2561,90,,,0,100,,2571,90,,,0,100,,2578,90,,,0,98,,2579,90,,,0,99,,2580,90,,,0,100,,2581,90,,,0,25,,2582,90,,,0,71,,2563,90,,,0,30,,2583,90,,,0,70,,2572,90,,,0,31,,2585,90,,,0,70,,2564,90,,,0,105,,2573,90,,,0,99,,2574,90,,,0,100,,2575,90,,,0,100,,2576,90,,,0,100,,2577,90,,,0
2001,'TM-H26-TM_GTFS-Week-end-02',622,,2593,90,,,0,100,,2594,90,,,0,101,,2595,90,,,0,100,,2596,90,,,0,100,,2587,90,,,0,100,,2588,90,,,0,100,,2597,90,,,0,101,,2598,90,,,0,100,,2599,90,,,0,100,,2589,90,,,0,100,,2590,90,,,0,100,,2591,90,,,0,100,,2592,90,,,0,100,,2600,90,,,0,100,,2601,90,,,0,100,,2602,90,,,0,99,,2603,90,,,0,100,,2604,90,,,0,100,,2605,90,,,0
2101,'TM-H26-TM_GTFS-Fête-2-02',1623,,2616,410,0,5,0,101,,2615,410,0,5,0,100,,2614,410,0,5,0
2101,'TM-H26-TM_GTFS-Semaine-02',1623,,2619,410,0,5,0,101,,2618,410,0,5,0,100,,2617,410,0,5,0
2200,'TM-H26-TM_GTFS-Semaine-02',703,,2620,80,,,0,110,,2621,80,,,0,409,,2622,80,,,0
