200,'TM-H26-TM_GTFS-Fête-1-01',715,,1246,350,,,0,204,,1247,350,,,0,200,,1248,350,,,0,200,,1249,350,,,0,200,,1250,350,,,0,196,,1251,350,,,0,200,,1252,350,,,0,200,,1253,350,,,0,200,,1254,350,,,0,198,,1255,350,0,12,0
200,'TM-H26-TM_GTFS-Fête-2-02',546,,1257,160,,,0,67,,1274,330,,,0,32,,1268,330,,,0,70,,1275,330,,,0,31,,1269,330,,,0,70,,1276,330,,,0,30,,1270,330,,,0,170,,1264,330,,,0,200,,1265,330,,,0,200,,1266,330,,,0,102,,1263,330,,,0,103,,1272,330,,,0,30,,1271,330,,,0,70,,1273,330,,,0,30,,1267,330,,,0,98,,1256,330,,,0,170,,1262,330,,,0,95,,1259,330,,,0,100,,1258,330,,,0,100,,1260,330,,,0,197,,1261,330,0,12,0
200,'TM-H26-TM_GTFS-Semaine-02',546,,1278,160,,,0,67,,1295,330,,,0,32,,1289,330,,,0,70,,1296,330,,,0,31,,1290,330,,,0,70,,1297,330,,,0,30,,1291,330,,,0,170,,1285,330,,,0,200,,1286,330,,,0,200,,1287,330,0,8 7,0,102,,1284,330,,,0,103,,1293,330,,,0,30,,1292,330,,,0,70,,1294,330,,,0,30,,1288,330,,,0,98,,1277,330,,,0,170,,1283,330,,,0,95,,1280,330,,,0,100,,1279,330,,,0,100,,1281,330,,,0,197,,1282,330,0,12,0
200,'TM-H26-TM_GTFS-Week-end-02',715,,1298,350,,,0,204,,1299,350,,,0,200,,1300,350,,,0,200,,1301,350,,,0,200,,1302,350,,,0,196,,1303,350,,,0,200,,1304,350,,,0,200,,1305,350,,,0,200,,1306,350,,,0,198,,1307,350,0,12,0
2000,'TM-H26-TM_GTFS-Fête-1-01',704,,2435,210,,,0,100,,2436,210,,,0,101,,2437,210,,,0,102,,2426,210,,,0,100,,2427,210,,,0,100,,2428,210,,,0,101,,2429,210,,,0,100,,2430,210,,,0,100,,2431,210,,,0,100,,2432,210,,,0,99,,2433,210,,,0,100,,2434,210,,,0,98,,2438,210,,,0,100,,2439,210,,,0,100,,2440,210,,,0,100,,2441,210,,,0,99,,2442,210,,,0,100,,2443,210,,,0,100,,2444,210,,,0
2000,'TM-H26-TM_GTFS-Fête-2-02',605,,2451,210,,,0,30,,2446,210,,,0,70,,2452,210,,,0,30,,2470,210,,,0,70,,2453,210,,,0,30,,2468,210,,,0,71,,2454,210,,,0,100,,2455,210,,,0,100,,2456,210,,,0,100,,2457,210,,,0,102,,2461,210,,,0,100,,2445,210,,,0,100,,2460,210,,,0,100,,2447,210,,,0,30,,2449,210,,,0,70,,2448,210,,,0,29,,2467,210,,,0,70,,2458,210,,,0,29,,2469,210,,,0,70,,2450,210,,,0,99,,2459,210,,,0,100,,2462,210,,,0,100,,2463,210,,,0,99,,2464,210,,,0,100,,2465,210,,,0,100,,2466,210,,,0
2000,'TM-H26-TM_GTFS-Semaine-02',605,,2477,210,,,0,30,,2472,210,,,0,70,,2478,210,,,0,30,,2496,210,,,0,70,,2479,210,,,0,30,,2494,210,,,0,71,,2480,210,,,0,100,,2481,210,,,0,100,,2482,210,,,0,100,,2483,210,,,0,102,,2487,210,,,0,100,,2471,210,,,0,100,,2486,210,,,0,100,,2473,210,,,0,30,,2475,210,,,0,70,,2474,210,,,0,29,,2493,210,,,0,70,,2484,210,,,0,29,,2495,210,,,0,70,,2476,210,,,0,99,,2485,210,,,0,100,,2488,210,,,0,100,,2489,210,,,0,99,,2490,210,,,0,100,,2491,210,,,0,100,,2492,210,,,0
2000,'TM-H26-TM_GTFS-Week-end-02',704,,2506,210,,,0,100,,2507,210,,,0,101,,2508,210,,,0,102,,2497,210,,,0,100,,2498,210,,,0,100,,2499,210,,,0,101,,2500,210,,,0,100,,2501,210,,,0,100,,2502,210,,,0,100,,2503,210,,,0,99,,2504,210,,,0,100,,2505,210,,,0,98,,2509,210,,,0,100,,2510,210,,,0,100,,2511,210,,,0,100,,2512,210,,,0,99,,2513,210,,,0,100,,2514,210,,,0,100,,2515,210,,,0
2100,'TM-H26-TM_GTFS-Fête-2-02',704,,2606,180,0,5,0,100,,2608,180,0,5,0,100,,2609,180,0,5,0
2100,'TM-H26-TM_GTFS-Semaine-02',704,,2610,180,0,5,0,100,,2612,180,0,5,0,100,,2613,180,0,5,0
