300,'TM-H26-TM_GTFS-Semaine-02',535,,1338,440,,,0,98,,1339,560,,,0,70,,1355,560,,,0,31,,1349,560,,,0,70,,1354,560,,,0,32,,1348,560,,,0,100,,1343,560,,,0,200,,1344,560,,,0,200,,1345,560,,,0,170,,1347,560,,,0,105,,1346,560,,,0,99,,1352,560,,,0,28,,1351,560,,,0,67,,1353,560,,,0,30,,1350,560,,,0,95,,1337,560,,,0,128,,1340,560,,,0,100,,1341,560,,,0,267,,1342,560,,,0
300,'TM-H26-TM_GTFS-Week-end-02',628,,1356,450,,,0,201,,1357,570,,,0,207,,1358,570,,,0,200,,1359,570,,,0,200,,1360,570,,,0,197,,1361,570,,,0,197,,1362,570,,,0,199,,1363,570,,,0,200,,1364,570,,,0,198,,1365,570,,,0
400,'TM-H26-TM_GTFS-Semaine-02',1655,,1375,340,,,0,91,,1371,340,,,0,100,,1372,340,,,0,294,,1373,340,,,0,275,,1374,340,,,0
1101,'TM-H26-TM_GTFS-Semaine-02',603,,1664,470,,,0,30,,1660,580,,,0,70,,1655,580,,,0,30,,1675,580,,,0,70,,1665,580,,,0,30,,1668,580,,,0,100,,1676,580,,,0,99,,1669,580,,,0,102,,1672,580,,,0,100,,1670,580,,,0,100,,1673,580,,,0,100,,1671,580,,,0,97,,1674,580,,,0,70,,1666,580,,,0,32,,1680,580,,,0,70,,1661,580,,,0,32,,1663,580,,,0,69,,1667,580,,,0,30,,1656,580,,,0,69,,1662,580,,,0,30,,1677,580,,,0,103,,1657,580,,,0,99,,1678,580,,,0,101,,1658,580,,,0,99,,1679,580,,,0,101,,1659,580,,,0
1101,'TM-H26-TM_GTFS-Week-end-02',635,,1691,580,,,0,100,,1681,580,,,0,100,,1692,580,,,0,100,,1682,580,,,0,101,,1683,580,,,0,100,,1693,580,,,0,100,,1684,580,,,0,100,,1694,580,,,0,100,,1685,580,,,0,100,,1695,580,,,0,100,,1686,580,,,0,100,,1696,580,,,0,99,,1687,580,,,0,99,,1697,580,,,0,100,,1688,580,,,0,99,,1698,580,,,0,100,,1689,580,,,0,100,,1699,580,,,0,100,,1690,580,,,0
2001,'TM-H26-TM_GTFS-Semaine-02',534,,2565,210,,,0,100,,2566,210,,,0,70,,2562,210,,,0,30,,2567,210,,,0,72,,2586,210,,,0,30,,2568,210,,,0,70,,2584,210,,,0,30,,2569,210,,,0,100,,2570,210,,,0,101,,2561,210,,,0,100,,2571,210,,,0,100,,2578,210,,,0,99,,2579,210,,,0,99,,2580,210,,,0,100,,2581,210,,,0,65,,2582,210,,,0,30,,2563,210,,,0,70,,2583,210,,,0,30,,2572,210,,,0,71,,2585,210,,,0,29,,2564,210,,,0,105,,2573,210,,,0,99,,2574,210,,,0,98,,2575,210,,,0,100,,2576,210,,,0,100,,2577,210,,,0
2001,'TM-H26-TM_GTFS-Week-end-02',632,,2593,210,,,0,101,,2594,210,,,0,101,,2595,210,,,0,100,,2596,210,,,0,101,,2587,210,,,0,101,,2588,210,,,0,100,,2597,210,,,0,101,,2598,210,,,0,100,,2599,210,,,0,99,,2589,210,,,0,100,,2590,210,,,0,99,,2591,210,,,0,99,,2592,210,,,0,100,,2600,210,,,0,100,,2601,210,,,0,100,,2602,210,,,0,99,,2603,210,,,0,100,,2604,210,,,0,100,,2605,210,,,0
2100,'TM-H26-TM_GTFS-Semaine-02',634,,2611,300,0,5,0,94,,2610,520,0,5,0,100,,2612,520,0,5,0,100,,2613,520,0,5,0
2101,'TM-H26-TM_GTFS-Semaine-02',1635,,2619,520,0,5,0,100,,2618,520,0,5,0,100,,2617,520,0,5,0
2701,'TM-H26-TM_GTFS-Semaine-02',559,,2728,170,,,0,98,,2731,170,,,0,100,,2732,170,,,0,100,,2733,260,,,0,769,,2729,260,,,0,103,,2730,260,,,0,100,,2734,260,,,0
