300,'TM-H26-TM_GTFS-Semaine-02',535,,1338,450,,,0,98,,1339,570,,,0,70,,1355,570,,,0,31,,1349,570,,,0,70,,1354,570,,,0,32,,1348,570,,,0,100,,1343,570,,,0,200,,1344,570,,,0,200,,1345,570,,,0,171,,1347,570,,,0,105,,1346,570,,,0,99,,1352,570,,,0,28,,1351,570,,,0,66,,1353,570,,,0,30,,1350,570,,,0,95,,1337,570,,,0,128,,1340,570,,,0,100,,1341,570,,,0,268,,1342,570,,,0
300,'TM-H26-TM_GTFS-Week-end-02',629,,1356,460,,,0,201,,1357,580,,,0,207,,1358,580,,,0,200,,1359,580,,,0,200,,1360,580,,,0,197,,1361,580,,,0,197,,1362,580,,,0,199,,1363,580,,,0,200,,1364,580,,,0,198,,1365,580,,,0
400,'TM-H26-TM_GTFS-Semaine-02',1656,,1375,350,,,0,90,,1371,350,,,0,100,,1372,350,,,0,294,,1373,350,,,0,275,,1374,350,,,0
1101,'TM-H26-TM_GTFS-Semaine-02',603,,1664,480,,,0,30,,1660,590,,,0,70,,1655,590,,,0,30,,1675,590,,,0,70,,1665,590,,,0,30,,1668,590,,,0,100,,1676,590,,,0,100,,1669,590,,,0,102,,1672,590,,,0,100,,1670,590,,,0,100,,1673,590,,,0,100,,1671,590,,,0,97,,1674,590,,,0,70,,1666,590,,,0,32,,1680,590,,,0,70,,1661,590,,,0,32,,1663,590,,,0,69,,1667,590,,,0,29,,1656,590,,,0,69,,1662,590,,,0,30,,1677,590,,,0,103,,1657,590,,,0,99,,1678,590,,,0,101,,1658,590,,,0,99,,1679,590,,,0,101,,1659,590,,,0
1101,'TM-H26-TM_GTFS-Week-end-02',635,,1691,590,,,0,100,,1681,590,,,0,100,,1692,590,,,0,100,,1682,590,,,0,101,,1683,590,,,0,100,,1693,590,,,0,100,,1684,590,,,0,100,,1694,590,,,0,100,,1685,590,,,0,100,,1695,590,,,0,100,,1686,590,,,0,100,,1696,590,,,0,99,,1687,590,,,0,99,,1697,590,,,0,100,,1688,590,,,0,99,,1698,590,,,0,100,,1689,590,,,0,100,,1699,590,,,0,100,,1690,590,,,0
2001,'TM-H26-TM_GTFS-Semaine-02',534,,2565,220,,,0,101,,2566,220,,,0,70,,2562,220,,,0,30,,2567,220,,,0,72,,2586,220,,,0,30,,2568,220,,,0,70,,2584,220,,,0,30,,2569,220,,,0,100,,2570,220,,,0,101,,2561,220,,,0,100,,2571,220,,,0,100,,2578,220,,,0,99,,2579,220,,,0,99,,2580,220,,,0,100,,2581,220,,,0,65,,2582,220,,,0,30,,2563,220,,,0,70,,2583,220,,,0,30,,2572,220,,,0,71,,2585,220,,,0,28,,2564,220,,,0,105,,2573,220,,,0,99,,2574,220,,,0,98,,2575,220,,,0,100,,2576,220,,,0,100,,2577,220,,,0
2001,'TM-H26-TM_GTFS-Week-end-02',633,,2593,220,,,0,101,,2594,220,,,0,101,,2595,220,,,0,100,,2596,220,,,0,101,,2587,220,,,0,101,,2588,220,,,0,100,,2597,220,,,0,101,,2598,220,,,0,100,,2599,220,,,0,99,,2589,220,,,0,100,,2590,220,,,0,99,,2591,220,,,0,98,,2592,220,,,0,100,,2600,220,,,0,100,,2601,220,,,0,100,,2602,220,,,0,99,,2603,220,,,0,100,,2604,220,,,0,100,,2605,220,,,0
2100,'TM-H26-TM_GTFS-Semaine-02',635,,2611,310,0,5,0,94,,2610,530,0,5,0,100,,2612,530,0,5,0,100,,2613,530,0,5,0
2101,'TM-H26-TM_GTFS-Semaine-02',1636,,2619,530,0,5,0,99,,2618,530,0,5,0,100,,2617,530,0,5,0
2701,'TM-H26-TM_GTFS-Semaine-02',559,,2728,180,,,0,98,,2731,180,,,0,100,,2732,180,,,0,100,,2733,270,,,0,769,,2729,270,,,0,103,,2730,270,,,0,100,,2734,270,,,0
