300,'TM-H26-TM_GTFS-Semaine-02',537,,1338,470,,,0,98,,1339,590,,,0,70,,1355,590,,,0,31,,1349,590,,,0,70,,1354,590,,,0,32,,1348,590,,,0,100,,1343,590,,,0,200,,1344,590,,,0,200,,1345,590,,,0,171,,1347,590,,,0,105,,1346,590,,,0,99,,1352,590,,,0,28,,1351,590,,,0,66,,1353,590,,,0,30,,1350,590,,,0,95,,1337,590,,,0,168,,1340,590,,,0,100,,1341,590,,,0,227,,1342,590,,,0
300,'TM-H26-TM_GTFS-Week-end-02',630,,1356,480,,,0,201,,1357,600,,,0,207,,1358,600,,,0,200,,1359,600,,,0,200,,1360,600,,,0,197,,1361,600,,,0,197,,1362,600,,,0,199,,1363,600,,,0,200,,1364,600,,,0,198,,1365,600,,,0
400,'TM-H26-TM_GTFS-Semaine-02',1657,,1375,370,,,0,91,,1371,370,,,0,100,,1372,370,,,0,294,,1373,370,,,0,275,,1374,370,,,0
401,'TM-H26-TM_GTFS-Semaine-02',605,,1382,440,,,0,100,,1384,440,,,0,100,,1383,440,,,0,101,,1381,440,,,0,1031,,1385,440,,,0
800,'TM-H26-TM_GTFS-Semaine-02',601,,1443,170,,,0,101,,1438,170,,,0,100,,1434,170,,,0,100,,1435,170,,,0,100,,1441,170,,,0,100,,1442,170,,,0,100,,1432,170,,,0,100,,1433,170,,,0,100,,1439,170,,,0,100,,1444,170,,,0,100,,1440,170,,,0,100,,1436,170,,,0,99,,1437,170,,,0,100,,1445,170,,,0,100,,1446,170,,,0,100,,1447,170,,,0,100,,1448,170,,,0,100,,1449,170,,,0,100,,1450,170,,,0,99,,1451,170,0,16,0
800,'TM-H26-TM_GTFS-Week-end-02',701,,1453,170,,,0,100,,1454,170,,,0,100,,1455,170,,,0,100,,1456,170,,,0,100,,1457,170,,,0,100,,1458,170,,,0,100,,1459,170,,,0,100,,1460,170,,,0,100,,1461,170,,,0,100,,1462,170,,,0,100,,1463,170,,,0,100,,1464,170,,,0,100,,1465,170,,,0,100,,1466,170,,,0,100,,1467,170,,,0,100,,1468,170,,,0,100,,1469,170,,,0,100,,1470,170,,,0,99,,1471,170,0,16,0
1101,'TM-H26-TM_GTFS-Semaine-02',605,,1664,500,,,0,30,,1660,610,,,0,70,,1655,610,,,0,30,,1675,610,,,0,70,,1665,610,,,0,30,,1668,610,,,0,100,,1676,610,,,0,100,,1669,610,,,0,102,,1672,610,,,0,100,,1670,610,,,0,100,,1673,610,,,0,100,,1671,610,,,0,97,,1674,610,,,0,70,,1666,610,,,0,32,,1680,610,,,0,70,,1661,610,,,0,31,,1663,610,,,0,69,,1667,610,,,0,30,,1656,610,,,0,69,,1662,610,,,0,30,,1677,610,,,0,103,,1657,610,,,0,99,,1678,610,,,0,100,,1658,610,,,0,99,,1679,610,,,0,101,,1659,610,,,0
1101,'TM-H26-TM_GTFS-Week-end-02',636,,1691,610,,,0,100,,1681,610,,,0,100,,1692,610,,,0,101,,1682,610,,,0,101,,1683,610,,,0,100,,1693,610,,,0,100,,1684,610,,,0,100,,1694,610,,,0,100,,1685,610,,,0,100,,1695,610,,,0,100,,1686,610,,,0,100,,1696,610,,,0,99,,1687,610,,,0,98,,1697,610,,,0,100,,1688,610,,,0,99,,1698,610,,,0,100,,1689,610,,,0,100,,1699,610,,,0,100,,1690,610,,,0
2001,'TM-H26-TM_GTFS-Semaine-02',536,,2565,240,,,0,100,,2566,240,,,0,70,,2562,240,,,0,30,,2567,240,,,0,72,,2586,240,,,0,30,,2568,240,,,0,70,,2584,240,,,0,30,,2569,240,,,0,100,,2570,240,,,0,101,,2561,240,,,0,100,,2571,240,,,0,100,,2578,240,,,0,100,,2579,240,,,0,99,,2580,240,,,0,100,,2581,240,,,0,64,,2582,240,,,0,30,,2563,240,,,0,70,,2583,240,,,0,30,,2572,240,,,0,71,,2585,240,,,0,29,,2564,240,,,0,105,,2573,240,,,0,99,,2574,240,,,0,97,,2575,240,,,0,100,,2576,240,,,0,100,,2577,240,,,0
2001,'TM-H26-TM_GTFS-Week-end-02',634,,2593,240,,,0,101,,2594,240,,,0,101,,2595,240,,,0,100,,2596,240,,,0,101,,2587,240,,,0,101,,2588,240,,,0,100,,2597,240,,,0,101,,2598,240,,,0,100,,2599,240,,,0,99,,2589,240,,,0,100,,2590,240,,,0,99,,2591,240,,,0,99,,2592,240,,,0,100,,2600,240,,,0,100,,2601,240,,,0,100,,2602,240,,,0,99,,2603,240,,,0,100,,2604,240,,,0,100,,2605,240,,,0
2100,'TM-H26-TM_GTFS-Semaine-02',636,,2611,330,0,5,0,94,,2610,550,0,5,0,100,,2612,550,0,5,0,100,,2613,550,0,5,0
2101,'TM-H26-TM_GTFS-Semaine-02',1637,,2619,550,0,5,0,100,,2618,550,0,5,0,100,,2617,550,0,5,0
2701,'TM-H26-TM_GTFS-Semaine-02',601,,2728,200,,,0,58,,2731,200,,,0,100,,2732,200,,,0,100,,2733,290,,,0,769,,2729,290,,,0,103,,2730,290,,,0,100,,2734,290,,,0
