1100,'TM-H26-TM_GTFS-Fête-1-01',627,,1512,550,,,0,100,,1522,550,,,0,101,,1513,550,,,0,101,,1514,550,,,0,100,,1523,550,,,0,101,,1515,550,,,0,100,,1524,550,,,0,100,,1516,550,,,0,100,,1525,550,,,0,100,,1517,550,,,0,100,,1526,550,,,0,100,,1518,550,,,0,99,,1527,550,,,0,100,,1519,550,,,0,100,,1528,550,,,0,98,,1520,550,,,0,100,,1529,550,,,0,100,,1521,550,,,0,100,,1530,550,,,0,100,,1531,550,,,0
1100,'TM-H26-TM_GTFS-Fête-2-02',557,,1532,550,,,0,70,,1554,550,,,0,30,,1543,550,,,0,70,,1539,550,,,0,30,,1533,550,,,0,70,,1555,550,,,0,30,,1544,550,,,0,71,,1547,550,,,0,101,,1551,550,,,0,100,,1548,550,,,0,100,,1552,550,,,0,100,,1549,550,,,0,101,,1553,550,,,0,100,,1560,550,,,0,70,,1540,550,,,0,31,,1542,550,,,0,69,,1545,550,,,0,30,,1534,550,,,0,70,,1541,550,,,0,30,,1556,550,,,0,70,,1546,550,,,0,29,,1535,550,,,0,28,,1550,550,,,0,70,,1557,550,,,0,100,,1536,550,,,0,100,,1558,550,,,0,100,,1537,550,,,0,100,,1559,550,,,0,100,,1538,550,,,0
1100,'TM-H26-TM_GTFS-Semaine-02',557,,1561,550,,,0,70,,1583,550,,,0,30,,1572,550,,,0,70,,1568,550,,,0,30,,1562,550,,,0,70,,1584,550,,,0,30,,1573,550,,,0,71,,1576,550,,,0,101,,1580,550,,,0,100,,1577,550,,,0,100,,1581,550,,,0,100,,1578,550,,,0,101,,1582,550,,,0,100,,1589,550,,,0,70,,1569,550,,,0,31,,1571,550,,,0,69,,1574,550,,,0,30,,1563,550,,,0,70,,1570,550,,,0,30,,1585,550,,,0,70,,1575,550,,,0,29,,1564,550,,,0,28,,1579,550,,,0,70,,1586,550,,,0,100,,1565,550,,,0,100,,1587,550,,,0,100,,1566,550,,,0,100,,1588,550,,,0,100,,1567,550,,,0
1100,'TM-H26-TM_GTFS-Week-end-02',627,,1590,550,,,0,100,,1600,550,,,0,101,,1591,550,,,0,101,,1592,550,,,0,100,,1601,550,,,0,101,,1593,550,,,0,100,,1602,550,,,0,100,,1594,550,,,0,100,,1603,550,,,0,100,,1595,550,,,0,100,,1604,550,,,0,100,,1596,550,,,0,99,,1605,550,,,0,100,,1597,550,,,0,100,,1606,550,,,0,98,,1598,550,,,0,100,,1607,550,,,0,100,,1599,550,,,0,100,,1608,550,,,0,100,,1609,550,,,0
1101,'TM-H26-TM_GTFS-Fête-1-01',602,,1620,100,,,0,100,,1610,100,,,0,100,,1621,100,,,0,101,,1611,100,,,0,100,,1612,100,,,0,100,,1622,100,,,0,100,,1613,100,,,0,100,,1623,100,,,0,100,,1614,100,,,0,100,,1624,100,,,0,100,,1615,100,,,0,100,,1625,100,,,0,100,,1616,100,,,0,100,,1626,100,,,0,100,,1617,100,,,0,99,,1627,100,,,0,100,,1618,100,,,0,100,,1628,100,,,0,100,,1619,100,,,0
1101,'TM-H26-TM_GTFS-Fête-2-02',601,,1634,100,,,0,30,,1629,100,,,0,70,,1649,100,,,0,30,,1639,100,,,0,70,,1642,100,,,0,100,,1650,100,,,0,57,,1643,100,,,0,142,,1646,100,,,0,100,,1644,100,,,0,100,,1647,100,,,0,100,,1645,100,,,0,57,,1648,100,,,0,70,,1640,100,,,0,73,,1654,100,,,0,30,,1635,100,,,0,72,,1637,100,,,0,29,,1641,100,,,0,70,,1630,100,,,0,29,,1636,100,,,0,72,,1651,100,,,0,103,,1631,100,,,0,99,,1652,100,,,0,101,,1632,100,,,0,99,,1653,100,,,0,101,,1633,100,,,0
1101,'TM-H26-TM_GTFS-Semaine-02',601,,1660,100,,,0,30,,1655,100,,,0,70,,1675,100,,,0,30,,1665,100,,,0,70,,1668,100,,,0,100,,1676,100,,,0,57,,1669,100,,,0,142,,1672,100,,,0,100,,1670,100,,,0,100,,1673,100,,,0,100,,1671,100,,,0,57,,1674,100,,,0,70,,1666,100,,,0,73,,1680,100,,,0,30,,1661,100,,,0,72,,1663,100,,,0,29,,1667,100,,,0,70,,1656,100,,,0,29,,1662,100,,,0,72,,1677,100,,,0,103,,1657,100,,,0,99,,1678,100,,,0,101,,1658,100,,,0,99,,1679,100,,,0,101,,1659,100,,,0
1101,'TM-H26-TM_GTFS-Week-end-02',602,,1691,100,,,0,100,,1681,100,,,0,100,,1692,100,,,0,101,,1682,100,,,0,100,,1683,100,,,0,100,,1693,100,,,0,100,,1684,100,,,0,100,,1694,100,,,0,100,,1685,100,,,0,100,,1695,100,,,0,100,,1686,100,,,0,100,,1696,100,,,0,100,,1687,100,,,0,100,,1697,100,,,0,100,,1688,100,,,0,99,,1698,100,,,0,100,,1689,100,,,0,100,,1699,100,,,0,100,,1690,100,,,0
4000,'TM-H26-TM_GTFS-Fête-1-01',725,,2884,270,,,0,397,,2885,270,,,0,500,,2886,270,,,0
4000,'TM-H26-TM_GTFS-Week-end-02',725,,2887,270,,,0,397,,2888,270,,,0,500,,2889,270,,,0
4001,'TM-H26-TM_GTFS-Fête-1-01',812,,2890,110,,,0,401,,2891,110,,,0,499,,2892,110,,,0
4001,'TM-H26-TM_GTFS-Week-end-02',812,,2893,110,,,0,401,,2894,110,,,0,499,,2895,110,,,0
