'TM-A25-TMGTFS-Semaine-01',2500,60900,4,'',0,3100,4,'',0,7200,4,'',0,3100,4,'',0,6800,4,'',0,3000,4,'',0,6800,4,'',0,10000,4,'',0,10000,4,'',0,10000,4,'',0,13000,4,'',0,10400,4,'',0,9700,4,'',0,7000,4,'',0,10000,4,'',0,9900,4,'',0
'TM-A25-TMGTFS-Semaine-03',2500,60900,4,'',0,3100,4,'',0,7200,4,'',0,3100,4,'',0,6800,4,'',0,3000,4,'',0,6800,4,'',0,10000,4,'',0,10000,4,'',0,10000,4,'',0,13000,4,'',0,10400,4,'',0,9700,4,'',0,7000,4,'',0,10000,4,'',0,9900,4,'',0
'TM-A25-TMGTFS-Semaine-04',2500,60900,4,'',0,3100,4,'',0,7200,4,'',0,3100,4,'',0,6800,4,'',0,3000,4,'',0,6800,4,'',0,10000,4,'',0,10000,4,'',0,10000,4,'',0,13000,4,'',0,10400,4,'',0,9700,4,'',0,7000,4,'',0,10000,4,'',0,9900,4,'',0
'TM-A25-TMGTFS-Semaine-05',2500,60900,4,'',0,3100,4,'',0,7200,4,'',0,3100,4,'',0,6800,4,'',0,3000,4,'',0,6800,4,'',0,10000,4,'',0,10000,4,'',0,10000,4,'',0,13000,4,'',0,10400,4,'',0,9700,4,'',0,7000,4,'',0,10000,4,'',0,9900,4,'',0
'TM-A25-TMGTFS-Fête-1-02',2002500,70900,4,'',0,10000,4,'',0,10000,4,'',0,10000,4,'',0,10000,4,'',0,10000,4,'',0,10000,4,'',0,10000,4,'',0,10000,4,'',0,10200,4,'',0,10000,4,'',0,9900,4,'',0,10000,4,'',0,10000,4,'',0,10000,4,'',0,10000,4,'',0,10000,4,'',0,10000,4,'',0,10000,4,'',0
'TM-A25-TMGTFS-Fête-1-03',2002500,70900,4,'',0,10000,4,'',0,10000,4,'',0,10000,4,'',0,10000,4,'',0,10000,4,'',0,10000,4,'',0,10000,4,'',0,10000,4,'',0,10200,4,'',0,10000,4,'',0,9900,4,'',0,10000,4,'',0,10000,4,'',0,10000,4,'',0,10000,4,'',0,10000,4,'',0,10000,4,'',0,10000,4,'',0
'TM-A25-TMGTFS-Semaine-01',2002500,191000,4,'',0,10000,4,'',0,9900,4,'',0,10000,4,'',0,10000,4,'',0,10000,4,'',0,10000,4,'',0
'TM-A25-TMGTFS-Semaine-03',2002500,191000,4,'',0,10000,4,'',0,9900,4,'',0,10000,4,'',0,10000,4,'',0,10000,4,'',0,10000,4,'',0
'TM-A25-TMGTFS-Semaine-04',2002500,191000,4,'',0,10000,4,'',0,9900,4,'',0,10000,4,'',0,10000,4,'',0,10000,4,'',0,10000,4,'',0
'TM-A25-TMGTFS-Semaine-05',2002500,191000,4,'',0,10000,4,'',0,9900,4,'',0,10000,4,'',0,10000,4,'',0,10000,4,'',0,10000,4,'',0
'TM-A25-TMGTFS-Week-end-01',2002500,70900,4,'',0,10000,4,'',0,10000,4,'',0,10000,4,'',0,10000,4,'',0,10000,4,'',0,10000,4,'',0,10000,4,'',0,10000,4,'',0,10200,4,'',0,10000,4,'',0,9900,4,'',0,10000,4,'',0,10000,4,'',0,10000,4,'',0,10000,4,'',0,10000,4,'',0,10000,4,'',0,10000,4,'',0
'TM-A25-TMGTFS-Week-end-02',2002500,70900,4,'',0,10000,4,'',0,10000,4,'',0,10000,4,'',0,10000,4,'',0,10000,4,'',0,10000,4,'',0,10000,4,'',0,10000,4,'',0,10200,4,'',0,10000,4,'',0,9900,4,'',0,10000,4,'',0,10000,4,'',0,10000,4,'',0,10000,4,'',0,10000,4,'',0,10000,4,'',0,10000,4,'',0
