300,'TM-H26-TM_GTFS-Fête-1-01',625,,1308,430,,,0,201,,1309,550,,,0,207,,1310,550,,,0,200,,1311,550,,,0,200,,1312,550,,,0,197,,1313,550,,,0,197,,1314,550,,,0,199,,1315,550,,,0,200,,1316,550,,,0,198,,1317,550,,,0
300,'TM-H26-TM_GTFS-Fête-2-02',532,,1319,420,,,0,98,,1320,540,,,0,70,,1336,540,,,0,31,,1330,540,,,0,70,,1335,540,,,0,32,,1329,540,,,0,100,,1324,540,,,0,200,,1325,540,,,0,200,,1326,540,,,0,170,,1328,540,,,0,105,,1327,540,,,0,99,,1333,540,,,0,28,,1332,540,,,0,67,,1334,540,,,0,30,,1331,540,,,0,95,,1318,540,,,0,128,,1321,540,,,0,100,,1322,540,,,0,268,,1323,540,,,0
300,'TM-H26-TM_GTFS-Semaine-02',532,,1338,420,,,0,98,,1339,540,,,0,70,,1355,540,,,0,31,,1349,540,,,0,70,,1354,540,,,0,32,,1348,540,,,0,100,,1343,540,,,0,200,,1344,540,,,0,200,,1345,540,,,0,170,,1347,540,,,0,105,,1346,540,,,0,99,,1352,540,,,0,28,,1351,540,,,0,67,,1353,540,,,0,30,,1350,540,,,0,95,,1337,540,,,0,128,,1340,540,,,0,100,,1341,540,,,0,268,,1342,540,,,0
300,'TM-H26-TM_GTFS-Week-end-02',625,,1356,430,,,0,201,,1357,550,,,0,207,,1358,550,,,0,200,,1359,550,,,0,200,,1360,550,,,0,197,,1361,550,,,0,197,,1362,550,,,0,199,,1363,550,,,0,200,,1364,550,,,0,198,,1365,550,,,0
2001,'TM-H26-TM_GTFS-Fête-1-01',629,,2522,190,,,0,101,,2523,190,,,0,101,,2524,190,,,0,100,,2525,190,,,0,101,,2516,190,,,0,101,,2517,190,,,0,100,,2526,190,,,0,101,,2527,190,,,0,100,,2528,190,,,0,99,,2518,190,,,0,100,,2519,190,,,0,99,,2520,190,,,0,98,,2521,190,,,0,100,,2529,190,,,0,100,,2530,190,,,0,100,,2531,190,,,0,99,,2532,190,,,0,100,,2533,190,,,0,100,,2534,190,,,0
2001,'TM-H26-TM_GTFS-Fête-2-02',530,,2539,190,,,0,101,,2540,190,,,0,70,,2536,190,,,0,30,,2541,190,,,0,72,,2560,190,,,0,30,,2542,190,,,0,70,,2558,190,,,0,30,,2543,190,,,0,100,,2544,190,,,0,101,,2535,190,,,0,100,,2545,190,,,0,100,,2552,190,,,0,98,,2553,190,,,0,99,,2554,190,,,0,100,,2555,190,,,0,25,,2556,190,,,0,70,,2537,190,,,0,30,,2557,190,,,0,70,,2546,190,,,0,31,,2559,190,,,0,69,,2538,190,,,0,105,,2547,190,,,0,99,,2548,190,,,0,99,,2549,190,,,0,100,,2550,190,,,0,100,,2551,190,,,0
2001,'TM-H26-TM_GTFS-Semaine-02',530,,2565,190,,,0,101,,2566,190,,,0,70,,2562,190,,,0,30,,2567,190,,,0,72,,2586,190,,,0,30,,2568,190,,,0,70,,2584,190,,,0,30,,2569,190,,,0,100,,2570,190,,,0,101,,2561,190,,,0,100,,2571,190,,,0,100,,2578,190,,,0,98,,2579,190,,,0,99,,2580,190,,,0,100,,2581,190,,,0,25,,2582,190,,,0,70,,2563,190,,,0,30,,2583,190,,,0,70,,2572,190,,,0,31,,2585,190,,,0,69,,2564,190,,,0,105,,2573,190,,,0,99,,2574,190,,,0,99,,2575,190,,,0,100,,2576,190,,,0,100,,2577,190,,,0
2001,'TM-H26-TM_GTFS-Week-end-02',629,,2593,190,,,0,101,,2594,190,,,0,101,,2595,190,,,0,100,,2596,190,,,0,101,,2587,190,,,0,101,,2588,190,,,0,100,,2597,190,,,0,101,,2598,190,,,0,100,,2599,190,,,0,99,,2589,190,,,0,100,,2590,190,,,0,99,,2591,190,,,0,98,,2592,190,,,0,100,,2600,190,,,0,100,,2601,190,,,0,100,,2602,190,,,0,99,,2603,190,,,0,100,,2604,190,,,0,100,,2605,190,,,0
2100,'TM-H26-TM_GTFS-Fête-2-02',632,,2607,280,0,5,0,93,,2606,500,0,5,0,100,,2608,500,0,5,0,100,,2609,500,0,5,0
2100,'TM-H26-TM_GTFS-Semaine-02',632,,2611,280,0,5,0,93,,2610,500,0,5,0,100,,2612,500,0,5,0,100,,2613,500,0,5,0
2101,'TM-H26-TM_GTFS-Fête-2-02',1631,,2616,500,0,5,0,100,,2615,500,0,5,0,100,,2614,500,0,5,0
2101,'TM-H26-TM_GTFS-Semaine-02',1631,,2619,500,0,5,0,100,,2618,500,0,5,0,100,,2617,500,0,5,0
2701,'TM-H26-TM_GTFS-Semaine-02',556,,2728,150,,,0,98,,2731,150,,,0,100,,2732,150,,,0,100,,2733,240,,,0,769,,2729,240,,,0,103,,2730,240,,,0,100,,2734,240,,,0
