200,'TM-E26-TM_GTFS-Fête-1-01',732,,3404,660,,,0,206,,3405,660,,,0,200,,3406,660,,,0,200,,3407,660,,,0,200,,3408,660,,,0,196,,3409,660,,,0,198,,3410,660,,,0,200,,3411,660,,,0,200,,3412,660,,,0
200,'TM-E26-TM_GTFS-Semaine-01',605,,3415,470,,,0,27,,3432,640,,,0,72,,3426,640,,,0,30,,3433,640,,,0,74,,3427,640,,,0,30,,3434,640,,,0,70,,3428,640,,,0,130,,3422,640,,,0,200,,3423,640,,,0,200,,3424,640,0,8 7,0,100,,3421,640,,,0,105,,3430,640,,,0,70,,3429,640,,,0,30,,3431,640,,,0,70,,3425,640,,,0,95,,3414,640,,,0,130,,3420,640,,,0,93,,3417,640,,,0,99,,3416,640,,,0,100,,3418,640,,,0
200,'TM-E26-TM_GTFS-Week-end-01',732,,3435,660,,,0,206,,3436,660,,,0,200,,3437,660,,,0,200,,3438,660,,,0,200,,3439,660,,,0,196,,3440,660,,,0,198,,3441,660,,,0,200,,3442,660,,,0,200,,3443,660,,,0
1400,'TM-E26-TM_GTFS-Fête-1-01',642,,3710,390,,,0,100,,3715,390,,,0,100,,3713,390,,,0,99,,3727,390,,,0,100,,3722,390,,,0,100,,3720,390,,,0,99,,3723,390,,,0,100,,3721,390,,,0,100,,3724,390,,,0,101,,3728,390,,,0,100,,3725,390,,,0,100,,3729,390,,,0,100,,3726,390,,,0,100,,3712,390,,,0,100,,3716,390,,,0,100,,3719,390,,,0,100,,3717,390,,,0,100,,3714,390,,,0,100,,3718,390,,,0,100,,3711,390,,,0
1400,'TM-E26-TM_GTFS-Semaine-01',533,,3745,390,,,0,72,,3738,390,,,0,31,,3746,390,,,0,72,,3751,390,,,0,27,,3739,390,,,0,70,,3747,390,,,0,30,,3737,390,,,0,70,,3740,390,,,0,30,,3748,390,,,0,72,,3741,390,,,0,100,,3752,390,,,0,100,,3754,390,,,0,100,,3753,390,,,0,100,,3730,390,,,0,100,,3735,390,,,0,100,,3731,390,,,0,30,,3749,390,,,0,70,,3736,390,,,0,30,,3732,390,,,0,70,,3755,390,,,0,31,,3742,390,,,0,70,,3733,390,,,0,102,,3756,390,,,0,101,,3734,390,,,0,100,,3743,390,,,0,100,,3750,390,,,0,101,,3744,390,,,0,99,,3757,390,,,0
1400,'TM-E26-TM_GTFS-Week-end-01',642,,3758,390,,,0,100,,3763,390,,,0,100,,3761,390,,,0,99,,3775,390,,,0,100,,3770,390,,,0,100,,3768,390,,,0,99,,3771,390,,,0,100,,3769,390,,,0,100,,3772,390,,,0,101,,3776,390,,,0,100,,3773,390,,,0,100,,3777,390,,,0,100,,3774,390,,,0,100,,3760,390,,,0,100,,3764,390,,,0,100,,3767,390,,,0,100,,3765,390,,,0,100,,3762,390,,,0,100,,3766,390,,,0,100,,3759,390,,,0
1701,'TM-E26-TM_GTFS-Fête-1-01',633,,3917,600,,,0,101,,3908,600,,,0,100,,3899,600,,,0,100,,3909,600,,,0,100,,3900,600,,,0,100,,3910,600,,,0,100,,3901,600,,,0,100,,3911,600,,,0,100,,3902,600,,,0,100,,3912,600,,,0,100,,3903,600,,,0,99,,3913,600,,,0,100,,3904,600,,,0,100,,3914,600,,,0,99,,3905,600,,,0,100,,3915,600,,,0,100,,3906,600,,,0,100,,3916,600,,,0,100,,3907,600,,,0
1701,'TM-E26-TM_GTFS-Semaine-01',533,,3921,600,,,0,103,,3930,600,,,0,94,,3922,600,,,0,104,,3931,600,,,0,100,,3923,600,,,0,99,,3932,600,,,0,100,,3924,600,,,0,100,,3933,600,,,0,100,,3925,600,,,0,100,,3934,600,,,0,101,,3926,600,,,0,100,,3935,600,,,0,104,,3927,600,,,0,96,,3918,600,,,0,95,,3928,600,,,0,100,,3919,600,,,0,100,,3929,600,,,0,100,,3920,600,,,0,100,,3936,600,,,0,100,,3937,600,,,0
1701,'TM-E26-TM_GTFS-Week-end-01',633,,3956,600,,,0,101,,3947,600,,,0,100,,3938,600,,,0,100,,3948,600,,,0,100,,3939,600,,,0,100,,3949,600,,,0,100,,3940,600,,,0,100,,3950,600,,,0,100,,3941,600,,,0,100,,3951,600,,,0,100,,3942,600,,,0,99,,3952,600,,,0,100,,3943,600,,,0,100,,3953,600,,,0,99,,3944,600,,,0,100,,3954,600,,,0,100,,3945,600,,,0,100,,3955,600,,,0,100,,3946,600,,,0
2301,'TM-E26-TM_GTFS-Semaine-01',803,,4313,170,,,0,102,,4316,170,,,0,800,,4314,170,,,0,134,,4315,170,,,0
