200,'TM-H26-TM_GTFS-Fête-1-01',659,,1246,120,,,0,242,,1247,120,,,0,200,,1248,120,,,0,200,,1249,120,,,0,200,,1250,120,,,0,158,,1251,120,,,0,200,,1252,120,,,0,200,,1253,120,,,0,200,,1254,120,,,0,200,,1255,120,0,12,0
200,'TM-H26-TM_GTFS-Fête-2-02',559,,1274,120,,,0,70,,1268,120,,,0,30,,1275,120,,,0,71,,1269,120,,,0,70,,1276,120,,,0,30,,1270,120,,,0,170,,1264,120,,,0,200,,1265,120,,,0,200,,1266,120,,,0,101,,1263,120,,,0,101,,1272,120,,,0,30,,1271,120,,,0,70,,1273,120,,,0,30,,1267,120,,,0,99,,1256,120,,,0,170,,1262,120,,,0,58,,1259,120,,,0,100,,1258,120,,,0,100,,1260,120,,,0,199,,1261,120,0,12,0
200,'TM-H26-TM_GTFS-Semaine-02',559,,1295,120,,,0,70,,1289,120,,,0,30,,1296,120,,,0,71,,1290,120,,,0,70,,1297,120,,,0,30,,1291,120,,,0,170,,1285,120,,,0,200,,1286,120,,,0,200,,1287,120,0,8 7,0,101,,1284,120,,,0,101,,1293,120,,,0,30,,1292,120,,,0,70,,1294,120,,,0,30,,1288,120,,,0,99,,1277,120,,,0,170,,1283,120,,,0,58,,1280,120,,,0,100,,1279,120,,,0,100,,1281,120,,,0,199,,1282,120,0,12,0
200,'TM-H26-TM_GTFS-Week-end-02',659,,1298,120,,,0,242,,1299,120,,,0,200,,1300,120,,,0,200,,1301,120,,,0,200,,1302,120,,,0,158,,1303,120,,,0,200,,1304,120,,,0,200,,1305,120,,,0,200,,1306,120,,,0,200,,1307,120,0,12,0
2000,'TM-H26-TM_GTFS-Fête-1-01',659,,2435,120,,,0,100,,2436,120,,,0,141,,2437,120,,,0,100,,2426,120,,,0,100,,2427,120,,,0,100,,2428,120,,,0,100,,2429,120,,,0,100,,2430,120,,,0,100,,2431,120,,,0,100,,2432,120,,,0,100,,2433,120,,,0,100,,2434,120,,,0,100,,2438,120,,,0,100,,2439,120,,,0,100,,2440,120,,,0,100,,2441,120,,,0,59,,2442,120,,,0,100,,2443,120,,,0,100,,2444,120,,,0
2000,'TM-H26-TM_GTFS-Fête-2-02',600,,2451,120,,,0,30,,2446,120,,,0,70,,2452,120,,,0,30,,2470,120,,,0,70,,2453,120,,,0,30,,2468,120,,,0,70,,2454,120,,,0,100,,2455,120,,,0,100,,2456,120,,,0,100,,2457,120,,,0,101,,2461,120,,,0,100,,2445,120,,,0,100,,2460,120,,,0,100,,2447,120,,,0,30,,2449,120,,,0,70,,2448,120,,,0,29,,2467,120,,,0,70,,2458,120,,,0,30,,2469,120,,,0,70,,2450,120,,,0,100,,2459,120,,,0,100,,2462,120,,,0,100,,2463,120,,,0,59,,2464,120,,,0,100,,2465,120,,,0,100,,2466,120,,,0
2000,'TM-H26-TM_GTFS-Semaine-02',600,,2477,120,,,0,30,,2472,120,,,0,70,,2478,120,,,0,30,,2496,120,,,0,70,,2479,120,,,0,30,,2494,120,,,0,70,,2480,120,,,0,100,,2481,120,,,0,100,,2482,120,,,0,100,,2483,120,,,0,101,,2487,120,,,0,100,,2471,120,,,0,100,,2486,120,,,0,100,,2473,120,,,0,30,,2475,120,,,0,70,,2474,120,,,0,29,,2493,120,,,0,70,,2484,120,,,0,30,,2495,120,,,0,70,,2476,120,,,0,100,,2485,120,,,0,100,,2488,120,,,0,100,,2489,120,,,0,59,,2490,120,,,0,100,,2491,120,,,0,100,,2492,120,,,0
2000,'TM-H26-TM_GTFS-Week-end-02',659,,2506,120,,,0,100,,2507,120,,,0,141,,2508,120,,,0,100,,2497,120,,,0,100,,2498,120,,,0,100,,2499,120,,,0,100,,2500,120,,,0,100,,2501,120,,,0,100,,2502,120,,,0,100,,2503,120,,,0,100,,2504,120,,,0,100,,2505,120,,,0,100,,2509,120,,,0,100,,2510,120,,,0,100,,2511,120,,,0,100,,2512,120,,,0,59,,2513,120,,,0,100,,2514,120,,,0,100,,2515,120,,,0
2100,'TM-H26-TM_GTFS-Fête-2-02',659,,2606,120,0,5,0,100,,2608,120,0,5,0,100,,2609,120,0,5,0
2100,'TM-H26-TM_GTFS-Semaine-02',659,,2610,120,0,5,0,100,,2612,120,0,5,0,100,,2613,120,0,5,0
2101,'TM-H26-TM_GTFS-Fête-2-02',1601,,2616,120,0,5,0,100,,2615,120,0,5,0,100,,2614,120,0,5,0
2101,'TM-H26-TM_GTFS-Semaine-02',1601,,2619,120,0,5,0,100,,2618,120,0,5,0,100,,2617,120,0,5,0
2700,'TM-H26-TM_GTFS-Semaine-02',724,,2726,120,,,0,100,,2721,120,,,0,706,,2724,120,,,0,101,,2725,120,,,0,100,,2723,120,,,0,99,,2722,120,,,0,100,,2727,120,,,0
