200,'TM-H26-TM_GTFS-Fête-1-01',700,,1246,130,,,0,202,,1247,130,,,0,200,,1248,130,,,0,200,,1249,130,,,0,200,,1250,130,,,0,198,,1251,130,,,0,200,,1252,130,,,0,200,,1253,130,,,0,200,,1254,130,,,0,200,,1255,130,0,24,0
200,'TM-H26-TM_GTFS-Fête-2-02',600,,1274,130,,,0,30,,1268,130,,,0,70,,1275,130,,,0,31,,1269,130,,,0,70,,1276,130,,,0,30,,1270,130,,,0,170,,1264,130,,,0,200,,1265,130,,,0,200,,1266,130,,,0,101,,1263,130,,,0,102,,1272,130,,,0,30,,1271,130,,,0,70,,1273,130,,,0,30,,1267,130,,,0,98,,1256,130,,,0,170,,1262,130,,,0,98,,1259,130,,,0,100,,1258,130,,,0,100,,1260,130,,,0,159,,1261,130,0,24,0
200,'TM-H26-TM_GTFS-Semaine-02',600,,1295,130,,,0,30,,1289,130,,,0,70,,1296,130,,,0,31,,1290,130,,,0,70,,1297,130,,,0,30,,1291,130,,,0,170,,1285,130,,,0,200,,1286,130,,,0,200,,1287,130,0,8 5,0,101,,1284,130,,,0,102,,1293,130,,,0,30,,1292,130,,,0,70,,1294,130,,,0,30,,1288,130,,,0,98,,1277,130,,,0,170,,1283,130,,,0,98,,1280,130,,,0,100,,1279,130,,,0,100,,1281,130,,,0,159,,1282,130,0,24,0
200,'TM-H26-TM_GTFS-Week-end-02',700,,1298,130,,,0,202,,1299,130,,,0,200,,1300,130,,,0,200,,1301,130,,,0,200,,1302,130,,,0,198,,1303,130,,,0,200,,1304,130,,,0,200,,1305,130,,,0,200,,1306,130,,,0,200,,1307,130,0,24,0
2000,'TM-H26-TM_GTFS-Fête-1-01',700,,2435,130,,,0,100,,2436,130,,,0,101,,2437,130,,,0,100,,2426,130,,,0,100,,2427,130,,,0,100,,2428,130,,,0,100,,2429,130,,,0,100,,2430,130,,,0,100,,2431,130,,,0,100,,2432,130,,,0,100,,2433,130,,,0,100,,2434,130,,,0,100,,2438,130,,,0,100,,2439,130,,,0,100,,2440,130,,,0,100,,2441,130,,,0,99,,2442,130,,,0,100,,2443,130,,,0,100,,2444,130,,,0
2000,'TM-H26-TM_GTFS-Fête-2-02',601,,2451,130,,,0,30,,2446,130,,,0,70,,2452,130,,,0,30,,2470,130,,,0,70,,2453,130,,,0,30,,2468,130,,,0,70,,2454,130,,,0,100,,2455,130,,,0,100,,2456,130,,,0,100,,2457,130,,,0,101,,2461,130,,,0,100,,2445,130,,,0,100,,2460,130,,,0,100,,2447,130,,,0,30,,2449,130,,,0,70,,2448,130,,,0,29,,2467,130,,,0,70,,2458,130,,,0,30,,2469,130,,,0,70,,2450,130,,,0,100,,2459,130,,,0,100,,2462,130,,,0,100,,2463,130,,,0,99,,2464,130,,,0,100,,2465,130,,,0,100,,2466,130,,,0
2000,'TM-H26-TM_GTFS-Semaine-02',601,,2477,130,,,0,30,,2472,130,,,0,70,,2478,130,,,0,30,,2496,130,,,0,70,,2479,130,,,0,30,,2494,130,,,0,70,,2480,130,,,0,100,,2481,130,,,0,100,,2482,130,,,0,100,,2483,130,,,0,101,,2487,130,,,0,100,,2471,130,,,0,100,,2486,130,,,0,100,,2473,130,,,0,30,,2475,130,,,0,70,,2474,130,,,0,29,,2493,130,,,0,70,,2484,130,,,0,30,,2495,130,,,0,70,,2476,130,,,0,100,,2485,130,,,0,100,,2488,130,,,0,100,,2489,130,,,0,99,,2490,130,,,0,100,,2491,130,,,0,100,,2492,130,,,0
2000,'TM-H26-TM_GTFS-Week-end-02',700,,2506,130,,,0,100,,2507,130,,,0,101,,2508,130,,,0,100,,2497,130,,,0,100,,2498,130,,,0,100,,2499,130,,,0,100,,2500,130,,,0,100,,2501,130,,,0,100,,2502,130,,,0,100,,2503,130,,,0,100,,2504,130,,,0,100,,2505,130,,,0,100,,2509,130,,,0,100,,2510,130,,,0,100,,2511,130,,,0,100,,2512,130,,,0,99,,2513,130,,,0,100,,2514,130,,,0,100,,2515,130,,,0
2100,'TM-H26-TM_GTFS-Fête-2-02',700,,2606,130,0,20,0,100,,2608,130,0,20,0,100,,2609,130,0,20,0
2100,'TM-H26-TM_GTFS-Semaine-02',700,,2610,130,0,20,0,100,,2612,130,0,20,0,100,,2613,130,0,20,0
2101,'TM-H26-TM_GTFS-Fête-2-02',1602,,2616,130,0,20,0,100,,2615,130,0,20,0,100,,2614,130,0,20,0
2101,'TM-H26-TM_GTFS-Semaine-02',1602,,2619,130,0,20,0,100,,2618,130,0,20,0,100,,2617,130,0,20,0
2700,'TM-H26-TM_GTFS-Semaine-02',724,,2726,130,,,0,100,,2721,130,,,0,707,,2724,130,,,0,101,,2725,130,,,0,100,,2723,130,,,0,98,,2722,130,,,0,100,,2727,130,,,0
