900,'TM-H26-TM_GTFS-Fête-2-02',616,,1474,420,,,0,98,,1480,420,,,0,100,,1477,420,,,0,103,,1478,420,,,0,101,,1472,420,,,0,100,,1473,420,,,0,302,,1479,150,,,0,200,,1475,150,,,0,200,,1476,150,,,0
900,'TM-H26-TM_GTFS-Semaine-02',616,,1483,420,,,0,98,,1489,420,,,0,100,,1486,420,,,0,103,,1487,420,,,0,101,,1481,420,,,0,100,,1482,420,,,0,302,,1488,150,,,0,200,,1484,150,,,0,200,,1485,150,,,0
2000005500,'TM-H26-TM_GTFS-Fête-2-02',611,,3273,50,0,8 5,0,100,,3274,50,0,8 5,0,600,,3268,50,,,0,100,,3275,50,,,0,230,,3267,50,,,0,102,,3269,50,,,0,98,,3270,50,,,0,370,,3271,50,,,0,200,,3272,50,,,0
2000005500,'TM-H26-TM_GTFS-Semaine-02',611,,3282,50,0,8 5,0,100,,3283,50,0,8 5,0,600,,3277,50,,,0,100,,3284,50,,,0,230,,3276,50,,,0,102,,3278,50,,,0,98,,3279,50,,,0,370,,3280,50,,,0,200,,3281,50,,,0
2000005501,'TM-H26-TM_GTFS-Fête-2-02',516,,3286,10,,,0,100,,3287,10,,,0,104,,3285,10,,,0,400,,3288,10,,,0,396,,3290,10,,,0,101,,3291,10,,,0,100,,3292,10,,,0,131,,3289,10,,,0,455,,3293,10,,,0
2000005501,'TM-H26-TM_GTFS-Semaine-02',516,,3295,10,,,0,100,,3296,10,,,0,104,,3294,10,,,0,400,,3297,10,,,0,396,,3299,10,,,0,101,,3300,10,,,0,100,,3301,10,,,0,131,,3298,10,,,0,455,,3302,10,,,0
2000005600,'TM-H26-TM_GTFS-Fête-2-02',718,,3303,20,,,0,800,,3304,20,,,0,800,,3305,20,,,0
2000005600,'TM-H26-TM_GTFS-Semaine-02',718,,3306,20,,,0,800,,3307,20,,,0,800,,3308,20,,,0
2000005601,'TM-H26-TM_GTFS-Fête-2-02',645,,3309,30,4,,0,800,,3310,30,4,,0,800,,3311,30,4,,0
2000005601,'TM-H26-TM_GTFS-Semaine-02',645,,3312,30,4,,0,800,,3313,30,4,,0,800,,3314,30,4,,0
