1101,'TM-E26-TM_GTFS-Fête-1-01',554,,3656,30,,,0,100,,3646,30,,,0,100,,3657,30,,,0,100,,3647,30,,,0,100,,3648,30,,,0,100,,3658,30,,,0,100,,3649,30,,,0,100,,3659,30,,,0,100,,3650,30,,,0,100,,3660,30,,,0,100,,3651,30,,,0,100,,3661,30,,,0,100,,3652,30,,,0,100,,3662,30,,,0,100,,3653,30,,,0,100,,3663,30,,,0,100,,3654,30,,,0,100,,3664,30,,,0,100,,3655,30,,,0
1101,'TM-E26-TM_GTFS-Semaine-01',551,,3670,30,,,0,70,,3665,30,,,0,30,,3685,30,,,0,70,,3675,30,,,0,30,,3678,30,,,0,100,,3686,30,,,0,97,,3679,30,,,0,102,,3682,30,,,0,100,,3680,30,,,0,100,,3683,30,,,0,100,,3681,30,,,0,97,,3684,30,,,0,70,,3676,30,,,0,34,,3690,30,,,0,70,,3671,30,,,0,32,,3673,30,,,0,69,,3677,30,,,0,30,,3666,30,,,0,69,,3672,30,,,0,32,,3687,30,,,0,103,,3667,30,,,0,99,,3688,30,,,0,101,,3668,30,,,0,99,,3689,30,,,0,101,,3669,30,,,0
1101,'TM-E26-TM_GTFS-Week-end-01',554,,3701,30,,,0,100,,3691,30,,,0,100,,3702,30,,,0,100,,3692,30,,,0,100,,3693,30,,,0,100,,3703,30,,,0,100,,3694,30,,,0,100,,3704,30,,,0,100,,3695,30,,,0,100,,3705,30,,,0,100,,3696,30,,,0,100,,3706,30,,,0,100,,3697,30,,,0,100,,3707,30,,,0,100,,3698,30,,,0,100,,3708,30,,,0,100,,3699,30,,,0,100,,3709,30,,,0,100,,3700,30,,,0
4000,'TM-E26-TM_GTFS-Fête-1-01',712,,4417,100,,,0,396,,4418,100,,,0,500,,4419,100,,,0
4000,'TM-E26-TM_GTFS-Week-end-01',712,,4420,100,,,0,396,,4421,100,,,0,500,,4422,100,,,0
4001,'TM-E26-TM_GTFS-Fête-1-01',804,,4423,50,,,0,400,,4424,50,,,0,499,,4425,50,,,0
4001,'TM-E26-TM_GTFS-Week-end-01',804,,4426,50,,,0,400,,4427,50,,,0,499,,4428,50,,,0
14000,'TM-E26-TM_GTFS-Semaine-01',514,,4442,100,,,0,40,,4434,100,,,0,60,,4436,100,,,0,20,,4445,100,,,0,20,,4432,100,,,0,60,,4441,100,,,0,25,,4443,100,,,0,71,,4440,100,,,0,390,,4444,100,,,0,108,,4438,100,,,0,219,,4437,100,,,0,189,,4435,100,,,0,135,,4439,100,,,0,293,,4433,100,,,0
14001,'TM-E26-TM_GTFS-Semaine-01',633,,4457,50,,,0,106,,4452,50,,,0,97,,4456,50,,,0,470,,4454,50,,,0,208,,4449,50,,,0,97,,4453,50,,,0,42,,4451,50,,,0,67,,4455,50,,,0,30,,4458,50,,,0,80,,4446,50,,,0,70,,4450,50,,,0,58,,4447,50,,,0,292,,4448,50,,,0
2000001201,'TM-E26-TM_GTFS-Semaine-01',801,,4634,30,,,0,100,,4635,30,,,0,315,,4636,30,,,0
