1,100,'TM-H26-TM_GTFS-Semaine-02',1195,1196,1197,1198,1199,1200,1201,1202,1203,1204,1205,1206,1207,1208,1209,1210,1211,1212,1213,1214,1215,1216,1217,1218,1219,1220,1221,1222,1223,1224,1225
1,100,'TM-H26-TM_GTFS-Week-end-02',1226,1227,1228,1229,1230,1231,1232,1233,1234,1235,1236,1237,1238,1239,1240,1241,1242,1243,1244,1245
2,200,'TM-H26-TM_GTFS-Semaine-02',1277,1278,1279,1280,1281,1282,1283,1284,1285,1286,1287,1288,1289,1290,1291,1292,1293,1294,1295,1296,1297
2,200,'TM-H26-TM_GTFS-Week-end-02',1298,1299,1300,1301,1302,1303,1304,1305,1306,1307
3,300,'TM-H26-TM_GTFS-Semaine-02',1337,1338,1339,1340,1341,1342,1343,1344,1345,1346,1347,1348,1349,1350,1351,1352,1353,1354,1355
3,300,'TM-H26-TM_GTFS-Week-end-02',1356,1357,1358,1359,1360,1361,1362,1363,1364,1365
4,400,'TM-H26-TM_GTFS-Semaine-02',1371,1372,1373,1374,1375
4,401,'TM-H26-TM_GTFS-Semaine-02',1381,1382,1383,1384,1385
5,500,'TM-H26-TM_GTFS-Semaine-02',1389,1390,1391
8,800,'TM-H26-TM_GTFS-Semaine-02',1432,1433,1434,1435,1436,1437,1438,1439,1440,1441,1442,1443,1444,1445,1446,1447,1448,1449,1450,1451
8,800,'TM-H26-TM_GTFS-Week-end-02',1452,1453,1454,1455,1456,1457,1458,1459,1460,1461,1462,1463,1464,1465,1466,1467,1468,1469,1470,1471
9,900,'TM-H26-TM_GTFS-Semaine-02',1481,1482,1483,1484,1485,1486,1487,1488,1489
9,901,'TM-H26-TM_GTFS-Semaine-02',1501,1502,1503,1504,1505,1506,1507,1508,1509,1510,1511
11,1100,'TM-H26-TM_GTFS-Semaine-02',1561,1562,1563,1564,1565,1566,1567,1568,1569,1570,1571,1572,1573,1574,1575,1576,1577,1578,1579,1580,1581,1582,1583,1584,1585,1586,1587,1588,1589
11,1100,'TM-H26-TM_GTFS-Week-end-02',1590,1591,1592,1593,1594,1595,1596,1597,1598,1599,1600,1601,1602,1603,1604,1605,1606,1607,1608,1609
11,1101,'TM-H26-TM_GTFS-Semaine-02',1655,1656,1657,1658,1659,1660,1661,1662,1663,1664,1665,1666,1667,1668,1669,1670,1671,1672,1673,1674,1675,1676,1677,1678,1679,1680
11,1101,'TM-H26-TM_GTFS-Week-end-02',1681,1682,1683,1684,1685,1686,1687,1688,1689,1690,1691,1692,1693,1694,1695,1696,1697,1698,1699
14,1400,'TM-H26-TM_GTFS-Semaine-02',1748,1749,1750,1751,1752,1753,1754,1755,1756,1757,1758,1759,1760,1761,1762,1763,1764,1765,1766,1767,1768,1769,1770,1771,1772,1773,1774,1775
14,1400,'TM-H26-TM_GTFS-Week-end-02',1776,1777,1778,1779,1780,1781,1782,1783,1784,1785,1786,1787,1788,1789,1790,1791,1792,1793,1794,1795
14,1401,'TM-H26-TM_GTFS-Semaine-02',1841,1842,1843,1844,1845,1846,1847,1848,1849,1850,1851,1852,1853,1854,1855,1856,1857,1858,1859,1860,1861,1862,1863,1864,1865,1866,1867
14,1401,'TM-H26-TM_GTFS-Week-end-02',1868,1869,1870,1871,1872,1873,1874,1875,1876,1877,1878,1879,1880,1881,1882,1883,1884,1885
17,1700,'TM-H26-TM_GTFS-Semaine-02',1925,1926,1927,1928,1929,1930,1931,1932,1933,1934,1935,1936,1937,1938,1939,1940,1941,1942,1943,1944
17,1700,'TM-H26-TM_GTFS-Week-end-02',1945,1946,1947,1948,1949,1950,1951,1952,1953,1954,1955,1956,1957,1958,1959,1960,1961,1962,1963
17,1701,'TM-H26-TM_GTFS-Semaine-02',2003,2004,2005,2006,2007,2008,2009,2010,2011,2012,2013,2014,2015,2016,2017,2018,2019,2020,2021,2022
17,1701,'TM-H26-TM_GTFS-Week-end-02',2023,2024,2025,2026,2027,2028,2029,2030,2031,2032,2033,2034,2035,2036,2037,2038,2039,2040,2041
18,1800,'TM-H26-TM_GTFS-Semaine-02',2064,2065,2066,2067,2068,2069,2070,2071,2072,2073,2074,2075,2076,2077
18,1800,'TM-H26-TM_GTFS-Week-end-02',2078,2079,2080,2081,2082,2083,2084,2085
18,1801,'TM-H26-TM_GTFS-Semaine-02',2099,2100,2101,2102,2103,2104,2105,2106,2107,2108,2109,2110,2111
19,1900,'TM-H26-TM_GTFS-Semaine-02',2180,2181,2182,2183,2184,2185,2186,2187,2188,2189,2190,2191,2192,2193,2194,2195,2196,2197,2198,2199,2200,2201,2202,2203,2204,2205,2206,2207,2208,2209,2210,2211,2212,2213,2214,2215,2216,2217,2218,2219,2220,2221,2222,2223,2224,2225,2226,2227,2228,2229,2230,2231,2232,2233,2234,2235,2236,2237,2238,2239,2240,2241,2242,2243,2244,2245,2246,2247,2248
19,1900,'TM-H26-TM_GTFS-Week-end-02',2249,2250,2251,2252,2253,2254,2255,2256,2257,2258,2259,2260,2261,2262,2263,2264,2265,2266,2267,2268
19,1901,'TM-H26-TM_GTFS-Semaine-02',2337,2338,2339,2340,2341,2342,2343,2344,2345,2346,2347,2348,2349,2350,2351,2352,2353,2354,2355,2356,2357,2358,2359,2360,2361,2362,2363,2364,2365,2366,2367,2368,2369,2370,2371,2372,2373,2374,2375,2376,2377,2378,2379,2380,2381,2382,2383,2384,2385,2386,2387,2388,2389,2390,2391,2392,2393,2394,2395,2396,2397,2398,2399,2400,2401,2402,2403,2404,2405
19,1901,'TM-H26-TM_GTFS-Week-end-02',2406,2407,2408,2409,2410,2411,2412,2413,2414,2415,2416,2417,2418,2419,2420,2421,2422,2423,2424,2425
20,2000,'TM-H26-TM_GTFS-Semaine-02',2471,2472,2473,2474,2475,2476,2477,2478,2479,2480,2481,2482,2483,2484,2485,2486,2487,2488,2489,2490,2491,2492,2493,2494,2495,2496
20,2000,'TM-H26-TM_GTFS-Week-end-02',2497,2498,2499,2500,2501,2502,2503,2504,2505,2506,2507,2508,2509,2510,2511,2512,2513,2514,2515
20,2001,'TM-H26-TM_GTFS-Semaine-02',2561,2562,2563,2564,2565,2566,2567,2568,2569,2570,2571,2572,2573,2574,2575,2576,2577,2578,2579,2580,2581,2582,2583,2584,2585,2586
20,2001,'TM-H26-TM_GTFS-Week-end-02',2587,2588,2589,2590,2591,2592,2593,2594,2595,2596,2597,2598,2599,2600,2601,2602,2603,2604,2605
21,2100,'TM-H26-TM_GTFS-Semaine-02',2610,2611,2612,2613
21,2101,'TM-H26-TM_GTFS-Semaine-02',2617,2618,2619
22,2200,'TM-H26-TM_GTFS-Semaine-02',2620,2621,2622
22,2201,'TM-H26-TM_GTFS-Semaine-02',2623,2624,2625,2626,2627,2628
23,2300,'TM-H26-TM_GTFS-Semaine-02',2636,2637,2638,2639,2640,2641,2642
23,2301,'TM-H26-TM_GTFS-Semaine-02',2649,2650,2651,2652,2653,2654
25,2500,'TM-H26-TM_GTFS-Semaine-02',2671,2672,2673,2674,2675,2676,2677,2678,2679,2680,2681,2682,2683,2684,2685,2686
25,2501,'TM-H26-TM_GTFS-Semaine-02',2704,2705,2706,2707,2708,2709,2710,2711,2712,2713,2714,2715,2716,2717,2718,2719,2720
27,2700,'TM-H26-TM_GTFS-Semaine-02',2721,2722,2723,2724,2725,2726,2727
27,2701,'TM-H26-TM_GTFS-Semaine-02',2728,2729,2730,2731,2732,2733,2734
30,3000,'TM-H26-TM_GTFS-Semaine-02',2767,2768,2769,2770,2771,2772,2773,2774,2775,2776,2777,2778,2779,2780,2781,2782,2783,2784,2785,2786,2787,2788,2789,2790,2791,2792,2793,2794,2795,2796,2797,2798,2799,2800,2801,2802,2803,2804,2805,2806,2807
30,3000,'TM-H26-TM_GTFS-Week-end-02',2808,2809,2810,2811
30,3001,'TM-H26-TM_GTFS-Semaine-02',2841,2842,2843,2844,2845,2846,2847,2848,2849,2850,2851,2852,2853,2854,2855,2856,2857,2858,2859,2860,2861,2862,2863,2864,2865,2866,2867,2868,2869,2870,2871,2872,2873,2874,2875,2876,2877,2878,2879
30,3001,'TM-H26-TM_GTFS-Week-end-02',2880,2881,2882,2883
40,4000,'TM-H26-TM_GTFS-Week-end-02',2887,2888,2889
40,4001,'TM-H26-TM_GTFS-Week-end-02',2893,2894,2895
45,4500,'TM-H26-TM_GTFS-Semaine-02',2899,2900,2901
140,14000,'TM-H26-TM_GTFS-Semaine-02',2916,2917,2918,2919,2920,2921,2922,2923,2924,2925,2926,2927,2928,2929
140,14001,'TM-H26-TM_GTFS-Semaine-02',2943,2944,2945,2946,2947,2948,2949,2950,2951,2952,2953,2954,2955
417,41700,'TM-H26-TM_GTFS-Semaine-02',2960,2961,2962,2963
417,41701,'TM-H26-TM_GTFS-Semaine-02',2968,2969,2970,2971
512,51200,'TM-H26-TM_GTFS-Semaine-02',2993,2994,2995,2996,2997,2998,2999,3000,3001,3002,3003
512,51200,'TM-H26-TM_GTFS-Week-end-02',3004,3005,3006,3007,3008,3009,3010,3011,3012,3013
512,51201,'TM-H26-TM_GTFS-Semaine-02',3035,3036,3037,3038,3039,3040,3041,3042,3043,3044,3045
512,51201,'TM-H26-TM_GTFS-Week-end-02',3046,3047,3048,3049,3050,3051,3052,3053,3054,3055
20025,2002500,'TM-H26-TM_GTFS-Semaine-02',3082,3083,3084,3085,3086,3087,3088
20025,2002500,'TM-H26-TM_GTFS-Week-end-02',3089,3090,3091,3092,3093,3094,3095,3096,3097,3098,3099,3100,3101,3102,3103,3104,3105,3106,3107
20025,2002501,'TM-H26-TM_GTFS-Semaine-02',3134,3135,3136,3137,3138,3139,3140
20025,2002501,'TM-H26-TM_GTFS-Week-end-02',3141,3142,3143,3144,3145,3146,3147,3148,3149,3150,3151,3152,3153,3154,3155,3156,3157,3158,3159
30011,3001100,'TM-H26-TM_GTFS-Semaine-02',3160
30011,3001101,'TM-H26-TM_GTFS-Semaine-02',3161,3162
30024,3002400,'TM-H26-TM_GTFS-Semaine-02',3163,3164
20000006,2000000600,'TM-H26-TM_GTFS-Semaine-02',3172,3173,3174,3175,3176,3177,3178
20000006,2000000601,'TM-H26-TM_GTFS-Semaine-02',3184,3185,3186,3187,3188
20000012,2000001200,'TM-H26-TM_GTFS-Semaine-02',3192,3193,3194
20000012,2000001201,'TM-H26-TM_GTFS-Semaine-02',3198,3199,3200
20000013,2000001300,'TM-H26-TM_GTFS-Semaine-02',3206,3207,3208,3209,3210
20000013,2000001301,'TM-H26-TM_GTFS-Semaine-02',3215,3216,3217,3218
20000015,2000001500,'TM-H26-TM_GTFS-Semaine-02',3223,3224,3225,3226
20000015,2000001501,'TM-H26-TM_GTFS-Semaine-02',3231,3232,3233,3234
20000024,2000002400,'TM-H26-TM_GTFS-Semaine-02',3239,3240,3241,3242
20000024,2000002401,'TM-H26-TM_GTFS-Semaine-02',3247,3248,3249,3250
20000026,2000002600,'TM-H26-TM_GTFS-Semaine-02',3255,3256,3257,3258
20000026,2000002601,'TM-H26-TM_GTFS-Semaine-02',3263,3264,3265,3266
20000055,2000005500,'TM-H26-TM_GTFS-Semaine-02',3276,3277,3278,3279,3280,3281,3282,3283,3284
20000055,2000005501,'TM-H26-TM_GTFS-Semaine-02',3294,3295,3296,3297,3298,3299,3300,3301,3302
20000056,2000005600,'TM-H26-TM_GTFS-Semaine-02',3306,3307,3308
20000056,2000005601,'TM-H26-TM_GTFS-Semaine-02',3312,3313,3314
20000057,2000005701,'TM-H26-TM_GTFS-Semaine-02',3322,3323,3324,3325,3326,3327,3328
20000417,2000041700,'TM-H26-TM_GTFS-Semaine-02',3330
20000417,2000041701,'TM-H26-TM_GTFS-Semaine-02',3332
