300,'TM-H26-TM_GTFS-Fête-1-01',614,,1308,230,,,0,199,,1309,350,,,0,206,,1310,350,,,0,200,,1311,350,,,0,200,,1312,350,,,0,198,,1313,350,,,0,198,,1314,350,,,0,199,,1315,350,,,0,200,,1316,350,,,0,199,,1317,350,,,0
300,'TM-H26-TM_GTFS-Fête-2-02',519,,1319,230,,,0,96,,1320,350,,,0,30,,1336,350,,,0,71,,1330,350,,,0,30,,1335,350,,,0,71,,1329,350,,,0,100,,1324,350,,,0,201,,1325,350,,,0,200,,1326,350,,,0,130,,1328,350,,,0,105,,1327,350,,,0,97,,1333,350,,,0,68,,1332,350,,,0,30,,1334,350,,,0,70,,1331,350,,,0,97,,1318,350,,,0,128,,1321,350,,,0,100,,1322,350,,,0,269,,1323,350,,,0
300,'TM-H26-TM_GTFS-Semaine-02',519,,1338,230,,,0,96,,1339,350,,,0,30,,1355,350,,,0,71,,1349,350,,,0,30,,1354,350,,,0,71,,1348,350,,,0,100,,1343,350,,,0,201,,1344,350,,,0,200,,1345,350,,,0,130,,1347,350,,,0,105,,1346,350,,,0,97,,1352,350,,,0,68,,1351,350,,,0,30,,1353,350,,,0,70,,1350,350,,,0,97,,1337,350,,,0,128,,1340,350,,,0,100,,1341,350,,,0,269,,1342,350,,,0
300,'TM-H26-TM_GTFS-Week-end-02',614,,1356,230,,,0,199,,1357,350,,,0,206,,1358,350,,,0,200,,1359,350,,,0,200,,1360,350,,,0,198,,1361,350,,,0,198,,1362,350,,,0,199,,1363,350,,,0,200,,1364,350,,,0,199,,1365,350,,,0
2001,'TM-H26-TM_GTFS-Fête-1-01',624,,2522,120,,,0,100,,2523,120,,,0,101,,2524,120,,,0,100,,2525,120,,,0,100,,2516,120,,,0,101,,2517,120,,,0,100,,2526,120,,,0,101,,2527,120,,,0,100,,2528,120,,,0,99,,2518,120,,,0,100,,2519,120,,,0,100,,2520,120,,,0,100,,2521,120,,,0,100,,2529,120,,,0,100,,2530,120,,,0,100,,2531,120,,,0,99,,2532,120,,,0,100,,2533,120,,,0,100,,2534,120,,,0
2001,'TM-H26-TM_GTFS-Fête-2-02',526,,2539,120,,,0,99,,2540,120,,,0,30,,2536,120,,,0,70,,2541,120,,,0,32,,2560,120,,,0,70,,2542,120,,,0,30,,2558,120,,,0,70,,2543,120,,,0,100,,2544,120,,,0,100,,2535,120,,,0,100,,2545,120,,,0,100,,2552,120,,,0,98,,2553,120,,,0,99,,2554,120,,,0,100,,2555,120,,,0,25,,2556,120,,,0,71,,2537,120,,,0,30,,2557,120,,,0,70,,2546,120,,,0,31,,2559,120,,,0,70,,2538,120,,,0,105,,2547,120,,,0,99,,2548,120,,,0,100,,2549,120,,,0,100,,2550,120,,,0,100,,2551,120,,,0
2001,'TM-H26-TM_GTFS-Semaine-02',526,,2565,120,,,0,99,,2566,120,,,0,30,,2562,120,,,0,70,,2567,120,,,0,32,,2586,120,,,0,70,,2568,120,,,0,30,,2584,120,,,0,70,,2569,120,,,0,100,,2570,120,,,0,100,,2561,120,,,0,100,,2571,120,,,0,100,,2578,120,,,0,98,,2579,120,,,0,99,,2580,120,,,0,100,,2581,120,,,0,25,,2582,120,,,0,71,,2563,120,,,0,30,,2583,120,,,0,70,,2572,120,,,0,31,,2585,120,,,0,70,,2564,120,,,0,105,,2573,120,,,0,99,,2574,120,,,0,100,,2575,120,,,0,100,,2576,120,,,0,100,,2577,120,,,0
2001,'TM-H26-TM_GTFS-Week-end-02',624,,2593,120,,,0,100,,2594,120,,,0,101,,2595,120,,,0,100,,2596,120,,,0,100,,2587,120,,,0,101,,2588,120,,,0,100,,2597,120,,,0,101,,2598,120,,,0,100,,2599,120,,,0,99,,2589,120,,,0,100,,2590,120,,,0,100,,2591,120,,,0,100,,2592,120,,,0,100,,2600,120,,,0,100,,2601,120,,,0,100,,2602,120,,,0,99,,2603,120,,,0,100,,2604,120,,,0,100,,2605,120,,,0
2101,'TM-H26-TM_GTFS-Fête-2-02',1626,,2616,440,0,5,0,100,,2615,440,0,5,0,100,,2614,440,0,5,0
2101,'TM-H26-TM_GTFS-Semaine-02',1626,,2619,440,0,5,0,100,,2618,440,0,5,0,100,,2617,440,0,5,0
