1100,'TM-H26-TM_GTFS-Fête-1-01',624,,1512,520,,,0,100,,1522,520,,,0,100,,1513,520,,,0,101,,1514,520,,,0,100,,1523,520,,,0,101,,1515,520,,,0,100,,1524,520,,,0,100,,1516,520,,,0,100,,1525,520,,,0,100,,1517,520,,,0,100,,1526,520,,,0,100,,1518,520,,,0,100,,1527,520,,,0,100,,1519,520,,,0,100,,1528,520,,,0,98,,1520,520,,,0,100,,1529,520,,,0,100,,1521,520,,,0,100,,1530,520,,,0,100,,1531,520,,,0
1100,'TM-H26-TM_GTFS-Fête-2-02',553,,1532,520,,,0,70,,1554,520,,,0,30,,1543,520,,,0,70,,1539,520,,,0,30,,1533,520,,,0,70,,1555,520,,,0,30,,1544,520,,,0,71,,1547,520,,,0,101,,1551,520,,,0,100,,1548,520,,,0,100,,1552,520,,,0,100,,1549,520,,,0,101,,1553,520,,,0,100,,1560,520,,,0,30,,1540,520,,,0,70,,1542,520,,,0,30,,1545,520,,,0,70,,1534,520,,,0,30,,1541,520,,,0,70,,1556,520,,,0,30,,1546,520,,,0,69,,1535,520,,,0,28,,1550,520,,,0,70,,1557,520,,,0,100,,1536,520,,,0,100,,1558,520,,,0,100,,1537,520,,,0,100,,1559,520,,,0,100,,1538,520,,,0
1100,'TM-H26-TM_GTFS-Semaine-02',553,,1561,520,,,0,70,,1583,520,,,0,30,,1572,520,,,0,70,,1568,520,,,0,30,,1562,520,,,0,70,,1584,520,,,0,30,,1573,520,,,0,71,,1576,520,,,0,101,,1580,520,,,0,100,,1577,520,,,0,100,,1581,520,,,0,100,,1578,520,,,0,101,,1582,520,,,0,100,,1589,520,,,0,30,,1569,520,,,0,70,,1571,520,,,0,30,,1574,520,,,0,70,,1563,520,,,0,30,,1570,520,,,0,70,,1585,520,,,0,30,,1575,520,,,0,69,,1564,520,,,0,28,,1579,520,,,0,70,,1586,520,,,0,100,,1565,520,,,0,100,,1587,520,,,0,100,,1566,520,,,0,100,,1588,520,,,0,100,,1567,520,,,0
1100,'TM-H26-TM_GTFS-Week-end-02',624,,1590,520,,,0,100,,1600,520,,,0,100,,1591,520,,,0,101,,1592,520,,,0,100,,1601,520,,,0,101,,1593,520,,,0,100,,1602,520,,,0,100,,1594,520,,,0,100,,1603,520,,,0,100,,1595,520,,,0,100,,1604,520,,,0,100,,1596,520,,,0,100,,1605,520,,,0,100,,1597,520,,,0,100,,1606,520,,,0,98,,1598,520,,,0,100,,1607,520,,,0,100,,1599,520,,,0,100,,1608,520,,,0,100,,1609,520,,,0
4000,'TM-H26-TM_GTFS-Fête-1-01',723,,2884,240,,,0,396,,2885,240,,,0,500,,2886,240,,,0
4000,'TM-H26-TM_GTFS-Week-end-02',723,,2887,240,,,0,396,,2888,240,,,0,500,,2889,240,,,0
14001,'TM-H26-TM_GTFS-Fête-2-02',646,,2941,170,,,0,106,,2936,170,,,0,97,,2940,170,,,0,470,,2938,170,,,0,208,,2933,170,,,0,99,,2937,170,,,0,80,,2935,170,,,0,27,,2939,170,,,0,70,,2942,170,,,0,40,,2930,170,,,0,70,,2934,170,,,0,96,,2931,170,,,0,292,,2932,170,,,0
14001,'TM-H26-TM_GTFS-Semaine-02',646,,2954,170,,,0,106,,2949,170,,,0,97,,2953,170,,,0,470,,2951,170,,,0,208,,2946,170,,,0,99,,2950,170,,,0,80,,2948,170,,,0,27,,2952,170,,,0,70,,2955,170,,,0,40,,2943,170,,,0,70,,2947,170,,,0,96,,2944,170,,,0,292,,2945,170,,,0
2000001201,'TM-H26-TM_GTFS-Fête-2-02',808,,3195,80,,,0,100,,3196,80,,,0,315,,3197,80,,,0
2000001201,'TM-H26-TM_GTFS-Semaine-02',808,,3198,80,,,0,100,,3199,80,,,0,315,,3200,80,,,0
