100,'TM-E26-TM_GTFS-Fête-1-01',629,,3333,320,,,0,96,,3334,610,,,0,100,,3335,610,,,0,101,,3336,610,,,0,100,,3337,610,,,0,100,,3338,610,,,0,100,,3339,610,,,0,100,,3340,610,,,0,104,,3341,680,,,0,100,,3342,680,,,0,100,,3343,680,,,0,100,,3344,680,,,0,99,,3345,680,,,0,100,,3346,680,,,0,99,,3347,680,,,0,100,,3348,680,,,0,99,,3349,680,,,0,100,,3350,680,,,0,100,,3351,680,,,0,100,,3352,680,4,,0
100,'TM-E26-TM_GTFS-Semaine-01',459,,3354,10,,,0,70,,3355,10,,,0,28,,3353,610,,,0,70,,3381,610,,,0,30,,3379,610,,,0,70,,3371,610,,,0,30,,3380,610,,,0,70,,3359,610,,,0,30,,3376,610,,,0,70,,3360,610,,,0,100,,3361,610,,,0,100,,3362,610,,,0,100,,3363,610,,,0,100,,3364,610,,,0,100,,3365,610,,,0,100,,3366,610,,,0,30,,3377,610,,,0,71,,3367,610,,,0,30,,3378,610,,,0,70,,3369,610,,,0,28,,3357,610,,,0,70,,3368,610,,,0,29,,3356,610,,,0,69,,3370,610,,,0,30,,3358,610,,,0,70,,3372,610,,,0,100,,3382,610,,,0,100,,3383,610,,,0,100,,3373,610,,,0,100,,3374,610,,,0,100,,3375,610,4,,0
100,'TM-E26-TM_GTFS-Week-end-01',629,,3384,320,,,0,96,,3385,610,,,0,100,,3386,610,,,0,101,,3387,610,,,0,100,,3388,610,,,0,100,,3389,610,,,0,100,,3390,610,,,0,100,,3391,610,,,0,104,,3392,680,,,0,100,,3393,680,,,0,100,,3394,680,,,0,100,,3395,680,,,0,99,,3396,680,,,0,100,,3397,680,,,0,99,,3398,680,,,0,100,,3399,680,,,0,99,,3400,680,,,0,100,,3401,680,,,0,100,,3402,680,,,0,100,,3403,680,4,,0
1400,'TM-E26-TM_GTFS-Fête-1-01',640,,3710,340,,,0,100,,3715,340,,,0,99,,3713,340,,,0,99,,3727,340,,,0,99,,3722,340,,,0,100,,3720,340,,,0,99,,3723,340,,,0,100,,3721,340,,,0,100,,3724,340,,,0,102,,3728,340,,,0,100,,3725,340,,,0,100,,3729,340,,,0,100,,3726,340,,,0,100,,3712,340,,,0,100,,3716,340,,,0,100,,3719,340,,,0,100,,3717,340,,,0,101,,3714,340,,,0,100,,3718,340,,,0,100,,3711,340,,,0
1400,'TM-E26-TM_GTFS-Semaine-01',530,,3745,340,,,0,71,,3738,340,,,0,31,,3746,340,,,0,72,,3751,340,,,0,27,,3739,340,,,0,70,,3747,340,,,0,30,,3737,340,,,0,71,,3740,340,,,0,30,,3748,340,,,0,72,,3741,340,,,0,100,,3752,340,,,0,100,,3754,340,,,0,100,,3753,340,,,0,100,,3730,340,,,0,100,,3735,340,,,0,99,,3731,340,,,0,30,,3749,340,,,0,70,,3736,340,,,0,30,,3732,340,,,0,70,,3755,340,,,0,32,,3742,340,,,0,70,,3733,340,,,0,102,,3756,340,,,0,101,,3734,340,,,0,100,,3743,340,,,0,100,,3750,340,,,0,101,,3744,340,,,0,99,,3757,340,,,0
1400,'TM-E26-TM_GTFS-Week-end-01',640,,3758,340,,,0,100,,3763,340,,,0,99,,3761,340,,,0,99,,3775,340,,,0,99,,3770,340,,,0,100,,3768,340,,,0,99,,3771,340,,,0,100,,3769,340,,,0,100,,3772,340,,,0,102,,3776,340,,,0,100,,3773,340,,,0,100,,3777,340,,,0,100,,3774,340,,,0,100,,3760,340,,,0,100,,3764,340,,,0,100,,3767,340,,,0,100,,3765,340,,,0,101,,3762,340,,,0,100,,3766,340,,,0,100,,3759,340,,,0
1701,'TM-E26-TM_GTFS-Fête-1-01',630,,3917,550,,,0,101,,3908,550,,,0,100,,3899,550,,,0,100,,3909,550,,,0,100,,3900,550,,,0,100,,3910,550,,,0,100,,3901,550,,,0,100,,3911,550,,,0,100,,3902,550,,,0,100,,3912,550,,,0,100,,3903,550,,,0,99,,3913,550,,,0,100,,3904,550,,,0,100,,3914,550,,,0,99,,3905,550,,,0,100,,3915,550,,,0,100,,3906,550,,,0,100,,3916,550,,,0,100,,3907,550,,,0
1701,'TM-E26-TM_GTFS-Semaine-01',531,,3921,550,,,0,102,,3930,550,,,0,94,,3922,550,,,0,104,,3931,550,,,0,99,,3923,550,,,0,99,,3932,550,,,0,100,,3924,550,,,0,100,,3933,550,,,0,100,,3925,550,,,0,100,,3934,550,,,0,101,,3926,550,,,0,100,,3935,550,,,0,104,,3927,550,,,0,97,,3918,550,,,0,95,,3928,550,,,0,100,,3919,550,,,0,100,,3929,550,,,0,100,,3920,550,,,0,100,,3936,550,,,0,100,,3937,550,,,0
1701,'TM-E26-TM_GTFS-Week-end-01',630,,3956,550,,,0,101,,3947,550,,,0,100,,3938,550,,,0,100,,3948,550,,,0,100,,3939,550,,,0,100,,3949,550,,,0,100,,3940,550,,,0,100,,3950,550,,,0,100,,3941,550,,,0,100,,3951,550,,,0,100,,3942,550,,,0,99,,3952,550,,,0,100,,3943,550,,,0,100,,3953,550,,,0,99,,3944,550,,,0,100,,3954,550,,,0,100,,3945,550,,,0,100,,3955,550,,,0,100,,3946,550,,,0
1800,'TM-E26-TM_GTFS-Fête-1-01',723,,3960,470,,,0,100,,3961,470,,,0,100,,3962,470,,,0,399,,3963,470,,,0,201,,3957,470,,,0,100,,3958,470,,,0,100,,3959,470,,,0,299,,3964,470,,,0
1800,'TM-E26-TM_GTFS-Semaine-01',553,,3965,160,,,0,102,,3974,470,,,0,100,,3966,470,,,0,70,,3970,470,,,0,29,,3967,470,,,0,170,,3971,470,,,0,200,,3972,470,,,0,200,,3973,470,,,0,129,,3968,470,,,0,100,,3977,470,,,0,100,,3978,470,,,0,71,,3975,210,,,0,98,,3976,470,,,0,200,,3969,470,,,0
1800,'TM-E26-TM_GTFS-Week-end-01',723,,3982,470,,,0,100,,3983,470,,,0,100,,3984,470,,,0,399,,3985,470,,,0,201,,3979,470,,,0,100,,3980,470,,,0,100,,3981,470,,,0,299,,3986,470,,,0
2301,'TM-E26-TM_GTFS-Semaine-01',759,,4313,120,,,0,142,,4316,120,,,0,799,,4314,120,,,0,135,,4315,120,,,0
