4000,'TM-H26-TM_GTFS-Fête-1-01',702,,2884,10,,,0,356,,2885,10,,,0,500,,2886,10,,,0
4000,'TM-H26-TM_GTFS-Week-end-02',702,,2887,10,,,0,356,,2888,10,,,0,500,,2889,10,,,0
4001,'TM-H26-TM_GTFS-Fête-1-01',833,,2890,350,4,,0,402,,2891,350,4,,0,498,,2892,350,4,,0
4001,'TM-H26-TM_GTFS-Week-end-02',833,,2893,350,4,,0,402,,2894,350,4,,0,498,,2895,350,4,,0
14000,'TM-H26-TM_GTFS-Fête-2-02',504,,2912,10,,,0,40,,2904,10,,,0,60,,2906,10,,,0,20,,2915,10,,,0,20,,2902,10,,,0,60,,2911,10,,,0,25,,2913,10,,,0,71,,2910,10,,,0,349,,2914,10,,,0,108,,2908,10,,,0,259,,2907,10,,,0,189,,2905,10,,,0,136,,2909,10,,,0,293,,2903,10,,,0
14000,'TM-H26-TM_GTFS-Semaine-02',504,,2926,10,,,0,40,,2918,10,,,0,60,,2920,10,,,0,20,,2929,10,,,0,20,,2916,10,,,0,60,,2925,10,,,0,25,,2927,10,,,0,71,,2924,10,,,0,349,,2928,10,,,0,108,,2922,10,,,0,259,,2921,10,,,0,189,,2919,10,,,0,136,,2923,10,,,0,293,,2917,10,,,0
14001,'TM-H26-TM_GTFS-Fête-2-02',711,,2941,350,4,,0,106,,2936,350,4,,0,97,,2940,350,4,,0,430,,2938,350,4,,0,208,,2933,350,4,,0,101,,2937,350,4,,0,78,,2935,350,4,,0,27,,2939,350,4,,0,70,,2942,350,4,,0,80,,2930,350,4,,0,30,,2934,350,4,,0,96,,2931,350,4,,0,292,,2932,350,4,,0
14001,'TM-H26-TM_GTFS-Semaine-02',711,,2954,350,4,,0,106,,2949,350,4,,0,97,,2953,350,4,,0,430,,2951,350,4,,0,208,,2946,350,4,,0,101,,2950,350,4,,0,78,,2948,350,4,,0,27,,2952,350,4,,0,70,,2955,350,4,,0,80,,2943,350,4,,0,30,,2947,350,4,,0,96,,2944,350,4,,0,292,,2945,350,4,,0
2000001301,'TM-H26-TM_GTFS-Fête-2-02',722,,3211,170,,,0,100,,3212,170,,,0,100,,3213,170,,,0,200,,3214,170,,,0
2000001301,'TM-H26-TM_GTFS-Semaine-02',722,,3215,170,,,0,100,,3216,170,,,0,100,,3217,170,,,0,200,,3218,170,,,0
