1100,'TM-H26-TM_GTFS-Fête-1-01',632,,1512,610,,,0,100,,1522,610,,,0,101,,1513,610,,,0,101,,1514,610,,,0,100,,1523,610,,,0,102,,1515,610,,,0,100,,1524,610,,,0,100,,1516,610,,,0,100,,1525,610,,,0,100,,1517,610,,,0,100,,1526,610,,,0,100,,1518,610,,,0,99,,1527,610,,,0,99,,1519,610,,,0,100,,1528,610,,,0,98,,1520,610,,,0,100,,1529,610,,,0,100,,1521,610,,,0,100,,1530,610,,,0,100,,1531,610,,,0
1100,'TM-H26-TM_GTFS-Fête-2-02',602,,1532,610,,,0,30,,1554,610,,,0,70,,1543,610,,,0,30,,1539,610,,,0,70,,1533,610,,,0,30,,1555,610,,,0,70,,1544,610,,,0,31,,1547,610,,,0,102,,1551,610,,,0,100,,1548,610,,,0,100,,1552,610,,,0,100,,1549,610,,,0,101,,1553,610,,,0,100,,1560,610,,,0,70,,1540,610,,,0,32,,1542,610,,,0,68,,1545,610,,,0,30,,1534,610,,,0,70,,1541,610,,,0,30,,1556,610,,,0,70,,1546,610,,,0,29,,1535,610,,,0,68,,1550,610,,,0,30,,1557,610,,,0,100,,1536,610,,,0,100,,1558,610,,,0,100,,1537,610,,,0,100,,1559,610,,,0,100,,1538,610,,,0
1100,'TM-H26-TM_GTFS-Semaine-02',602,,1561,610,,,0,30,,1583,610,,,0,70,,1572,610,,,0,30,,1568,610,,,0,70,,1562,610,,,0,30,,1584,610,,,0,70,,1573,610,,,0,31,,1576,610,,,0,102,,1580,610,,,0,100,,1577,610,,,0,100,,1581,610,,,0,100,,1578,610,,,0,101,,1582,610,,,0,100,,1589,610,,,0,70,,1569,610,,,0,32,,1571,610,,,0,68,,1574,610,,,0,30,,1563,610,,,0,70,,1570,610,,,0,30,,1585,610,,,0,70,,1575,610,,,0,29,,1564,610,,,0,68,,1579,610,,,0,30,,1586,610,,,0,100,,1565,610,,,0,100,,1587,610,,,0,100,,1566,610,,,0,100,,1588,610,,,0,100,,1567,610,,,0
1100,'TM-H26-TM_GTFS-Week-end-02',632,,1590,610,,,0,100,,1600,610,,,0,101,,1591,610,,,0,101,,1592,610,,,0,100,,1601,610,,,0,102,,1593,610,,,0,100,,1602,610,,,0,100,,1594,610,,,0,100,,1603,610,,,0,100,,1595,610,,,0,100,,1604,610,,,0,100,,1596,610,,,0,99,,1605,610,,,0,99,,1597,610,,,0,100,,1606,610,,,0,98,,1598,610,,,0,100,,1607,610,,,0,100,,1599,610,,,0,100,,1608,610,,,0,100,,1609,610,,,0
1101,'TM-H26-TM_GTFS-Fête-1-01',613,,1620,260,,,0,100,,1610,260,,,0,100,,1621,260,,,0,100,,1611,260,,,0,100,,1612,260,,,0,100,,1622,260,,,0,100,,1613,260,,,0,100,,1623,260,,,0,100,,1614,260,,,0,100,,1624,260,,,0,100,,1615,260,,,0,100,,1625,260,,,0,100,,1616,260,,,0,100,,1626,260,,,0,100,,1617,260,,,0,99,,1627,260,,,0,100,,1618,260,,,0,100,,1628,260,,,0,100,,1619,260,,,0
1101,'TM-H26-TM_GTFS-Fête-2-02',541,,1638,150,,,0,70,,1634,260,,,0,30,,1629,260,,,0,70,,1649,260,,,0,30,,1639,260,,,0,70,,1642,260,,,0,100,,1650,260,,,0,98,,1643,260,,,0,102,,1646,260,,,0,100,,1644,260,,,0,100,,1647,260,,,0,100,,1645,260,,,0,97,,1648,260,,,0,30,,1640,260,,,0,73,,1654,260,,,0,30,,1635,260,,,0,72,,1637,260,,,0,29,,1641,260,,,0,70,,1630,260,,,0,29,,1636,260,,,0,71,,1651,260,,,0,103,,1631,260,,,0,99,,1652,260,,,0,101,,1632,260,,,0,99,,1653,260,,,0,101,,1633,260,,,0
1101,'TM-H26-TM_GTFS-Semaine-02',541,,1664,150,,,0,70,,1660,260,,,0,30,,1655,260,,,0,70,,1675,260,,,0,30,,1665,260,,,0,70,,1668,260,,,0,100,,1676,260,,,0,98,,1669,260,,,0,102,,1672,260,,,0,100,,1670,260,,,0,100,,1673,260,,,0,100,,1671,260,,,0,97,,1674,260,,,0,30,,1666,260,,,0,73,,1680,260,,,0,30,,1661,260,,,0,72,,1663,260,,,0,29,,1667,260,,,0,70,,1656,260,,,0,29,,1662,260,,,0,71,,1677,260,,,0,103,,1657,260,,,0,99,,1678,260,,,0,101,,1658,260,,,0,99,,1679,260,,,0,101,,1659,260,,,0
1101,'TM-H26-TM_GTFS-Week-end-02',613,,1691,260,,,0,100,,1681,260,,,0,100,,1692,260,,,0,100,,1682,260,,,0,100,,1683,260,,,0,100,,1693,260,,,0,100,,1684,260,,,0,100,,1694,260,,,0,100,,1685,260,,,0,100,,1695,260,,,0,100,,1686,260,,,0,100,,1696,260,,,0,100,,1687,260,,,0,100,,1697,260,,,0,100,,1688,260,,,0,99,,1698,260,,,0,100,,1689,260,,,0,100,,1699,260,,,0,100,,1690,260,,,0
4001,'TM-H26-TM_GTFS-Fête-1-01',821,,2890,270,,,0,402,,2891,270,,,0,498,,2892,270,,,0
4001,'TM-H26-TM_GTFS-Week-end-02',821,,2893,270,,,0,402,,2894,270,,,0,498,,2895,270,,,0
14001,'TM-H26-TM_GTFS-Fête-2-02',659,,2941,270,,,0,146,,2936,270,,,0,97,,2940,270,,,0,430,,2938,270,,,0,208,,2933,270,,,0,101,,2937,270,,,0,78,,2935,270,,,0,27,,2939,270,,,0,70,,2942,270,,,0,40,,2930,270,,,0,70,,2934,270,,,0,96,,2931,270,,,0,292,,2932,270,,,0
14001,'TM-H26-TM_GTFS-Semaine-02',659,,2954,270,,,0,146,,2949,270,,,0,97,,2953,270,,,0,430,,2951,270,,,0,208,,2946,270,,,0,101,,2950,270,,,0,78,,2948,270,,,0,27,,2952,270,,,0,70,,2955,270,,,0,40,,2943,270,,,0,70,,2947,270,,,0,96,,2944,270,,,0,292,,2945,270,,,0
3001101,'TM-H26-TM_GTFS-Semaine-02',1655,,3161,60,,,0,100,,3162,60,,,0
2000001200,'TM-H26-TM_GTFS-Fête-2-02',1233,,3189,80,,,0,390,,3190,80,,,0,215,,3191,80,,,0
2000001200,'TM-H26-TM_GTFS-Semaine-02',1233,,3192,80,,,0,390,,3193,80,,,0,215,,3194,80,,,0
