1901,'TM-E26-TM_GTFS-Fête-1-01',639,,4087,90,,,0,100,,4088,90,,,0,100,,4089,90,,,0,100,,4090,90,,,0,100,,4091,90,,,0,100,,4092,90,,,0,100,,4093,90,,,0,100,,4094,90,,,0,101,,4095,90,,,0,100,,4096,90,,,0,100,,4097,90,,,0,100,,4098,90,,,0,99,,4099,90,,,0,100,,4100,90,,,0,100,,4101,90,,,0,100,,4102,90,,,0,100,,4103,90,,,0,100,,4104,90,,,0,100,,4105,90,,,0,100,,4106,90,,,0
1901,'TM-E26-TM_GTFS-Semaine-01',543,,4149,90,,,0,85,,4108,90,,,0,79,,4116,90,,,0,29,,4121,90,,,0,13,,4148,90,,,0,62,,4109,90,,,0,32,,4122,90,,,0,71,,4141,90,,,0,27,,4129,90,,,0,70,,4142,90,,,0,30,,4130,90,,,0,70,,4143,90,,,0,30,,4123,90,,,0,70,,4117,90,,,0,30,,4124,90,,,0,70,,4118,90,,,0,30,,4125,90,,,0,70,,4119,90,,,0,32,,4126,90,,,0,72,,4120,90,,,0,18,,4114,90,,,0,15,,4127,90,,,0,66,,4145,90,,,0,12,,4113,90,,,0,16,,4128,90,,,0,14,,4110,90,,,0,52,,4150,90,,,0,12,,4107,90,,,0,12,,4111,90,,,0,9,,4144,90,,,0,12,,4146,90,,,0,49,,4112,90,,,0,20,,4152,90,,,0,13,,4151,90,,,0,69,,4147,90,,,0,35,,4115,90,,,0,70,,4137,90,,,0,30,,4131,90,,,0,70,,4138,90,,,0,30,,4132,90,,,0,70,,4139,90,,,0,30,,4133,90,,,0,70,,4140,90,,,0,30,,4134,90,,,0,100,,4135,90,,,0,103,,4136,90,,,0
1901,'TM-E26-TM_GTFS-Week-end-01',639,,4153,90,,,0,100,,4154,90,,,0,100,,4155,90,,,0,100,,4156,90,,,0,100,,4157,90,,,0,100,,4158,90,,,0,100,,4159,90,,,0,100,,4160,90,,,0,101,,4161,90,,,0,100,,4162,90,,,0,100,,4163,90,,,0,100,,4164,90,,,0,99,,4165,90,,,0,100,,4166,90,,,0,100,,4167,90,,,0,100,,4168,90,,,0,100,,4169,90,,,0,100,,4170,90,,,0,100,,4171,90,,,0,100,,4172,90,,,0
2501,'TM-E26-TM_GTFS-Semaine-01',705,,4333,110,,,0,30,,4338,110,,,0,101,,4340,110,,,0,101,,4341,110,,,0,70,,4342,110,,,0,100,,4343,110,,,0,100,,4344,110,,,0,100,,4345,110,,,0,134,,4346,110,,,0,101,,4334,110,,,0,67,,4347,110,,,0,33,,4336,110,,,0,67,,4335,110,,,0,33,,4348,110,,,0,69,,4337,110,,,0,30,,4339,110,,,0,66,,4349,110,,,0
3001,'TM-E26-TM_GTFS-Fête-1-01',737,,4384,70,0,8 7,0,100,,4385,70,0,8 7,0,901,,4386,70,0,8 7,0,200,,4387,70,0,8 7,0
3001,'TM-E26-TM_GTFS-Semaine-01',621,,4389,40,,,0,25,,4398,40,0,8 7,0,71,,4399,40,,,0,94,,4391,40,,,0,30,,4390,40,0,8 7,0,99,,4388,40,0,8 7,0,101,,4397,70,0,8 7,0,100,,4394,70,0,8 7,0,100,,4403,70,0,8 7,0,100,,4395,70,0,8 7,0,100,,4396,70,0,8 7,0,92,,4411,70,,,0,23,,4406,70,,,0,61,,4401,70,,,0,20,,4412,70,,,0,20,,4407,70,,,0,60,,4410,70,,,0,20,,4400,70,,,0,19,,4409,70,,,0,57,,4404,70,,,0,25,,4402,70,,,0,69,,4392,70,,,0,36,,4408,70,0,8 7,0,99,,4393,70,0,8 7,0,100,,4405,70,0,8 7,0
3001,'TM-E26-TM_GTFS-Week-end-01',737,,4413,70,0,8 7,0,100,,4414,70,0,8 7,0,901,,4415,70,0,8 7,0,200,,4416,70,0,8 7,0
2002501,'TM-E26-TM_GTFS-Fête-1-01',743,,4592,70,,,0,99,,4574,70,,,0,100,,4576,70,,,0,100,,4581,70,,,0,100,,4580,70,,,0,100,,4578,70,,,0,100,,4577,70,,,0,100,,4575,70,,,0,100,,4579,70,,,0,100,,4582,70,,,0,100,,4583,70,,,0,100,,4585,70,,,0,100,,4586,70,,,0,100,,4584,70,,,0,100,,4591,70,,,0,100,,4588,70,,,0,100,,4587,70,,,0,100,,4589,70,,,0,100,,4590,70,,,0
2002501,'TM-E26-TM_GTFS-Semaine-01',1942,,4594,70,,,0,100,,4595,70,,,0,100,,4596,70,,,0,100,,4597,70,,,0,100,,4598,70,,,0,100,,4599,70,,,0,95,,4593,70,,,0
2002501,'TM-E26-TM_GTFS-Week-end-01',743,,4618,70,,,0,99,,4600,70,,,0,100,,4602,70,,,0,100,,4607,70,,,0,100,,4606,70,,,0,100,,4604,70,,,0,100,,4603,70,,,0,100,,4601,70,,,0,100,,4605,70,,,0,100,,4608,70,,,0,100,,4609,70,,,0,100,,4611,70,,,0,100,,4612,70,,,0,100,,4610,70,,,0,100,,4617,70,,,0,100,,4614,70,,,0,100,,4613,70,,,0,100,,4615,70,,,0,100,,4616,70,,,0
