300,'TM-H26-TM_GTFS-Semaine-02',537,,1338,480,,,0,98,,1339,600,,,0,70,,1355,600,,,0,31,,1349,600,,,0,70,,1354,600,,,0,32,,1348,600,,,0,100,,1343,600,,,0,200,,1344,600,,,0,200,,1345,600,,,0,171,,1347,600,,,0,105,,1346,600,,,0,99,,1352,600,,,0,28,,1351,600,,,0,66,,1353,600,,,0,30,,1350,600,,,0,95,,1337,600,,,0,168,,1340,600,,,0,100,,1341,600,,,0,227,,1342,600,,,0
300,'TM-H26-TM_GTFS-Week-end-02',630,,1356,490,,,0,201,,1357,610,,,0,207,,1358,610,,,0,200,,1359,610,,,0,200,,1360,610,,,0,197,,1361,610,,,0,197,,1362,610,,,0,199,,1363,610,,,0,200,,1364,610,,,0,198,,1365,610,,,0
400,'TM-H26-TM_GTFS-Semaine-02',1657,,1375,380,,,0,91,,1371,380,,,0,100,,1372,380,,,0,294,,1373,380,,,0,275,,1374,380,,,0
401,'TM-H26-TM_GTFS-Semaine-02',605,,1382,450,,,0,100,,1384,450,,,0,100,,1383,450,,,0,101,,1381,450,,,0,1031,,1385,450,,,0
800,'TM-H26-TM_GTFS-Semaine-02',601,,1443,180,,,0,101,,1438,180,,,0,100,,1434,180,,,0,100,,1435,180,,,0,100,,1441,180,,,0,100,,1442,180,,,0,100,,1432,180,,,0,100,,1433,180,,,0,100,,1439,180,,,0,100,,1444,180,,,0,100,,1440,180,,,0,100,,1436,180,,,0,100,,1437,180,,,0,100,,1445,180,,,0,100,,1446,180,,,0,100,,1447,180,,,0,100,,1448,180,,,0,100,,1449,180,,,0,100,,1450,180,,,0,98,,1451,180,0,16,0
800,'TM-H26-TM_GTFS-Week-end-02',701,,1453,180,,,0,100,,1454,180,,,0,100,,1455,180,,,0,101,,1456,180,,,0,100,,1457,180,,,0,100,,1458,180,,,0,100,,1459,180,,,0,100,,1460,180,,,0,100,,1461,180,,,0,100,,1462,180,,,0,100,,1463,180,,,0,99,,1464,180,,,0,100,,1465,180,,,0,100,,1466,180,,,0,100,,1467,180,,,0,100,,1468,180,,,0,100,,1469,180,,,0,100,,1470,180,,,0,99,,1471,180,0,16,0
1101,'TM-H26-TM_GTFS-Semaine-02',605,,1664,510,,,0,30,,1660,620,,,0,70,,1655,620,,,0,30,,1675,620,,,0,70,,1665,620,,,0,30,,1668,620,,,0,100,,1676,620,,,0,100,,1669,620,,,0,102,,1672,620,,,0,100,,1670,620,,,0,100,,1673,620,,,0,100,,1671,620,,,0,97,,1674,620,,,0,70,,1666,620,,,0,32,,1680,620,,,0,70,,1661,620,,,0,31,,1663,620,,,0,69,,1667,620,,,0,30,,1656,620,,,0,69,,1662,620,,,0,30,,1677,620,,,0,103,,1657,620,,,0,99,,1678,620,,,0,100,,1658,620,,,0,99,,1679,620,,,0,101,,1659,620,,,0
1101,'TM-H26-TM_GTFS-Week-end-02',636,,1691,620,,,0,100,,1681,620,,,0,100,,1692,620,,,0,101,,1682,620,,,0,101,,1683,620,,,0,100,,1693,620,,,0,100,,1684,620,,,0,100,,1694,620,,,0,100,,1685,620,,,0,100,,1695,620,,,0,100,,1686,620,,,0,100,,1696,620,,,0,99,,1687,620,,,0,98,,1697,620,,,0,100,,1688,620,,,0,99,,1698,620,,,0,100,,1689,620,,,0,100,,1699,620,,,0,100,,1690,620,,,0
2001,'TM-H26-TM_GTFS-Semaine-02',536,,2565,250,,,0,101,,2566,250,,,0,70,,2562,250,,,0,30,,2567,250,,,0,72,,2586,250,,,0,30,,2568,250,,,0,70,,2584,250,,,0,30,,2569,250,,,0,100,,2570,250,,,0,101,,2561,250,,,0,100,,2571,250,,,0,100,,2578,250,,,0,99,,2579,250,,,0,99,,2580,250,,,0,100,,2581,250,,,0,64,,2582,250,,,0,30,,2563,250,,,0,70,,2583,250,,,0,30,,2572,250,,,0,71,,2585,250,,,0,29,,2564,250,,,0,105,,2573,250,,,0,99,,2574,250,,,0,97,,2575,250,,,0,100,,2576,250,,,0,100,,2577,250,,,0
2001,'TM-H26-TM_GTFS-Week-end-02',634,,2593,250,,,0,102,,2594,250,,,0,101,,2595,250,,,0,100,,2596,250,,,0,101,,2587,250,,,0,101,,2588,250,,,0,100,,2597,250,,,0,101,,2598,250,,,0,100,,2599,250,,,0,99,,2589,250,,,0,100,,2590,250,,,0,99,,2591,250,,,0,98,,2592,250,,,0,100,,2600,250,,,0,100,,2601,250,,,0,100,,2602,250,,,0,99,,2603,250,,,0,100,,2604,250,,,0,100,,2605,250,,,0
2100,'TM-H26-TM_GTFS-Semaine-02',636,,2611,340,0,5,0,94,,2610,560,0,5,0,100,,2612,560,0,5,0,100,,2613,560,0,5,0
2101,'TM-H26-TM_GTFS-Semaine-02',1638,,2619,560,0,5,0,99,,2618,560,0,5,0,100,,2617,560,0,5,0
2701,'TM-H26-TM_GTFS-Semaine-02',601,,2728,210,,,0,58,,2731,210,,,0,100,,2732,210,,,0,100,,2733,300,,,0,769,,2729,300,,,0,103,,2730,300,,,0,100,,2734,300,,,0
