1400,'TM-H26-TM_GTFS-Fête-1-01',635,,1700,260,,,0,100,,1705,260,,,0,99,,1703,260,,,0,99,,1717,260,,,0,99,,1712,260,,,0,100,,1710,260,,,0,99,,1713,260,,,0,100,,1711,260,,,0,100,,1714,260,,,0,102,,1718,260,,,0,100,,1715,260,,,0,100,,1719,260,,,0,100,,1716,260,,,0,100,,1702,260,,,0,100,,1706,260,,,0,100,,1709,260,,,0,101,,1707,260,,,0,102,,1704,260,,,0,100,,1708,260,,,0,100,,1701,260,,,0
1400,'TM-H26-TM_GTFS-Fête-2-02',524,,1735,260,,,0,31,,1728,260,,,0,71,,1736,260,,,0,30,,1741,260,,,0,67,,1729,260,,,0,31,,1737,260,,,0,70,,1727,260,,,0,32,,1730,260,,,0,70,,1738,260,,,0,32,,1731,260,,,0,100,,1742,260,,,0,100,,1744,260,,,0,100,,1743,260,,,0,100,,1720,260,,,0,100,,1725,260,,,0,100,,1721,260,,,0,70,,1739,260,,,0,30,,1726,260,,,0,70,,1722,260,,,0,30,,1745,260,,,0,72,,1732,260,,,0,70,,1723,260,,,0,102,,1746,260,,,0,101,,1724,260,,,0,100,,1733,260,,,0,101,,1740,260,,,0,101,,1734,260,,,0,99,,1747,260,,,0
1400,'TM-H26-TM_GTFS-Semaine-02',524,,1763,260,,,0,31,,1756,260,,,0,71,,1764,260,,,0,30,,1769,260,,,0,67,,1757,260,,,0,31,,1765,260,,,0,70,,1755,260,,,0,32,,1758,260,,,0,70,,1766,260,,,0,32,,1759,260,,,0,100,,1770,260,,,0,100,,1772,260,,,0,100,,1771,260,,,0,100,,1748,260,,,0,100,,1753,260,,,0,100,,1749,260,,,0,70,,1767,260,,,0,30,,1754,260,,,0,70,,1750,260,,,0,30,,1773,260,,,0,72,,1760,260,,,0,70,,1751,260,,,0,102,,1774,260,,,0,101,,1752,260,,,0,100,,1761,260,,,0,101,,1768,260,,,0,101,,1762,260,,,0,99,,1775,260,,,0
1400,'TM-H26-TM_GTFS-Week-end-02',635,,1776,260,,,0,100,,1781,260,,,0,99,,1779,260,,,0,99,,1793,260,,,0,99,,1788,260,,,0,100,,1786,260,,,0,99,,1789,260,,,0,100,,1787,260,,,0,100,,1790,260,,,0,102,,1794,260,,,0,100,,1791,260,,,0,100,,1795,260,,,0,100,,1792,260,,,0,100,,1778,260,,,0,100,,1782,260,,,0,100,,1785,260,,,0,101,,1783,260,,,0,102,,1780,260,,,0,100,,1784,260,,,0,100,,1777,260,,,0
1701,'TM-H26-TM_GTFS-Fête-1-01',625,,1982,470,,,0,100,,1973,470,,,0,100,,1964,470,,,0,100,,1974,470,,,0,100,,1965,470,,,0,100,,1975,470,,,0,100,,1966,470,,,0,100,,1976,470,,,0,100,,1967,470,,,0,100,,1977,470,,,0,100,,1968,470,,,0,100,,1978,470,,,0,100,,1969,470,,,0,100,,1979,470,,,0,100,,1970,470,,,0,100,,1980,470,,,0,100,,1971,470,,,0,100,,1981,470,,,0,100,,1972,470,,,0
1701,'TM-H26-TM_GTFS-Fête-2-02',525,,1986,470,,,0,101,,1995,470,,,0,93,,1987,470,,,0,106,,1996,470,,,0,99,,1988,470,,,0,99,,1997,470,,,0,100,,1989,470,,,0,100,,1998,470,,,0,100,,1990,470,,,0,100,,1999,470,,,0,101,,1991,470,,,0,100,,2000,470,,,0,104,,1992,470,,,0,99,,1983,470,,,0,95,,1993,470,,,0,100,,1984,470,,,0,100,,1994,470,,,0,100,,1985,470,,,0,100,,2001,470,,,0,100,,2002,470,,,0
1701,'TM-H26-TM_GTFS-Semaine-02',525,,2006,470,,,0,101,,2015,470,,,0,93,,2007,470,,,0,106,,2016,470,,,0,99,,2008,470,,,0,99,,2017,470,,,0,100,,2009,470,,,0,100,,2018,470,,,0,100,,2010,470,,,0,100,,2019,470,,,0,101,,2011,470,,,0,100,,2020,470,,,0,104,,2012,470,,,0,99,,2003,470,,,0,95,,2013,470,,,0,100,,2004,470,,,0,100,,2014,470,,,0,100,,2005,470,,,0,100,,2021,470,,,0,100,,2022,470,,,0
1701,'TM-H26-TM_GTFS-Week-end-02',625,,2041,470,,,0,100,,2032,470,,,0,100,,2023,470,,,0,100,,2033,470,,,0,100,,2024,470,,,0,100,,2034,470,,,0,100,,2025,470,,,0,100,,2035,470,,,0,100,,2026,470,,,0,100,,2036,470,,,0,100,,2027,470,,,0,100,,2037,470,,,0,100,,2028,470,,,0,100,,2038,470,,,0,100,,2029,470,,,0,100,,2039,470,,,0,100,,2030,470,,,0,100,,2040,470,,,0,100,,2031,470,,,0
2000001501,'TM-H26-TM_GTFS-Fête-2-02',721,,3227,270,,,0,110,,3228,270,,,0,90,,3229,270,,,0,315,,3230,270,,,0
2000001501,'TM-H26-TM_GTFS-Semaine-02',721,,3231,270,,,0,110,,3232,270,,,0,90,,3233,270,,,0,315,,3234,270,,,0
