200,'TM-H26-TM_GTFS-Semaine-02',556,,1295,80,,,0,70,,1289,80,,,0,30,,1296,80,,,0,70,,1290,80,,,0,30,,1297,80,,,0,70,,1291,80,,,0,130,,1285,80,,,0,200,,1286,80,,,0,200,,1287,80,0,8 7,0,100,,1284,80,,,0,101,,1293,80,,,0,70,,1292,80,,,0,30,,1294,80,,,0,70,,1288,80,,,0,99,,1277,80,,,0,130,,1283,80,,,0,99,,1280,80,,,0,100,,1279,80,,,0,100,,1281,80,,,0,200,,1282,80,0,12,0
200,'TM-H26-TM_GTFS-Week-end-02',656,,1298,80,,,0,200,,1299,80,,,0,200,,1300,80,,,0,200,,1301,80,,,0,200,,1302,80,,,0,200,,1303,80,,,0,200,,1304,80,,,0,200,,1305,80,,,0,200,,1306,80,,,0,200,,1307,80,0,12,0
400,'TM-H26-TM_GTFS-Semaine-02',1638,,1375,80,,,0,93,,1371,80,,,0,100,,1372,80,,,0,295,,1373,80,,,0,275,,1374,80,,,0
401,'TM-H26-TM_GTFS-Semaine-02',546,,1382,160,,,0,100,,1384,160,,,0,100,,1383,160,,,0,101,,1381,160,,,0,1074,,1385,160,,,0
800,'TM-H26-TM_GTFS-Semaine-02',627,,1443,610,,,0,102,,1438,610,,,0,100,,1434,610,,,0,99,,1435,610,,,0,100,,1441,610,,,0,100,,1442,610,,,0,100,,1432,610,,,0,100,,1433,610,,,0,100,,1439,610,,,0,102,,1444,610,,,0,100,,1440,610,,,0,100,,1436,610,,,0,96,,1437,610,,,0,100,,1445,610,,,0,100,,1446,610,,,0,100,,1447,610,,,0,100,,1448,610,,,0,100,,1449,610,,,0,99,,1450,610,,,0
800,'TM-H26-TM_GTFS-Week-end-02',627,,1452,310,,,0,99,,1453,610,,,0,100,,1454,610,,,0,100,,1455,610,,,0,101,,1456,610,,,0,100,,1457,610,,,0,100,,1458,610,,,0,100,,1459,610,,,0,100,,1460,610,,,0,100,,1461,610,,,0,100,,1462,610,,,0,100,,1463,610,,,0,99,,1464,610,,,0,100,,1465,610,,,0,100,,1466,610,,,0,100,,1467,610,,,0,100,,1468,610,,,0,100,,1469,610,,,0,100,,1470,610,,,0
1100,'TM-H26-TM_GTFS-Semaine-02',525,,1561,80,,,0,30,,1583,80,,,0,70,,1572,80,,,0,30,,1568,80,,,0,70,,1562,80,,,0,30,,1584,80,,,0,70,,1573,80,,,0,30,,1576,80,,,0,100,,1580,80,,,0,100,,1577,80,,,0,100,,1581,80,,,0,100,,1578,80,,,0,101,,1582,80,,,0,100,,1589,80,,,0,70,,1569,80,,,0,30,,1571,80,,,0,70,,1574,80,,,0,30,,1563,80,,,0,70,,1570,80,,,0,30,,1585,80,,,0,70,,1575,80,,,0,30,,1564,80,,,0,69,,1579,80,,,0,30,,1586,80,,,0,100,,1565,80,,,0,100,,1587,80,,,0,100,,1566,80,,,0,100,,1588,80,,,0,100,,1567,80,,,0
1100,'TM-H26-TM_GTFS-Week-end-02',555,,1590,80,,,0,100,,1600,80,,,0,100,,1591,80,,,0,100,,1592,80,,,0,100,,1601,80,,,0,101,,1593,80,,,0,100,,1602,80,,,0,100,,1594,80,,,0,100,,1603,80,,,0,100,,1595,80,,,0,100,,1604,80,,,0,100,,1596,80,,,0,100,,1605,80,,,0,100,,1597,80,,,0,100,,1606,80,,,0,100,,1598,80,,,0,100,,1607,80,,,0,100,,1599,80,,,0,100,,1608,80,,,0,100,,1609,80,,,0
2000,'TM-H26-TM_GTFS-Semaine-02',556,,2477,80,,,0,70,,2472,80,,,0,30,,2478,80,,,0,70,,2496,80,,,0,30,,2479,80,,,0,70,,2494,80,,,0,30,,2480,80,,,0,100,,2481,80,,,0,100,,2482,80,,,0,100,,2483,80,,,0,100,,2487,80,,,0,100,,2471,80,,,0,100,,2486,80,,,0,100,,2473,80,,,0,70,,2475,80,,,0,30,,2474,80,,,0,70,,2493,80,,,0,30,,2484,80,,,0,70,,2495,80,,,0,30,,2476,80,,,0,100,,2485,80,,,0,100,,2488,80,,,0,100,,2489,80,,,0,100,,2490,80,,,0,100,,2491,80,,,0,100,,2492,80,,,0
2000,'TM-H26-TM_GTFS-Week-end-02',656,,2506,80,,,0,100,,2507,80,,,0,100,,2508,80,,,0,100,,2497,80,,,0,100,,2498,80,,,0,100,,2499,80,,,0,100,,2500,80,,,0,100,,2501,80,,,0,100,,2502,80,,,0,100,,2503,80,,,0,100,,2504,80,,,0,100,,2505,80,,,0,100,,2509,80,,,0,100,,2510,80,,,0,100,,2511,80,,,0,100,,2512,80,,,0,100,,2513,80,,,0,100,,2514,80,,,0,100,,2515,80,,,0
2100,'TM-H26-TM_GTFS-Semaine-02',655,,2610,80,0,5,0,100,,2612,80,0,5,0,100,,2613,80,0,5,0
2101,'TM-H26-TM_GTFS-Semaine-02',1556,,2619,80,0,5,0,100,,2618,80,0,5,0,100,,2617,80,0,5,0
2700,'TM-H26-TM_GTFS-Semaine-02',720,,2726,80,,,0,100,,2721,80,,,0,706,,2724,80,,,0,100,,2725,80,,,0,100,,2723,80,,,0,100,,2722,80,,,0,100,,2727,80,,,0
