2500,'TM-H26-TM_GTFS-Fête-2-01',552,,1519,,,0,70,,1521,,,0,30,,1512,,,0,70,,1523,,,0,30,,1522,,,0,70,,1524,,,0,30,,1527,,,0,100,,1513,,,0,100,,1514,,,0,100,,1515,,,0,170,,1516,,,0,100,,1517,,,0,100,,1525,,,0,30,,1518,,,0,100,,1520,,,0,100,,1526,,,0
2500,'TM-H26-TM_GTFS-Semaine-01',552,,1535,,,0,70,,1537,,,0,30,,1528,,,0,70,,1539,,,0,30,,1538,,,0,70,,1540,,,0,30,,1543,,,0,100,,1529,,,0,100,,1530,,,0,100,,1531,,,0,170,,1532,,,0,100,,1533,,,0,100,,1541,,,0,30,,1534,,,0,100,,1536,,,0,100,,1542,,,0
2501,'TM-H26-TM_GTFS-Fête-2-01',708,,1544,4,,0,30,,1549,4,,0,101,,1551,4,,0,101,,1552,4,,0,70,,1553,4,,0,100,,1554,4,,0,100,,1555,4,,0,100,,1556,4,,0,134,,1557,4,,0,101,,1545,4,,0,67,,1558,4,,0,33,,1547,4,,0,67,,1546,4,,0,33,,1559,4,,0,69,,1548,4,,0,30,,1550,4,,0,66,,1560,4,,0
2501,'TM-H26-TM_GTFS-Semaine-01',708,,1561,4,,0,30,,1566,4,,0,101,,1568,4,,0,101,,1569,4,,0,70,,1570,4,,0,100,,1571,4,,0,100,,1572,4,,0,100,,1573,4,,0,134,,1574,4,,0,101,,1562,4,,0,67,,1575,4,,0,33,,1564,4,,0,67,,1563,4,,0,33,,1576,4,,0,69,,1565,4,,0,30,,1567,4,,0,66,,1577,4,,0
2002500,'TM-H26-TM_GTFS-Fête-1-01',652,,1915,,,0,100,,1916,,,0,100,,1917,,,0,100,,1918,,,0,100,,1919,,,0,100,,1920,,,0,100,,1921,,,0,100,,1922,,,0,100,,1923,,,0,100,,1924,,,0,100,,1925,,,0,100,,1926,,,0,100,,1927,,,0,100,,1928,,,0,100,,1929,,,0,100,,1930,,,0,100,,1931,,,0,100,,1914,,,0,100,,1913,,,0
2002500,'TM-H26-TM_GTFS-Fête-2-01',1852,,1932,,,0,100,,1933,,,0,100,,1934,,,0,100,,1935,,,0,100,,1936,,,0,100,,1937,,,0,100,,1938,,,0
2002500,'TM-H26-TM_GTFS-Semaine-01',1852,,1939,,,0,100,,1940,,,0,100,,1941,,,0,100,,1942,,,0,100,,1943,,,0,100,,1944,,,0,100,,1945,,,0
2002500,'TM-H26-TM_GTFS-Week-end-01',652,,1948,,,0,100,,1949,,,0,100,,1950,,,0,100,,1951,,,0,100,,1952,,,0,100,,1953,,,0,100,,1954,,,0,100,,1955,,,0,100,,1956,,,0,100,,1957,,,0,100,,1958,,,0,100,,1959,,,0,100,,1960,,,0,100,,1961,,,0,100,,1962,,,0,100,,1963,,,0,100,,1964,,,0,100,,1947,,,0,100,,1946,,,0
2002501,'TM-H26-TM_GTFS-Fête-1-01',745,,1983,4,,0,100,,1965,4,,0,100,,1967,4,,0,100,,1972,4,,0,100,,1971,4,,0,100,,1969,4,,0,100,,1968,4,,0,100,,1966,4,,0,100,,1970,4,,0,100,,1973,4,,0,100,,1974,4,,0,100,,1976,4,,0,100,,1977,4,,0,100,,1975,4,,0,100,,1982,4,,0,100,,1979,4,,0,100,,1978,4,,0,100,,1980,4,,0,100,,1981,4,,0
2002501,'TM-H26-TM_GTFS-Fête-2-01',1945,,1985,4,,0,100,,1986,4,,0,100,,1987,4,,0,100,,1988,4,,0,100,,1989,4,,0,100,,1990,4,,0,95,,1984,4,,0
2002501,'TM-H26-TM_GTFS-Semaine-01',1945,,1992,4,,0,100,,1993,4,,0,100,,1994,4,,0,100,,1995,4,,0,100,,1996,4,,0,100,,1997,4,,0,95,,1991,4,,0
2002501,'TM-H26-TM_GTFS-Week-end-01',745,,2016,4,,0,100,,1998,4,,0,100,,2000,4,,0,100,,2005,4,,0,100,,2004,4,,0,100,,2002,4,,0,100,,2001,4,,0,100,,1999,4,,0,100,,2003,4,,0,100,,2006,4,,0,100,,2007,4,,0,100,,2009,4,,0,100,,2010,4,,0,100,,2008,4,,0,100,,2015,4,,0,100,,2012,4,,0,100,,2011,4,,0,100,,2013,4,,0,100,,2014,4,,0
