200,'TM-H26-TM_GTFS-Fête-1-01',734,,1246,670,,,0,206,,1247,670,,,0,200,,1248,670,,,0,200,,1249,670,,,0,200,,1250,670,,,0,195,,1251,670,,,0,198,,1252,670,,,0,200,,1253,670,,,0,200,,1254,670,,,0
200,'TM-H26-TM_GTFS-Fête-2-02',606,,1257,480,,,0,27,,1274,650,,,0,72,,1268,650,,,0,30,,1275,650,,,0,74,,1269,650,,,0,30,,1276,650,,,0,70,,1270,650,,,0,130,,1264,650,,,0,200,,1265,650,,,0,200,,1266,650,,,0,100,,1263,650,,,0,105,,1272,650,,,0,70,,1271,650,,,0,30,,1273,650,,,0,70,,1267,650,,,0,96,,1256,650,,,0,130,,1262,650,,,0,93,,1259,650,,,0,99,,1258,650,,,0,100,,1260,650,,,0
200,'TM-H26-TM_GTFS-Semaine-02',606,,1278,480,,,0,27,,1295,650,,,0,72,,1289,650,,,0,30,,1296,650,,,0,74,,1290,650,,,0,30,,1297,650,,,0,70,,1291,650,,,0,130,,1285,650,,,0,200,,1286,650,,,0,200,,1287,650,0,8 7,0,100,,1284,650,,,0,105,,1293,650,,,0,70,,1292,650,,,0,30,,1294,650,,,0,70,,1288,650,,,0,96,,1277,650,,,0,130,,1283,650,,,0,93,,1280,650,,,0,99,,1279,650,,,0,100,,1281,650,,,0
200,'TM-H26-TM_GTFS-Week-end-02',734,,1298,670,,,0,206,,1299,670,,,0,200,,1300,670,,,0,200,,1301,670,,,0,200,,1302,670,,,0,195,,1303,670,,,0,198,,1304,670,,,0,200,,1305,670,,,0,200,,1306,670,,,0
1400,'TM-H26-TM_GTFS-Fête-1-01',644,,1700,400,,,0,100,,1705,400,,,0,99,,1703,400,,,0,100,,1717,400,,,0,100,,1712,400,,,0,100,,1710,400,,,0,99,,1713,400,,,0,100,,1711,400,,,0,100,,1714,400,,,0,100,,1718,400,,,0,100,,1715,400,,,0,100,,1719,400,,,0,100,,1716,400,,,0,100,,1702,400,,,0,100,,1706,400,,,0,100,,1709,400,,,0,100,,1707,400,,,0,101,,1704,400,,,0,100,,1708,400,,,0,100,,1701,400,,,0
1400,'TM-H26-TM_GTFS-Fête-2-02',535,,1735,400,,,0,72,,1728,400,,,0,31,,1736,400,,,0,72,,1741,400,,,0,28,,1729,400,,,0,70,,1737,400,,,0,30,,1727,400,,,0,70,,1730,400,,,0,30,,1738,400,,,0,72,,1731,400,,,0,100,,1742,400,,,0,100,,1744,400,,,0,100,,1743,400,,,0,100,,1720,400,,,0,100,,1725,400,,,0,100,,1721,400,,,0,30,,1739,400,,,0,70,,1726,400,,,0,30,,1722,400,,,0,70,,1745,400,,,0,30,,1732,400,,,0,70,,1723,400,,,0,102,,1746,400,,,0,101,,1724,400,,,0,100,,1733,400,,,0,99,,1740,400,,,0,101,,1734,400,,,0,99,,1747,400,,,0
1400,'TM-H26-TM_GTFS-Semaine-02',535,,1763,400,,,0,72,,1756,400,,,0,31,,1764,400,,,0,72,,1769,400,,,0,28,,1757,400,,,0,70,,1765,400,,,0,30,,1755,400,,,0,70,,1758,400,,,0,30,,1766,400,,,0,72,,1759,400,,,0,100,,1770,400,,,0,100,,1772,400,,,0,100,,1771,400,,,0,100,,1748,400,,,0,100,,1753,400,,,0,100,,1749,400,,,0,30,,1767,400,,,0,70,,1754,400,,,0,30,,1750,400,,,0,70,,1773,400,,,0,30,,1760,400,,,0,70,,1751,400,,,0,102,,1774,400,,,0,101,,1752,400,,,0,100,,1761,400,,,0,99,,1768,400,,,0,101,,1762,400,,,0,99,,1775,400,,,0
1400,'TM-H26-TM_GTFS-Week-end-02',644,,1776,400,,,0,100,,1781,400,,,0,99,,1779,400,,,0,100,,1793,400,,,0,100,,1788,400,,,0,100,,1786,400,,,0,99,,1789,400,,,0,100,,1787,400,,,0,100,,1790,400,,,0,100,,1794,400,,,0,100,,1791,400,,,0,100,,1795,400,,,0,100,,1792,400,,,0,100,,1778,400,,,0,100,,1782,400,,,0,100,,1785,400,,,0,100,,1783,400,,,0,101,,1780,400,,,0,100,,1784,400,,,0,100,,1777,400,,,0
1701,'TM-H26-TM_GTFS-Fête-1-01',635,,1982,610,,,0,101,,1973,610,,,0,100,,1964,610,,,0,100,,1974,610,,,0,101,,1965,610,,,0,100,,1975,610,,,0,100,,1966,610,,,0,100,,1976,610,,,0,100,,1967,610,,,0,100,,1977,610,,,0,99,,1968,610,,,0,99,,1978,610,,,0,100,,1969,610,,,0,100,,1979,610,,,0,99,,1970,610,,,0,100,,1980,610,,,0,99,,1971,610,,,0,100,,1981,610,,,0,100,,1972,610,,,0
1701,'TM-H26-TM_GTFS-Fête-2-02',535,,1986,610,,,0,103,,1995,610,,,0,94,,1987,610,,,0,104,,1996,610,,,0,100,,1988,610,,,0,99,,1997,610,,,0,100,,1989,610,,,0,100,,1998,610,,,0,100,,1990,610,,,0,100,,1999,610,,,0,101,,1991,610,,,0,100,,2000,610,,,0,103,,1992,610,,,0,96,,1983,610,,,0,95,,1993,610,,,0,100,,1984,610,,,0,100,,1994,610,,,0,100,,1985,610,,,0,100,,2001,610,,,0,100,,2002,610,,,0
1701,'TM-H26-TM_GTFS-Semaine-02',535,,2006,610,,,0,103,,2015,610,,,0,94,,2007,610,,,0,104,,2016,610,,,0,100,,2008,610,,,0,99,,2017,610,,,0,100,,2009,610,,,0,100,,2018,610,,,0,100,,2010,610,,,0,100,,2019,610,,,0,101,,2011,610,,,0,100,,2020,610,,,0,103,,2012,610,,,0,96,,2003,610,,,0,95,,2013,610,,,0,100,,2004,610,,,0,100,,2014,610,,,0,100,,2005,610,,,0,100,,2021,610,,,0,100,,2022,610,,,0
1701,'TM-H26-TM_GTFS-Week-end-02',635,,2041,610,,,0,101,,2032,610,,,0,100,,2023,610,,,0,100,,2033,610,,,0,101,,2024,610,,,0,100,,2034,610,,,0,100,,2025,610,,,0,100,,2035,610,,,0,100,,2026,610,,,0,100,,2036,610,,,0,99,,2027,610,,,0,99,,2037,610,,,0,100,,2028,610,,,0,100,,2038,610,,,0,99,,2029,610,,,0,100,,2039,610,,,0,99,,2030,610,,,0,100,,2040,610,,,0,100,,2031,610,,,0
2301,'TM-H26-TM_GTFS-Fête-2-02',806,,2643,180,,,0,102,,2646,180,,,0,396,,2648,180,,,0,200,,2647,180,,,0,204,,2644,180,,,0,133,,2645,180,,,0
2301,'TM-H26-TM_GTFS-Semaine-02',806,,2649,180,,,0,102,,2652,180,,,0,396,,2654,180,,,0,200,,2653,180,,,0,204,,2650,180,,,0,133,,2651,180,,,0
