300,'TM-H26-TM_GTFS-Semaine-02',537,,1338,490,,,0,99,,1339,610,,,0,70,,1355,610,,,0,31,,1349,610,,,0,70,,1354,610,,,0,32,,1348,610,,,0,100,,1343,610,,,0,200,,1344,610,,,0,200,,1345,610,,,0,171,,1347,610,,,0,105,,1346,610,,,0,99,,1352,610,,,0,28,,1351,610,,,0,66,,1353,610,,,0,30,,1350,610,,,0,95,,1337,610,,,0,167,,1340,610,,,0,100,,1341,610,,,0,227,,1342,610,,,0
300,'TM-H26-TM_GTFS-Week-end-02',630,,1356,500,,,0,201,,1357,620,,,0,208,,1358,620,,,0,200,,1359,620,,,0,200,,1360,620,,,0,196,,1361,620,,,0,197,,1362,620,,,0,199,,1363,620,,,0,200,,1364,620,,,0,198,,1365,620,,,0
400,'TM-H26-TM_GTFS-Semaine-02',1658,,1375,390,,,0,91,,1371,390,,,0,100,,1372,390,,,0,294,,1373,390,,,0,275,,1374,390,,,0
401,'TM-H26-TM_GTFS-Semaine-02',605,,1382,460,,,0,101,,1384,460,,,0,100,,1383,460,,,0,101,,1381,460,,,0,1031,,1385,460,,,0
800,'TM-H26-TM_GTFS-Semaine-02',602,,1443,190,,,0,101,,1438,190,,,0,100,,1434,190,,,0,100,,1435,190,,,0,100,,1441,190,,,0,100,,1442,190,,,0,100,,1432,190,,,0,100,,1433,190,,,0,100,,1439,190,,,0,100,,1444,190,,,0,100,,1440,190,,,0,100,,1436,190,,,0,99,,1437,190,,,0,100,,1445,190,,,0,100,,1446,190,,,0,100,,1447,190,,,0,100,,1448,190,,,0,100,,1449,190,,,0,100,,1450,190,,,0,99,,1451,190,0,16,0
800,'TM-H26-TM_GTFS-Week-end-02',702,,1453,190,,,0,100,,1454,190,,,0,100,,1455,190,,,0,100,,1456,190,,,0,100,,1457,190,,,0,100,,1458,190,,,0,100,,1459,190,,,0,100,,1460,190,,,0,100,,1461,190,,,0,100,,1462,190,,,0,100,,1463,190,,,0,100,,1464,190,,,0,100,,1465,190,,,0,100,,1466,190,,,0,100,,1467,190,,,0,100,,1468,190,,,0,100,,1469,190,,,0,100,,1470,190,,,0,99,,1471,190,0,16,0
1101,'TM-H26-TM_GTFS-Semaine-02',606,,1664,520,,,0,30,,1660,630,,,0,70,,1655,630,,,0,30,,1675,630,,,0,70,,1665,630,,,0,30,,1668,630,,,0,100,,1676,630,,,0,100,,1669,630,,,0,102,,1672,630,,,0,100,,1670,630,,,0,100,,1673,630,,,0,100,,1671,630,,,0,97,,1674,630,,,0,70,,1666,630,,,0,32,,1680,630,,,0,70,,1661,630,,,0,31,,1663,630,,,0,69,,1667,630,,,0,30,,1656,630,,,0,69,,1662,630,,,0,30,,1677,630,,,0,103,,1657,630,,,0,99,,1678,630,,,0,100,,1658,630,,,0,99,,1679,630,,,0,101,,1659,630,,,0
1101,'TM-H26-TM_GTFS-Week-end-02',637,,1691,630,,,0,100,,1681,630,,,0,100,,1692,630,,,0,101,,1682,630,,,0,101,,1683,630,,,0,100,,1693,630,,,0,100,,1684,630,,,0,100,,1694,630,,,0,100,,1685,630,,,0,100,,1695,630,,,0,100,,1686,630,,,0,100,,1696,630,,,0,99,,1687,630,,,0,98,,1697,630,,,0,100,,1688,630,,,0,99,,1698,630,,,0,100,,1689,630,,,0,100,,1699,630,,,0,100,,1690,630,,,0
2001,'TM-H26-TM_GTFS-Semaine-02',536,,2565,260,,,0,101,,2566,260,,,0,70,,2562,260,,,0,30,,2567,260,,,0,72,,2586,260,,,0,30,,2568,260,,,0,70,,2584,260,,,0,30,,2569,260,,,0,100,,2570,260,,,0,101,,2561,260,,,0,100,,2571,260,,,0,100,,2578,260,,,0,100,,2579,260,,,0,99,,2580,260,,,0,100,,2581,260,,,0,64,,2582,260,,,0,30,,2563,260,,,0,70,,2583,260,,,0,30,,2572,260,,,0,71,,2585,260,,,0,28,,2564,260,,,0,105,,2573,260,,,0,99,,2574,260,,,0,98,,2575,260,,,0,100,,2576,260,,,0,100,,2577,260,,,0
2001,'TM-H26-TM_GTFS-Week-end-02',635,,2593,260,,,0,101,,2594,260,,,0,101,,2595,260,,,0,100,,2596,260,,,0,101,,2587,260,,,0,101,,2588,260,,,0,100,,2597,260,,,0,101,,2598,260,,,0,100,,2599,260,,,0,99,,2589,260,,,0,100,,2590,260,,,0,99,,2591,260,,,0,98,,2592,260,,,0,100,,2600,260,,,0,100,,2601,260,,,0,100,,2602,260,,,0,99,,2603,260,,,0,100,,2604,260,,,0,100,,2605,260,,,0
2100,'TM-H26-TM_GTFS-Semaine-02',637,,2611,350,0,5,0,93,,2610,570,0,5,0,100,,2612,570,0,5,0,100,,2613,570,0,5,0
2101,'TM-H26-TM_GTFS-Semaine-02',1638,,2619,570,0,5,0,100,,2618,570,0,5,0,100,,2617,570,0,5,0
2701,'TM-H26-TM_GTFS-Semaine-02',601,,2728,220,,,0,58,,2731,220,,,0,100,,2732,220,,,0,100,,2733,310,,,0,770,,2729,310,,,0,103,,2730,310,,,0,100,,2734,310,,,0
