200,'TM-H26-TM_GTFS-Fête-1-01',718,,103,,,0,205,,104,,,0,200,,105,,,0,200,,106,,,0,200,,107,,,0,196,,108,,,0,199,,109,,,0,200,,110,,,0,200,,111,,,0,198,,112,0,14 1 15,0
200,'TM-H26-TM_GTFS-Fête-2-01',550,,114,,,0,67,,131,,,0,32,,125,,,0,70,,132,,,0,33,,126,,,0,70,,133,,,0,30,,127,,,0,170,,121,,,0,200,,122,,,0,200,,123,,,0,101,,120,,,0,104,,129,,,0,30,,128,,,0,70,,130,,,0,30,,124,,,0,96,,113,,,0,170,,119,,,0,94,,116,,,0,100,,115,,,0,100,,117,,,0,197,,118,0,14 1 15,0
200,'TM-H26-TM_GTFS-Semaine-01',550,,135,,,0,67,,152,,,0,32,,146,,,0,70,,153,,,0,33,,147,,,0,70,,154,,,0,30,,148,,,0,170,,142,,,0,200,,143,,,0,200,,144,0,8 5,0,101,,141,,,0,104,,150,,,0,30,,149,,,0,70,,151,,,0,30,,145,,,0,96,,134,,,0,170,,140,,,0,94,,137,,,0,100,,136,,,0,100,,138,,,0,197,,139,0,14 1 15,0
200,'TM-H26-TM_GTFS-Week-end-01',718,,155,,,0,205,,156,,,0,200,,157,,,0,200,,158,,,0,200,,159,,,0,196,,160,,,0,199,,161,,,0,200,,162,,,0,200,,163,,,0,198,,164,0,14 1 15,0
2100,'TM-H26-TM_GTFS-Fête-2-01',616,,1465,,,0,91,,1464,,,0,100,,1466,,,0,100,,1467,,,0
2100,'TM-H26-TM_GTFS-Semaine-01',616,,1472,,,0,91,,1471,,,0,100,,1473,,,0,100,,1474,,,0
41701,'TM-H26-TM_GTFS-Fête-2-01',1723,,1821,,,0,88,,1823,,,0,37,,1824,,,0,78,,1822,,,0
41701,'TM-H26-TM_GTFS-Semaine-01',1723,,1825,,,0,88,,1827,,,0,37,,1828,,,0,78,,1826,,,0
2000041701,'TM-H26-TM_GTFS-Fête-2-01',1329,,2188,,,0
2000041701,'TM-H26-TM_GTFS-Semaine-01',1329,,2189,,,0
