300,'TM-H26-TM_GTFS-Fête-1-01',612,,1308,220,,,0,199,,1309,340,,,0,206,,1310,340,,,0,200,,1311,340,,,0,200,,1312,340,,,0,198,,1313,340,,,0,198,,1314,340,,,0,199,,1315,340,,,0,200,,1316,340,,,0,199,,1317,340,,,0
300,'TM-H26-TM_GTFS-Fête-2-02',518,,1319,220,,,0,96,,1320,340,,,0,30,,1336,340,,,0,71,,1330,340,,,0,30,,1335,340,,,0,71,,1329,340,,,0,100,,1324,340,,,0,201,,1325,340,,,0,200,,1326,340,,,0,130,,1328,340,,,0,105,,1327,340,,,0,97,,1333,340,,,0,68,,1332,340,,,0,30,,1334,340,,,0,70,,1331,340,,,0,97,,1318,340,,,0,128,,1321,340,,,0,100,,1322,340,,,0,269,,1323,340,,,0
300,'TM-H26-TM_GTFS-Semaine-02',518,,1338,220,,,0,96,,1339,340,,,0,30,,1355,340,,,0,71,,1349,340,,,0,30,,1354,340,,,0,71,,1348,340,,,0,100,,1343,340,,,0,201,,1344,340,,,0,200,,1345,340,,,0,130,,1347,340,,,0,105,,1346,340,,,0,97,,1352,340,,,0,68,,1351,340,,,0,30,,1353,340,,,0,70,,1350,340,,,0,97,,1337,340,,,0,128,,1340,340,,,0,100,,1341,340,,,0,269,,1342,340,,,0
300,'TM-H26-TM_GTFS-Week-end-02',612,,1356,220,,,0,199,,1357,340,,,0,206,,1358,340,,,0,200,,1359,340,,,0,200,,1360,340,,,0,198,,1361,340,,,0,198,,1362,340,,,0,199,,1363,340,,,0,200,,1364,340,,,0,199,,1365,340,,,0
2001,'TM-H26-TM_GTFS-Fête-1-01',623,,2522,110,,,0,100,,2523,110,,,0,101,,2524,110,,,0,100,,2525,110,,,0,100,,2516,110,,,0,100,,2517,110,,,0,100,,2526,110,,,0,101,,2527,110,,,0,100,,2528,110,,,0,100,,2518,110,,,0,100,,2519,110,,,0,100,,2520,110,,,0,100,,2521,110,,,0,100,,2529,110,,,0,100,,2530,110,,,0,100,,2531,110,,,0,99,,2532,110,,,0,100,,2533,110,,,0,100,,2534,110,,,0
2001,'TM-H26-TM_GTFS-Fête-2-02',525,,2539,110,,,0,99,,2540,110,,,0,30,,2536,110,,,0,70,,2541,110,,,0,32,,2560,110,,,0,70,,2542,110,,,0,30,,2558,110,,,0,70,,2543,110,,,0,100,,2544,110,,,0,100,,2535,110,,,0,100,,2545,110,,,0,100,,2552,110,,,0,98,,2553,110,,,0,99,,2554,110,,,0,100,,2555,110,,,0,25,,2556,110,,,0,71,,2537,110,,,0,30,,2557,110,,,0,70,,2546,110,,,0,31,,2559,110,,,0,70,,2538,110,,,0,105,,2547,110,,,0,99,,2548,110,,,0,100,,2549,110,,,0,100,,2550,110,,,0,100,,2551,110,,,0
2001,'TM-H26-TM_GTFS-Semaine-02',525,,2565,110,,,0,99,,2566,110,,,0,30,,2562,110,,,0,70,,2567,110,,,0,32,,2586,110,,,0,70,,2568,110,,,0,30,,2584,110,,,0,70,,2569,110,,,0,100,,2570,110,,,0,100,,2561,110,,,0,100,,2571,110,,,0,100,,2578,110,,,0,98,,2579,110,,,0,99,,2580,110,,,0,100,,2581,110,,,0,25,,2582,110,,,0,71,,2563,110,,,0,30,,2583,110,,,0,70,,2572,110,,,0,31,,2585,110,,,0,70,,2564,110,,,0,105,,2573,110,,,0,99,,2574,110,,,0,100,,2575,110,,,0,100,,2576,110,,,0,100,,2577,110,,,0
2001,'TM-H26-TM_GTFS-Week-end-02',623,,2593,110,,,0,100,,2594,110,,,0,101,,2595,110,,,0,100,,2596,110,,,0,100,,2587,110,,,0,100,,2588,110,,,0,100,,2597,110,,,0,101,,2598,110,,,0,100,,2599,110,,,0,100,,2589,110,,,0,100,,2590,110,,,0,100,,2591,110,,,0,100,,2592,110,,,0,100,,2600,110,,,0,100,,2601,110,,,0,100,,2602,110,,,0,99,,2603,110,,,0,100,,2604,110,,,0,100,,2605,110,,,0
2101,'TM-H26-TM_GTFS-Fête-2-02',1624,,2616,430,0,16 1 5,0,101,,2615,430,0,16 1 5,0,100,,2614,430,0,16 1 5,0
2101,'TM-H26-TM_GTFS-Semaine-02',1624,,2619,430,0,16 1 5,0,101,,2618,430,0,16 1 5,0,100,,2617,430,0,16 1 5,0
2200,'TM-H26-TM_GTFS-Semaine-02',704,,2620,100,,,0,110,,2621,100,,,0,409,,2622,100,,,0
